
██████████████████████████████████████████████████████████████████████████████████████████████████████████████
  📅 天數組合: 5 日  →  輸出檔: s12_05.txt
██████████████████████████████████████████████████████████████████████████████████████████████████████████████

🔁 共執行 5 次，每次區間長度 5 個交易日

══════════════════════════════════════════════════════════════════════════════════════════════════════════════
  🔄 第  1/5 次  2026/09/22 ～ 2026/10/01
══════════════════════════════════════════════════════════════════════════════════════════════════════════════

==========================================================================================================================================================================
📊 累計漲跌停強度排名 (2026/09/22 ~ 2026/10/01)
==========================================================================================================================================================================
    實資排名        累計天數排名  代號        名稱                 累計漲停(元)       累計跌停(元)       強度%  (09/22)開盤      最高      最低      收盤    (10/01)開盤      最高      最低      收盤      賺賠    賺賠率
--------------------------------------------------------------------------------------------------------------------------------------------------------------------------
       1            46  3653      健策                 1205.00        120.00    34.49%   5985.00  6050.00  5780.00  5830.00     6720.00  6895.00  6665.00  6875.00  +1045.00   +17.92%
       2            49  8046      南電                  360.00          0.00    11.44%   1125.00  1165.00  1120.00  1165.00     1390.00  1450.00  1370.00  1420.00   +255.00   +21.89%
       3            43  3443      創意                 1025.00        740.00     9.06%   8370.00  8375.00  8370.00  8375.00     8040.00  8100.00  7730.00  7900.00   -475.00    -5.67%
       4            34  3533      嘉澤                  320.00         55.00     8.42%   1745.00  1745.00  1745.00  1745.00     1780.00  1865.00  1760.00  1855.00   +110.00    +6.30%
       5            20  3665      貿聯-KY               350.00         95.00     8.11%   2335.00  2345.00  2215.00  2245.00     2595.00  2625.00  2510.00  2555.00   +310.00   +13.81%
       6           117  3037      欣興                  215.00         20.00     6.20%   1120.00  1120.00  1105.00  1120.00     1195.00  1230.00  1170.00  1215.00    +95.00    +8.48%
       7            61  3189      景碩                  193.00          0.00     6.14%    875.00   909.00   875.00   909.00      976.00  1020.00   964.00  1010.00   +101.00   +11.11%
       8           105  2404      漢唐                  240.00         65.00     5.56%   1140.00  1175.00  1130.00  1140.00     1280.00  1315.00  1270.00  1305.00   +165.00   +14.47%
       9            65  3167      大量                  231.00         62.00     5.37%    815.00   868.00   812.00   864.00      908.00   975.00   908.00   975.00   +111.00   +12.85%
      10            87  7822      倍利科                 148.00          0.00     4.71%    853.00   880.00   845.00   865.00     1000.00  1020.00   979.00  1000.00   +135.00   +15.61%
      11            62  6533      晶心科                 115.50          0.00     3.67%    268.50   278.50   254.50   254.50      346.00   366.50   337.00   366.50   +112.00   +44.01%
      12            81  6526      達發                  142.00         37.00     3.34%    736.00   796.00   733.00   764.00      834.00   843.00   818.00   829.00    +65.00    +8.51%
      13           120  6957      裕慶-KY               101.50          0.00     3.23%    297.50   312.00   292.00   303.00      400.00   400.00   364.00   384.00    +81.00   +26.73%
      14            45  6672      騰輝電子-KY             100.50          0.00     3.20%    315.00   315.00   300.00   302.00      376.50   405.50   369.50   405.50   +103.50   +34.27%
      15           101  3661      世芯-KY               185.00         85.00     3.18%   3760.00  3950.00  3670.00  3715.00     3770.00  3820.00  3735.00  3765.00    +50.00    +1.35%
      16           129  6691      洋基工程                111.00         13.00     3.12%    641.00   649.00   634.00   635.00      727.00   748.00   719.00   733.00    +98.00   +15.43%
      17            47  6213      聯茂                   98.00          0.00     3.12%    545.00   574.00   539.00   543.00      623.00   643.00   611.00   642.00    +99.00   +18.23%
      18            44  3017      奇鋐                  275.00        180.00     3.02%   3500.00  3505.00  3385.00  3390.00     3435.00  3520.00  3300.00  3510.00   +120.00    +3.54%
      19            98  3563      牧德                  147.00         53.00     2.99%    667.00   715.00   667.00   711.00      820.00   825.00   750.00   754.00    +43.00    +6.05%
      20            54  6933      AMAX-KY              90.00          0.00     2.86%    326.00   330.50   317.00   318.50      370.00   404.50   369.50   394.50    +76.00   +23.86%
      21            99  6944      兆聯實業                 80.00          0.00     2.54%    719.00   735.00   715.00   722.00      776.00   807.00   776.00   800.00    +78.00   +10.80%
      22            70  2383      台光電                 245.00        165.00     2.54%   5100.00  5100.00  4855.00  4860.00     4950.00  4975.00  4855.00  4975.00   +115.00    +2.37%
      23            89  1560      中砂                   89.00         15.00     2.35%    935.00   960.00   929.00   950.00      963.00  1015.00   963.00  1000.00    +50.00    +5.26%
      24            42  7711      永擎                   70.00          0.00     2.23%    552.00   555.00   534.00   537.00      561.00   616.00   551.00   616.00    +79.00   +14.71%
      25           117  6196      帆宣                   88.00         21.00     2.13%    542.00   549.00   534.00   535.00      588.00   602.00   579.00   602.00    +67.00   +12.52%
      26            85  3026      禾伸堂                 103.00         37.00     2.10%    822.00   856.00   770.00   780.00      796.00   870.00   796.00   852.00    +72.00    +9.23%
      27            62  8996      高力                  225.00        165.00     1.91%   1520.00  1655.00  1490.00  1655.00     1515.00  1600.00  1470.00  1565.00    -90.00    -5.44%
      28            38  2368      金像電                 115.00         60.00     1.75%   1070.00  1075.00  1025.00  1040.00     1120.00  1125.00  1085.00  1095.00    +55.00    +5.29%
      29            40  2345      智邦                  200.00        145.00     1.75%   1900.00  1935.00  1865.00  1915.00     1795.00  1910.00  1785.00  1900.00    -15.00    -0.78%
      30            46  7795      長廣                   69.00         14.50     1.73%    495.00   517.00   488.00   505.00      490.50   536.00   483.00   536.00    +31.00    +6.14%
      31           114  3016      嘉晶                   52.00          0.00     1.65%    125.00   132.50   124.50   132.50      169.00   169.00   162.50   168.00    +35.50   +26.79%
      32            86  6139      亞翔                   62.00         21.00     1.30%    729.00   731.00   715.00   715.00      761.00   768.00   750.00   759.00    +44.00    +6.15%
      33            85  7799      禾榮科                  87.50         47.00     1.29%    522.00   534.00   503.00   508.00      555.00   574.00   544.00   555.00    +47.00    +9.25%
      34            91  6789      采鈺                   38.50          0.00     1.22%    464.00   484.00   464.00   468.50      496.50   505.00   482.00   489.00    +20.50    +4.38%
      35            62  2327      國巨*                  68.00         32.00     1.14%    578.00   588.00   566.00   571.00      560.00   602.00   560.00   602.00    +31.00    +5.43%
      36            54  6414      樺漢                   34.50          0.00     1.10%    380.00   380.00   376.00   376.00      392.50   405.00   388.00   402.50    +26.50    +7.05%
      37            81  3711      日月光投控                46.00         12.00     1.08%    691.00   711.00   690.00   693.00      700.00   710.00   693.00   710.00    +17.00    +2.45%
      38            44  8028      昇陽半導體                31.00          0.00     0.99%    262.00   274.00   257.00   263.50      277.00   281.00   275.50   280.00    +16.50    +6.26%
      39           105  2308      台達電                 105.00         75.00     0.95%   1965.00  1965.00  1900.00  1900.00     1925.00  1935.00  1860.00  1905.00     +5.00    +0.26%
      40            55  8039      台虹                   42.00         12.00     0.95%    270.00   277.00   261.50   262.50      297.00   297.50   285.00   288.50    +26.00    +9.90%
==========================================================================================================================================================================
✅ 共 40 筆


══════════════════════════════════════════════════════════════════════════════════════════════════════════════
  🔄 第  2/5 次  2026/09/21 ～ 2026/09/30
══════════════════════════════════════════════════════════════════════════════════════════════════════════════

==========================================================================================================================================================================
📊 累計漲跌停強度排名 (2026/09/21 ~ 2026/09/30)
==========================================================================================================================================================================
    實資排名        累計天數排名  代號        名稱                 累計漲停(元)       累計跌停(元)       強度%  (09/21)開盤      最高      最低      收盤    (09/30)開盤      最高      最低      收盤      賺賠    賺賠率
--------------------------------------------------------------------------------------------------------------------------------------------------------------------------
       1            43  3653      健策                 1395.00        120.00    42.64%   5765.00  5890.00  5700.00  5790.00     6980.00  7080.00  6720.00  6800.00  +1010.00   +17.44%
       2            41  3443      創意                 1490.00        600.00    29.77%   7395.00  7755.00  7030.00  7615.00     8090.00  8110.00  7860.00  8040.00   +425.00    +5.58%
       3            20  3665      貿聯-KY               440.00         55.00    12.88%   2225.00  2320.00  2190.00  2300.00     2500.00  2685.00  2485.00  2595.00   +295.00   +12.83%
       4            49  8046      南電                  280.00         40.00     8.03%   1110.00  1150.00  1050.00  1060.00     1285.00  1340.00  1250.00  1340.00   +280.00   +26.42%
       5            47  2454      聯發科                 580.00        375.00     6.86%   4800.00  5035.00  4780.00  5010.00     5010.00  5100.00  4920.00  4920.00    -90.00    -1.80%
       6            84  3661      世芯-KY               285.00         85.00     6.69%   3700.00  3700.00  3580.00  3665.00     3745.00  3810.00  3730.00  3740.00    +75.00    +2.05%
       7           112  3037      欣興                  214.00         20.00     6.49%    999.00  1055.00   999.00  1020.00     1175.00  1190.00  1155.00  1175.00   +155.00   +15.20%
       8            30  3533      嘉澤                  235.00         55.00     6.02%   1600.00  1615.00  1570.00  1590.00     1730.00  1785.00  1705.00  1770.00   +180.00   +11.32%
       9            63  8996      高力                  300.00        125.00     5.85%   1430.00  1520.00  1405.00  1505.00     1600.00  1665.00  1565.00  1605.00   +100.00    +6.64%
      10            71  2404      漢唐                  225.00         65.00     5.35%   1125.00  1160.00  1090.00  1130.00     1230.00  1300.00  1230.00  1290.00   +160.00   +14.16%
      11            62  6805      富世達                 305.00        145.00     5.35%   2325.00  2445.00  2300.00  2415.00     2580.00  2720.00  2440.00  2455.00    +40.00    +1.66%
      12            77  2308      台達電                 230.00         75.00     5.18%   1750.00  1885.00  1740.00  1875.00     1885.00  1930.00  1870.00  1890.00    +15.00    +0.80%
      13            44  3189      景碩                  153.00          0.00     5.12%    849.00   878.00   824.00   827.00      961.00   972.00   937.00   970.00   +143.00   +17.29%
      14            77  6526      達發                  175.00         26.00     4.98%    700.00   734.00   688.00   724.00      830.00   855.00   819.00   840.00   +116.00   +16.02%
      15            87  7822      倍利科                 148.00          0.00     4.95%    850.00   851.00   836.00   850.00      998.00  1025.00   989.00   998.00   +148.00   +17.41%
      16           115  3563      牧德                  147.00         11.00     4.55%    677.00   677.00   660.00   660.00      811.00   825.00   784.00   807.00   +147.00   +22.27%
      17            30  6213      聯茂                  116.00          0.00     3.88%    515.00   542.00   510.00   542.00      624.00   649.00   622.00   623.00    +81.00   +14.94%
      18            99  6957      裕慶-KY               108.00          0.00     3.61%    274.50   295.00   272.50   290.00      365.00   371.00   356.00   371.00    +81.00   +27.93%
      19            42  2368      金像電                 140.00         35.00     3.51%   1020.00  1050.00  1000.00  1045.00     1115.00  1160.00  1070.00  1120.00    +75.00    +7.18%
      20            42  6533      晶心科                  82.50          0.00     2.76%    269.00   270.50   260.00   263.50      316.00   333.50   301.00   333.50    +70.00   +26.57%
      21           108  6691      洋基工程                 97.00         31.00     2.21%    650.00   650.00   631.00   632.00      666.00   719.00   665.00   719.00    +87.00   +13.77%
      22            61  6861      睿生光電                 66.00          0.00     2.21%    235.00   252.00   234.00   246.00      294.00   313.50   294.00   313.50    +67.50   +27.44%
      23            26  6672      騰輝電子-KY              64.00          0.00     2.14%    306.50   316.00   304.00   310.00      337.50   369.00   335.50   369.00    +59.00   +19.03%
      24            96  3711      日月光投控                71.00         12.00     1.97%    655.00   674.00   655.00   663.00      716.00   723.00   703.00   703.00    +40.00    +6.03%
      25            91  1560      中砂                   70.00         15.00     1.84%    903.00   916.00   861.00   914.00      958.00   971.00   953.00   963.00    +49.00    +5.36%
      26            75  6944      兆聯實業                 55.00          0.00     1.84%    708.00   724.00   705.00   712.00      780.00   795.00   774.00   775.00    +63.00    +8.85%
      27            70  3167      大量                  143.00         90.00     1.77%    834.00   836.00   805.00   806.00      902.00   906.00   879.00   887.00    +81.00   +10.05%
      28           114  3016      嘉晶                   52.00          0.00     1.74%    118.00   123.00   115.50   120.50      170.00   172.50   165.00   169.00    +48.50   +40.25%
      29            87  6196      帆宣                   71.00         21.00     1.67%    549.00   549.00   532.00   535.00      552.00   588.00   551.00   585.00    +50.00    +9.35%
      30            74  7799      禾榮科                  89.50         47.00     1.42%    507.00   524.00   489.00   522.00      509.00   539.00   503.00   539.00    +17.00    +3.26%
      31            39  6933      AMAX-KY              66.50         24.50     1.40%    345.00   348.00   316.00   317.50      380.50   392.00   371.00   371.00    +53.50   +16.85%
      32            39  8039      台虹                   42.00          0.00     1.40%    270.00   272.00   262.50   265.00      279.50   300.50   277.50   300.50    +35.50   +13.40%
      33            55  2383      台光電                 205.00        165.00     1.34%   4900.00  4945.00  4795.00  4895.00     4990.00  5030.00  4935.00  4935.00    +40.00    +0.82%
      34            91  6789      采鈺                   38.50          0.00     1.29%    467.00   467.00   455.00   458.50      485.50   503.00   480.00   494.00    +35.50    +7.74%
      35            44  2395      研華                   37.00          0.00     1.24%    688.00   712.00   688.00   706.00      731.00   746.00   726.00   726.00    +20.00    +2.83%
      36            47  3055      蔚華科                  35.50          0.00     1.19%    168.00   188.00   167.00   188.00      201.00   211.00   195.00   209.50    +21.50   +11.44%
      37           109  6446      藥華藥                  85.00         50.00     1.17%   1185.00  1190.00  1150.00  1150.00     1210.00  1240.00  1200.00  1215.00    +65.00    +5.65%
      38            44  8028      昇陽半導體                31.00          0.00     1.04%    262.00   268.00   254.50   257.50      292.00   292.00   281.00   282.50    +25.00    +9.71%
      39            86  7749      意騰-KY                39.00          9.50     0.99%    361.00   380.00   360.50   377.50      391.00   397.00   388.50   391.00    +13.50    +3.58%
      40            57  3532      台勝科                  27.50          0.00     0.92%    450.50   452.00   432.50   440.00      459.50   488.50   453.00   471.00    +31.00    +7.05%
==========================================================================================================================================================================
✅ 共 40 筆


══════════════════════════════════════════════════════════════════════════════════════════════════════════════
  🔄 第  3/5 次  2026/09/18 ～ 2026/09/29
══════════════════════════════════════════════════════════════════════════════════════════════════════════════

==========================================================================================================================================================================
📊 累計漲跌停強度排名 (2026/09/18 ~ 2026/09/29)
==========================================================================================================================================================================
    實資排名        累計天數排名  代號        名稱                 累計漲停(元)       累計跌停(元)       強度%  (09/18)開盤      最高      最低      收盤    (09/29)開盤      最高      最低      收盤      賺賠    賺賠率
--------------------------------------------------------------------------------------------------------------------------------------------------------------------------
       1            56  3653      健策                 1565.00         25.00    19.61%   5520.00  5650.00  5415.00  5525.00     7000.00  7160.00  6850.00  6895.00  +1370.00   +24.80%
       2            39  3443      創意                 2025.00        600.00    18.15%   6600.00  7150.00  6510.00  7150.00     8410.00  8415.00  7925.00  7925.00   +775.00   +10.84%
       3            29  3665      貿聯-KY               490.00         55.00     5.54%   2060.00  2210.00  2045.00  2210.00     2385.00  2465.00  2375.00  2445.00   +235.00   +10.63%
       4            66  6805      富世達                 510.00         85.00     5.41%   2195.00  2295.00  2155.00  2295.00     2455.00  2550.00  2420.00  2515.00   +220.00    +9.59%
       5            17  2454      聯發科                 780.00        375.00     5.16%   4600.00  4735.00  4545.00  4710.00     5150.00  5195.00  4890.00  4910.00   +200.00    +4.25%
       6            81  3661      世芯-KY               475.00         85.00     4.97%   3390.00  3540.00  3380.00  3540.00     3750.00  3795.00  3675.00  3685.00   +145.00    +4.10%
       7            55  8996      高力                  410.00        125.00     3.63%   1350.00  1430.00  1330.00  1430.00     1505.00  1625.00  1480.00  1585.00   +155.00   +10.84%
       8           100  3037      欣興                  245.00         20.00     2.87%    973.00   990.00   971.00   981.00     1170.00  1185.00  1130.00  1165.00   +184.00   +18.76%
       9            39  2383      台光電                 385.00        165.00     2.80%   4910.00  5000.00  4810.00  4890.00     4910.00  5055.00  4870.00  4920.00    +30.00    +0.61%
      10            49  3017      奇鋐                  410.00        195.00     2.74%   3345.00  3450.00  3290.00  3430.00     3420.00  3460.00  3285.00  3400.00    -30.00    -0.87%
      11            77  8046      南電                  245.00         40.00     2.61%   1105.00  1120.00  1065.00  1100.00     1210.00  1280.00  1200.00  1270.00   +170.00   +15.45%
      12            83  2404      漢唐                  250.00         65.00     2.36%   1040.00  1130.00  1040.00  1125.00     1250.00  1255.00  1180.00  1220.00    +95.00    +8.44%
      13            78  6526      達發                  211.00         26.00     2.36%    643.00   691.00   640.00   691.00      825.00   833.00   800.00   814.00   +123.00   +17.80%
      14            60  2368      金像電                 210.00         35.00     2.23%    978.00  1020.00   969.00  1020.00     1100.00  1125.00  1070.00  1120.00   +100.00    +9.80%
      15            51  3189      景碩                  165.00          0.00     2.10%    828.00   850.00   815.00   832.00      960.00   969.00   939.00   955.00   +123.00   +14.78%
      16            92  2308      台達電                 225.00         75.00     1.91%   1730.00  1750.00  1715.00  1735.00     1880.00  1950.00  1810.00  1835.00   +100.00    +5.76%
      17            58  3533      嘉澤                  205.00         55.00     1.91%   1580.00  1615.00  1560.00  1585.00     1680.00  1765.00  1680.00  1710.00   +125.00    +7.89%
      18           108  1560      中砂                  151.00         15.00     1.73%    855.00   896.00   813.00   896.00      960.00   977.00   955.00   956.00    +60.00    +6.70%
      19           152  3563      牧德                  146.00         11.00     1.72%    675.00   676.00   665.00   671.00      773.00   815.00   773.00   794.00   +123.00   +18.33%
      20            66  7822      倍利科                 126.00          0.00     1.60%    856.00   861.00   839.00   850.00      930.00   986.00   925.00   976.00   +126.00   +14.82%
      21           115  6213      聯茂                  126.00          0.00     1.60%    503.00   525.00   501.00   505.00      620.00   628.00   588.00   620.00   +115.00   +22.77%
      22            47  2360      致茂                  355.00        255.00     1.27%   2135.00  2290.00  2135.00  2290.00     2255.00  2325.00  2160.00  2185.00   -105.00    -4.59%
      23           111  3167      大量                  160.00         74.00     1.10%    833.00   855.00   810.00   834.00      936.00   946.00   895.00   903.00    +69.00    +8.27%
      24           121  6944      兆聯實業                 77.00          0.00     0.98%    690.00   715.00   689.00   708.00      763.00   795.00   760.00   776.00    +68.00    +9.60%
      25            85  6957      裕慶-KY                74.50          0.00     0.95%    274.50   279.00   267.50   270.50      334.50   337.50   307.50   337.50    +67.00   +24.77%
      26            76  6533      晶心科                  71.50          0.00     0.91%    255.00   276.00   250.00   270.50      272.50   303.50   268.00   303.50    +33.00   +12.20%
      27           111  3711      日月光投控                79.00         12.00     0.85%    631.00   643.00   627.00   638.00      685.00   693.00   678.00   687.00    +49.00    +7.68%
      28            92  6861      睿生光電                 58.00          0.00     0.74%    216.00   229.50   216.00   229.50      271.00   288.00   270.50   285.00    +55.50   +24.18%
      29           138  7750      新代                   80.00         25.00     0.70%   1935.00  1970.00  1915.00  1950.00     1960.00  1980.00  1940.00  1960.00    +10.00    +0.51%
      30           114  3016      嘉晶                   52.00          0.00     0.66%    116.50   119.00   115.00   116.50      165.00   176.00   161.50   172.50    +56.00   +48.07%
      31            80  2330      台積電                  95.00         45.00     0.64%   2460.00  2460.00  2435.00  2460.00     2475.00  2495.00  2475.00  2475.00    +15.00    +0.61%
      32           101  7768      頌勝科技                 49.50          0.00     0.63%    266.50   286.00   264.00   286.00      304.50   307.50   297.00   304.00    +18.00    +6.29%
      33           103  6789      采鈺                   49.00          0.00     0.62%    447.00   462.50   437.00   459.50      465.00   482.00   463.00   478.50    +19.00    +4.13%
      34           130  3055      蔚華科                  45.50          0.00     0.58%    166.00   173.50   163.50   171.00      196.00   207.50   191.50   203.50    +32.50   +19.01%
      35           106  8028      昇陽半導體                44.00          0.00     0.56%    250.00   258.00   242.50   257.00      270.50   295.50   269.50   289.00    +32.00   +12.45%
      36           107  3026      禾伸堂                  79.00         37.00     0.53%    791.00   811.00   766.00   797.00      804.00   804.00   785.00   796.00     -1.00    -0.13%
      37            39  6933      AMAX-KY              66.50         24.50     0.53%    355.00   360.50   332.00   342.00      385.50   395.00   375.50   378.00    +36.00   +10.53%
      38            77  6715      嘉基                   57.50         16.50     0.52%    398.00   433.00   394.00   433.00      460.00   468.50   442.00   452.00    +19.00    +4.39%
      39           129  6691      洋基工程                 72.00         31.00     0.52%    619.00   650.00   617.00   650.00      657.00   665.00   645.00   654.00     +4.00    +0.62%
      40            48  6830      汎銓                   51.00         10.00     0.52%    523.00   563.00   516.00   563.00      539.00   548.00   532.00   533.00    -30.00    -5.33%
==========================================================================================================================================================================
✅ 共 40 筆


══════════════════════════════════════════════════════════════════════════════════════════════════════════════
  🔄 第  4/5 次  2026/09/17 ～ 2026/09/24
══════════════════════════════════════════════════════════════════════════════════════════════════════════════

==========================================================================================================================================================================
📊 累計漲跌停強度排名 (2026/09/17 ~ 2026/09/24)
==========================================================================================================================================================================
    實資排名        累計天數排名  代號        名稱                 累計漲停(元)       累計跌停(元)       強度%  (09/17)開盤      最高      最低      收盤    (09/24)開盤      最高      最低      收盤      賺賠    賺賠率
--------------------------------------------------------------------------------------------------------------------------------------------------------------------------
       1            39  3443      創意                 2355.00          0.00    22.74%   6315.00  6610.00  6205.00  6500.00     8300.00  8545.00  8205.00  8525.00  +2025.00   +31.15%
       2            38  3653      健策                 1680.00          0.00    16.22%   5400.00  5605.00  5320.00  5355.00     6560.00  6920.00  6215.00  6920.00  +1565.00   +29.23%
       3            26  2454      聯發科                 780.00         30.00     7.24%   4565.00  4700.00  4500.00  4500.00     5105.00  5360.00  5105.00  5285.00   +785.00   +17.44%
       4            41  6805      富世達                 555.00         70.00     4.68%   2095.00  2200.00  2080.00  2090.00     2570.00  2615.00  2505.00  2530.00   +440.00   +21.05%
       5            76  3661      世芯-KY               475.00         50.00     4.10%   3365.00  3430.00  3260.00  3295.00     3730.00  3785.00  3715.00  3770.00   +475.00   +14.42%
       6            74  3017      奇鋐                  420.00         40.00     3.67%   3285.00  3350.00  3175.00  3185.00     3460.00  3600.00  3455.00  3555.00   +370.00   +11.62%
       7            50  3665      貿聯-KY               400.00         55.00     3.33%   2035.00  2085.00  1985.00  2010.00     2410.00  2470.00  2285.00  2340.00   +330.00   +16.42%
       8            20  2059      川湖                  755.00        450.00     2.95%  12400.00 12730.00 12215.00 12295.00    12400.00 12640.00 12185.00 12350.00    +55.00    +0.45%
       9            69  2404      漢唐                  250.00          0.00     2.41%   1040.00  1055.00  1025.00  1030.00     1255.00  1285.00  1205.00  1285.00   +255.00   +24.76%
      10            52  8996      高力                  355.00        125.00     2.22%   1330.00  1360.00  1285.00  1300.00     1555.00  1560.00  1480.00  1530.00   +230.00   +17.69%
      11            81  1560      中砂                  225.00          0.00     2.17%    750.00   815.00   750.00   815.00      950.00   975.00   945.00   971.00   +156.00   +19.14%
      12            91  3037      欣興                  245.00         21.00     2.16%    979.00   993.00   940.00   940.00     1155.00  1190.00  1145.00  1185.00   +245.00   +26.06%
      13            58  6526      達發                  211.00          0.00     2.04%    639.00   649.00   629.00   629.00      845.00   862.00   818.00   840.00   +211.00   +33.55%
      14            39  2360      致茂                  355.00        145.00     2.03%   2115.00  2160.00  2085.00  2085.00     2285.00  2345.00  2270.00  2295.00   +210.00   +10.07%
      15            93  2308      台達電                 225.00         25.00     1.93%   1730.00  1745.00  1685.00  1685.00     1875.00  1935.00  1875.00  1910.00   +225.00   +13.35%
      16            52  3533      嘉澤                  230.00         55.00     1.69%   1520.00  1620.00  1520.00  1555.00     1660.00  1735.00  1660.00  1690.00   +135.00    +8.68%
      17            71  3189      景碩                  165.00         15.00     1.45%    825.00   835.00   785.00   805.00      938.00   996.00   929.00   962.00   +157.00   +19.50%
      18            81  8046      南電                  215.00         80.00     1.30%   1120.00  1130.00  1060.00  1065.00     1210.00  1270.00  1190.00  1240.00   +175.00   +16.43%
      19            95  3167      大量                  160.00         28.00     1.27%    830.00   843.00   795.00   817.00      889.00   968.00   871.00   949.00   +132.00   +16.16%
      20           162  3563      牧德                  138.00         11.00     1.23%    651.00   676.00   649.00   659.00      760.00   777.00   739.00   769.00   +110.00   +16.69%
      21            49  2368      金像電                 195.00         77.00     1.14%   1035.00  1085.00   950.00   950.00     1135.00  1150.00  1075.00  1105.00   +155.00   +16.32%
      22            75  7822      倍利科                 110.00          0.00     1.06%    821.00   866.00   821.00   850.00      879.00   926.00   878.00   920.00    +70.00    +8.24%
      23            86  2330      台積電                 140.00         45.00     0.92%   2405.00  2445.00  2400.00  2425.00     2480.00  2490.00  2470.00  2475.00    +50.00    +2.06%
      24            61  7610      聯友金屬-創              230.00        135.00     0.92%   1715.00  1810.00  1705.00  1770.00     1825.00  1855.00  1775.00  1830.00    +60.00    +3.39%
      25            74  3711      日月光投控                79.00          0.00     0.76%    615.00   628.00   612.00   614.00      685.00   699.00   680.00   699.00    +85.00   +13.84%
      26            52  6933      AMAX-KY              97.50         24.50     0.70%    324.00   345.50   316.50   345.50      367.50   385.00   355.00   385.00    +39.50   +11.43%
      27            82  6533      晶心科                  66.50          0.00     0.64%    232.00   251.50   232.00   251.50      251.00   276.00   250.00   276.00    +24.50    +9.74%
      28            98  7750      新代                   80.00         15.00     0.63%   1895.00  1945.00  1875.00  1900.00     1935.00  2015.00  1920.00  1970.00    +70.00    +3.68%
      29           121  6426      統新                   79.00         18.00     0.59%    357.50   363.00   356.00   363.00      412.00   412.00   380.00   389.00    +26.00    +7.16%
      30           104  6944      兆聯實業                 61.00          0.00     0.59%    693.00   697.00   685.00   686.00      730.00   762.00   730.00   760.00    +74.00   +10.79%
      31           101  6957      裕慶-KY                59.50          0.00     0.57%    260.00   280.50   260.00   274.00      298.50   307.00   287.00   307.00    +33.00   +12.04%
      32            47  6715      嘉基                   57.50          0.00     0.56%    406.00   432.00   391.50   394.00      462.50   472.50   459.00   468.50    +74.50   +18.91%
      33            93  6691      洋基工程                 72.00         18.00     0.52%    622.00   627.00   610.00   610.00      639.00   668.00   636.00   667.00    +57.00    +9.34%
      34            95  6196      帆宣                   54.00          0.00     0.52%    524.00   535.00   516.00   516.00      547.00   566.00   541.00   565.00    +49.00    +9.50%
      35            65  2345      智邦                  130.00         80.00     0.48%   1865.00  1885.00  1790.00  1800.00     1880.00  1905.00  1855.00  1895.00    +95.00    +5.28%
      36           101  7768      頌勝科技                 49.50          0.00     0.48%    262.00   265.00   261.00   262.50      292.00   312.00   292.00   304.50    +42.00   +16.00%
      37           117  6139      亞翔                   75.00         26.00     0.47%    711.00   722.00   696.00   696.00      733.00   755.00   725.00   753.00    +57.00    +8.19%
      38            34  4770      上品                   46.50          0.00     0.45%    223.50   242.50   223.50   242.00      285.00   290.00   272.00   281.50    +39.50   +16.32%
      39           110  6213      聯茂                  101.00         55.00     0.44%    548.00   548.00   495.00   495.00      595.00   595.00   592.00   595.00   +100.00   +20.20%
      40           130  3055      蔚華科                  45.50          0.00     0.44%    168.00   169.50   160.50   161.00      201.50   208.00   195.50   199.00    +38.00   +23.60%
==========================================================================================================================================================================
✅ 共 40 筆


══════════════════════════════════════════════════════════════════════════════════════════════════════════════
  🔄 第  5/5 次  2026/09/16 ～ 2026/09/23
══════════════════════════════════════════════════════════════════════════════════════════════════════════════

==========================================================================================================================================================================
📊 累計漲跌停強度排名 (2026/09/16 ~ 2026/09/23)
==========================================================================================================================================================================
    實資排名        累計天數排名  代號        名稱                 累計漲停(元)       累計跌停(元)       強度%  (09/16)開盤      最高      最低      收盤    (09/23)開盤      最高      最低      收盤      賺賠    賺賠率
--------------------------------------------------------------------------------------------------------------------------------------------------------------------------
       1            40  3443      創意                 2350.00          0.00    20.77%   6070.00  6295.00  6050.00  6170.00     8325.00  8540.00  8200.00  8385.00  +2215.00   +35.90%
       2            40  3653      健策                 1170.00         70.00     9.72%   5320.00  5540.00  5210.00  5240.00     6005.00  6410.00  5930.00  6410.00  +1170.00   +22.33%
       3            28  2454      聯發科                 780.00         30.00     6.63%   4435.00  4625.00  4435.00  4530.00     5220.00  5265.00  5140.00  5185.00   +655.00   +14.46%
       4            17  2059      川湖                 1085.00        410.00     5.97%  12040.00 12445.00 11800.00 12045.00    12670.00 12725.00 12320.00 12390.00   +345.00    +2.86%
       5            66  6805      富世達                 575.00          0.00     5.08%   2035.00  2070.00  2010.00  2045.00     2490.00  2750.00  2475.00  2600.00   +555.00   +27.14%
       6            52  3661      世芯-KY               465.00         60.00     3.58%   3385.00  3400.00  3310.00  3345.00     3790.00  3845.00  3715.00  3760.00   +415.00   +12.41%
       7            86  3665      貿聯-KY               415.00         55.00     3.18%   1980.00  2030.00  1935.00  1995.00     2290.00  2340.00  2240.00  2340.00   +345.00   +17.29%
       8            80  3017      奇鋐                  395.00         40.00     3.14%   3115.00  3225.00  3100.00  3175.00     3425.00  3590.00  3410.00  3470.00   +295.00    +9.29%
       9            42  8996      高力                  435.00        115.00     2.83%   1230.00  1300.00  1230.00  1300.00     1640.00  1640.00  1515.00  1540.00   +240.00   +18.46%
      10            81  2360      致茂                  365.00        115.00     2.21%   2090.00  2130.00  2070.00  2090.00     2445.00  2470.00  2305.00  2325.00   +235.00   +11.24%
      11            77  2308      台達電                 255.00         25.00     2.03%   1680.00  1730.00  1655.00  1710.00     1910.00  1920.00  1890.00  1900.00   +190.00   +11.11%
      12            58  2404      漢唐                  215.00          0.00     1.90%   1040.00  1060.00  1030.00  1035.00     1160.00  1250.00  1140.00  1250.00   +215.00   +20.77%
      13            58  6526      達發                  211.00          0.00     1.87%    627.00   637.00   625.00   629.00      777.00   840.00   761.00   840.00   +211.00   +33.55%
      14            58  1560      中砂                  209.00          0.00     1.85%    740.00   754.00   739.00   741.00      955.00   992.00   947.00   955.00   +214.00   +28.88%
      15           125  3037      欣興                  230.00         21.00     1.85%    961.00   971.00   940.00   961.00     1120.00  1200.00  1115.00  1160.00   +199.00   +20.71%
      16            71  2368      金像電                 215.00         42.00     1.53%    986.00  1010.00   966.00   992.00     1085.00  1140.00  1030.00  1140.00   +148.00   +14.92%
      17            69  7610      聯友金屬-創              305.00        135.00     1.50%   1685.00  1810.00  1630.00  1730.00     1905.00  1905.00  1825.00  1825.00    +95.00    +5.49%
      18            60  3533      嘉澤                  230.00         65.00     1.46%   1520.00  1535.00  1495.00  1510.00     1755.00  1760.00  1660.00  1690.00   +180.00   +11.92%
      19            14  3008      大立光                 580.00        450.00     1.15%   6160.00  6415.00  6150.00  6225.00     6440.00  6470.00  6140.00  6190.00    -35.00    -0.56%
      20            95  8046      南電                  205.00         80.00     1.10%   1095.00  1115.00  1060.00  1105.00     1185.00  1225.00  1150.00  1210.00   +105.00    +9.50%
      21            78  2330      台積電                 140.00         20.00     1.06%   2375.00  2395.00  2375.00  2380.00     2475.00  2505.00  2475.00  2500.00   +120.00    +5.04%
      22            90  3189      景碩                  134.00         15.00     1.05%    810.00   832.00   792.00   820.00      905.00   922.00   881.00   906.00    +86.00   +10.49%
      23            82  7799      禾榮科                 127.50         14.00     1.00%    430.00   457.00   424.00   457.00      508.00   558.00   508.00   531.00    +74.00   +16.19%
      24           138  3563      牧德                  122.00         11.00     0.98%    648.00   653.00   640.00   642.00      720.00   774.00   715.00   753.00   +111.00   +17.29%
      25           109  3167      大量                  133.00         28.00     0.93%    810.00   832.00   805.00   824.00      873.00   903.00   860.00   890.00    +66.00    +8.01%
      26            74  5269      祥碩                  120.00         20.00     0.88%   1375.00  1480.00  1365.00  1475.00     1490.00  1495.00  1465.00  1480.00     +5.00    +0.34%
      27            90  6531      愛普*                 160.00         63.00     0.86%    905.00   950.00   898.00   949.00      940.00   999.00   940.00   987.00    +38.00    +4.00%
      28            64  6715      嘉基                   93.00          0.00     0.82%    354.00   393.00   339.50   393.00      451.00   479.50   440.50   459.50    +66.50   +16.92%
      29           113  3711      日月光投控                92.00          0.00     0.81%    599.00   610.00   597.00   605.00      710.00   711.00   689.00   693.00    +88.00   +14.55%
      30           142  6426      統新                  109.00         18.00     0.80%    303.00   330.00   303.00   330.00      359.00   391.50   357.00   391.50    +61.50   +18.64%
      31           121  7822      倍利科                  83.00          0.00     0.73%    800.00   824.00   800.00   810.00      888.00   892.00   866.00   883.00    +73.00    +9.01%
      32            28  7711      永擎                   97.00         26.00     0.63%    472.00   514.00   472.00   514.00      545.00   561.00   538.00   543.00    +29.00    +5.64%
      33            62  6933      AMAX-KY              91.00         24.50     0.59%    286.00   314.50   282.50   314.50      320.00   350.00   320.00   350.00    +35.50   +11.29%
      34            85  2408      南亞科                  82.00         19.00     0.56%    476.00   495.00   475.00   492.50      514.00   526.00   513.00   515.00    +22.50    +4.57%
      35           110  6957      裕慶-KY                61.50          0.00     0.54%    246.00   260.00   246.00   258.50      300.00   305.00   295.00   295.50    +37.00   +14.31%
      36           157  2379      瑞昱                   57.00          0.00     0.50%    711.00   726.00   711.00   720.00      768.00   794.00   752.00   761.00    +41.00    +5.69%
      37            65  2345      智邦                  130.00         80.00     0.44%   1840.00  1860.00  1830.00  1840.00     1935.00  1955.00  1845.00  1890.00    +50.00    +2.72%
      38            99  3026      禾伸堂                  83.00         35.00     0.42%    740.00   786.00   720.00   772.00      791.00   803.00   760.00   768.00     -4.00    -0.52%
      39            34  4770      上品                   46.50          0.00     0.41%    220.00   225.50   220.00   220.50      261.50   275.00   256.50   275.00    +54.50   +24.72%
      40           130  3055      蔚華科                  45.50          0.00     0.40%    161.00   167.00   158.00   164.00      206.50   226.00   200.50   203.50    +39.50   +24.09%
==========================================================================================================================================================================
✅ 共 40 筆
