
██████████████████████████████████████████████████████████████████████████████████████████████████████████████
  📅 天數組合: 3 日  →  輸出檔: s14_03.txt
██████████████████████████████████████████████████████████████████████████████████████████████████████████████

🔁 共執行 3 次，每次區間長度 4 個交易日

══════════════════════════════════════════════════════════════════════════════════════════════════════════════
  🔄 第  1/3 次  2026/09/24 ～ 2026/10/01
══════════════════════════════════════════════════════════════════════════════════════════════════════════════

==========================================================================================================================================================================
📊 ROI 每日報酬率累計排名 (2026/09/24 ~ 2026/10/01)
==========================================================================================================================================================================
    實資排名          累計天數排名  代號        名稱                 累計漲停(元)       累計跌停(元)       強度%  (09/24)開盤      最高      最低      收盤    (10/01)開盤      最高      最低      收盤      賺賠    賺賠率
--------------------------------------------------------------------------------------------------------------------------------------------------------------------------
       1               1  6533      晶心科                  90.50          0.00   100.00%    251.00   276.00   250.00   276.00      346.00   366.50   337.00   366.50    +90.50   +32.79%
       2               2  6225      天瀚                    0.00          0.00    99.97%     41.60    50.80    41.60    50.40       66.90    66.90    66.90    66.90    +16.50   +32.74%
       3               3  8201      無敵                    0.00          0.00    99.95%     12.80    13.30    12.80    13.30       17.60    17.65    16.10    17.65     +4.35   +32.71%
       4               6  2340      台亞                    0.00          0.00    96.26%     34.35    35.80    34.15    34.55       40.80    44.70    40.25    43.85     +9.30   +26.92%
       5               5  2033      佳大                    0.00          0.00    96.03%     37.65    38.30    35.50    36.80       45.10    46.55    44.00    46.55     +9.75   +26.49%
       6               7  6957      裕慶-KY                77.00          0.00    95.14%    298.50   307.00   287.00   307.00      400.00   400.00   364.00   384.00    +77.00   +25.08%
       7              11  3094      聯傑                    0.00          0.00    94.88%     53.60    57.80    53.50    54.30       61.80    67.70    61.70    67.70    +13.40   +24.68%
       8               9  1617      榮星                    0.00          0.00    94.64%     20.10    20.90    19.85    19.95       24.90    26.45    24.40    24.80     +4.85   +24.31%
       9              10  2030      彰源                    0.00          0.00    94.36%     28.10    30.40    27.90    30.40       37.20    40.00    36.05    37.65     +7.25   +23.85%
      10              14  1709      和益                    0.00          0.00    93.39%     45.85    46.45    43.50    43.50       51.80    53.20    51.60    53.20     +9.70   +22.30%
      11              15  3701      大眾控                   0.00          0.00    93.30%     41.25    41.65    40.90    41.25       46.25    50.40    43.90    50.40     +9.15   +22.18%
      12               8  3593      力銘                    0.00          0.00    92.40%     10.35    10.35     9.50     9.50       11.75    11.75    10.50    11.50     +2.00   +21.05%
      13              66  6672      騰輝電子-KY              70.00          0.00    92.03%    315.00   337.50   315.00   337.50      376.50   405.50   369.50   405.50    +68.00   +20.15%
      14              17  4545      銘鈺                    0.00          0.00    91.17%     32.65    33.30    32.65    33.10       39.10    40.75    38.50    39.40     +6.30   +19.03%
      15             137  3518      柏騰                    0.00          0.00    91.10%     32.85    35.65    32.50    34.00       42.15    45.15    40.15    40.35     +6.35   +18.68%
      16             142  2020      美亞                    0.00          0.00    91.02%     21.60    22.25    21.50    22.10       29.20    29.25    26.00    26.20     +4.10   +18.55%
      17              23  3311      閎暉                    0.00          0.00    90.94%     36.90    38.65    36.65    38.05       42.35    45.15    42.10    45.15     +7.10   +18.66%
      18              27  3149      正達                    0.00          0.00    90.05%     62.80    64.20    62.50    63.30       74.30    76.10    72.20    74.30    +11.00   +17.38%
      19              26  2484      希華                    0.00          0.00    89.17%     73.20    75.00    71.10    72.80       78.40    85.80    77.30    84.60    +11.80   +16.21%
      20              97  1597      直得                   13.00          0.00    88.92%    134.00   135.00   131.50   133.50      147.00   158.50   141.00   154.50    +21.00   +15.73%
      21             161  6155      鈞寶                    0.00          0.00    88.90%     56.20    61.50    55.60    60.20       64.20    69.60    64.20    69.60     +9.40   +15.61%
      22              13  6120      達運                    0.00          0.00    88.84%     12.65    12.95    12.65    12.75       15.30    15.40    14.45    14.75     +2.00   +15.69%
      23              12  8046      南電                  180.00          0.00    87.93%   1210.00  1270.00  1190.00  1240.00     1390.00  1450.00  1370.00  1420.00   +180.00   +14.52%
      24              85  4722      國精化                  19.00          0.00    87.62%    190.00   191.50   182.50   184.00      196.50   209.50   194.50   209.50    +25.50   +13.86%
      25              28  7711      永擎                   70.00          0.00    87.47%    543.00   548.00   535.00   542.00      561.00   616.00   551.00   616.00    +74.00   +13.65%
      26              82  3588      通嘉                    0.00          0.00    87.00%     52.20    53.50    52.20    52.40       54.20    59.20    54.20    59.20     +6.80   +12.98%
      27              19  7730      暉盛-創                 15.00          0.00    87.00%    171.00   172.00   171.00   172.00      180.00   197.00   180.00   194.50    +22.50   +13.08%
      28             122  6133      金橋                    0.00          0.00    86.99%     26.00    26.75    25.90    25.95       29.55    31.00    29.30    29.30     +3.35   +12.91%
      29              43  2483      百容                    0.00          0.00    86.65%     32.40    33.25    32.30    32.55       36.15    37.45    34.30    36.60     +4.05   +12.44%
      30              95  2409      友達                    0.00          0.00    86.35%     34.75    35.95    33.75    34.20       39.80    40.00    37.80    38.30     +4.10   +11.99%
      31             181  3673      TPK-KY                0.00          0.00    86.26%     64.60    65.90    64.20    65.60       73.70    75.80    71.70    73.30     +7.70   +11.74%
      32              36  2939      永邑-KY                 0.00          0.00    86.25%     19.80    19.80    19.60    19.60       21.90    22.00    21.50    21.95     +2.35   +11.99%
      33             189  8039      台虹                   42.00         12.00    86.24%    255.50   261.00   254.00   258.50      297.00   297.50   285.00   288.50    +30.00   +11.61%
      34              88  3543      州巧                    0.00          0.00    86.21%     45.30    46.35    45.10    45.70       51.30    51.80    50.50    51.10     +5.40   +11.82%
      35              78  4919      新唐                   13.50          0.00    86.17%    132.00   138.50   130.00   136.00      140.50   152.00   139.00   152.00    +16.00   +11.76%
      36             130  7799      禾榮科                  64.50          0.00    85.99%    523.00   525.00   480.00   498.00      555.00   574.00   544.00   555.00    +57.00   +11.45%
      37              79  4178      永笙-KY                 0.00          0.00    85.79%     16.50    16.70    16.45    16.50       17.00    18.35    17.00    18.35     +1.85   +11.21%
      38              76  3013      晟銘電                   0.00          0.00    85.75%     84.10    84.50    83.10    84.50       87.10    94.00    85.80    94.00     +9.50   +11.24%
      39              38  6695      芯鼎                    0.00          0.00    85.57%     50.10    50.20    49.40    49.90       54.90    56.80    54.90    55.40     +5.50   +11.02%
      40              89  3025      星通                    0.00          0.00    85.55%     51.80    52.60    51.40    52.40       56.00    58.10    55.70    58.10     +5.70   +10.88%
==========================================================================================================================================================================
✅ 共 40 筆


══════════════════════════════════════════════════════════════════════════════════════════════════════════════
  🔄 第  2/3 次  2026/09/23 ～ 2026/09/30
══════════════════════════════════════════════════════════════════════════════════════════════════════════════

==========================================================================================================================================================================
📊 ROI 每日報酬率累計排名 (2026/09/23 ~ 2026/09/30)
==========================================================================================================================================================================
    實資排名          累計天數排名  代號        名稱                 累計漲停(元)       累計跌停(元)       強度%  (09/23)開盤      最高      最低      收盤    (09/30)開盤      最高      最低      收盤      賺賠    賺賠率
--------------------------------------------------------------------------------------------------------------------------------------------------------------------------
       1               1  6533      晶心科                  82.50          0.00   100.00%    259.00   264.00   249.50   251.00      316.00   333.50   301.00   333.50    +82.50   +32.87%
       2               3  2030      彰源                    0.00          0.00    99.95%     27.60    29.95    26.35    27.65       36.60    36.70    36.00    36.70     +9.05   +32.73%
       3               5  8201      無敵                    0.00          0.00    99.92%     12.05    12.25    11.80    12.10       15.50    16.05    15.50    16.05     +3.95   +32.64%
       4               2  6225      天瀚                    0.00          0.00    99.62%     46.20    46.20    46.20    46.20       60.10    60.90    60.10    60.90    +14.70   +31.82%
       5               4  3518      柏騰                    0.00          0.00    97.76%     32.15    32.80    31.85    32.45       40.50    41.10    40.05    41.10     +8.65   +26.66%
       6               6  6957      裕慶-KY                75.50          0.00    97.36%    300.00   305.00   295.00   295.50      365.00   371.00   356.00   371.00    +75.50   +25.55%
       7               7  2020      美亞                    0.00          0.00    96.67%     21.50    21.70    21.45    21.60       26.70    26.70    26.65    26.70     +5.10   +23.61%
       8              19  4195      基米-創                  0.00          0.00    96.40%     12.90    13.15    12.80    13.10       17.35    17.35    16.00    16.10     +3.00   +22.90%
       9              58  6405      悅城                    0.00          0.00    95.58%     42.00    43.80    41.10    41.55       50.10    50.10    50.10    50.10     +8.55   +20.58%
      10              70  6672      騰輝電子-KY              64.00          0.00    95.44%    302.00   310.00   298.00   307.00      337.50   369.00   335.50   369.00    +62.00   +20.20%
      11             142  1617      榮星                    0.00          0.00    95.12%     19.70    21.05    19.20    20.15       22.75    24.05    22.40    24.05     +3.90   +19.35%
      12              21  2340      台亞                    0.00          0.00    94.83%     34.25    37.30    34.25    34.35       38.50    41.50    37.70    40.80     +6.45   +18.78%
      13              16  8039      台虹                   42.00          0.00    94.27%    264.00   264.00   253.00   256.00      279.50   300.50   277.50   300.50    +44.50   +17.38%
      14             130  4545      銘鈺                    0.00          0.00    94.20%     33.65    33.65    33.35    33.40       35.80    39.10    35.80    39.10     +5.70   +17.07%
      15              31  3149      正達                    0.00          0.00    94.18%     65.20    65.80    63.10    63.20       69.50    74.00    69.00    74.00    +10.80   +17.09%
      16              11  6456      GIS-KY                0.00          0.00    94.12%     76.50    80.90    76.50    78.60       91.50    95.70    89.50    92.00    +13.40   +17.05%
      17             227  3021      鴻名                    0.00          0.00    93.97%     25.35    25.55    24.45    24.50       30.90    31.00    28.00    28.45     +3.95   +16.12%
      18              14  3673      TPK-KY                0.00          0.00    93.93%     66.30    67.50    64.80    64.80       69.10    75.50    68.90    75.50    +10.70   +16.51%
      19             224  3016      嘉晶                   27.00          0.00    93.88%    145.00   145.50   141.50   145.50      170.00   172.50   165.00   169.00    +23.50   +16.15%
      20              90  1809      中釉                    0.00          0.00    93.77%     41.40    41.90    39.75    41.25       45.10    48.60    45.05    47.85     +6.60   +16.00%
      21              44  3593      力銘                    0.00          0.00    93.65%      8.80     9.68     8.80     9.50       10.75    11.00    10.30    11.00     +1.50   +15.79%
      22              13  2025      千興                    0.00          0.00    93.64%     12.55    12.65    12.45    12.65       13.50    14.65    13.40    14.65     +2.00   +15.81%
      23              20  2032      新鋼                    0.00          0.00    93.55%     17.50    17.65    17.25    17.55       20.15    21.00    19.95    20.30     +2.75   +15.67%
      24              76  6213      聯茂                   79.00          0.00    93.41%    542.00   547.00   525.00   541.00      624.00   649.00   622.00   623.00    +82.00   +15.16%
      25              12  6861      睿生光電                 28.50          0.00    93.27%    267.00   290.00   265.00   273.00      294.00   313.50   294.00   313.50    +40.50   +14.84%
      26              89  6133      金橋                    0.00          0.00    92.82%     26.75    27.40    25.80    26.05       29.40    30.45    28.20    29.60     +3.55   +13.63%
      27             166  2033      佳大                    0.00          0.00    92.81%     39.70    40.25    36.20    37.30       38.85    42.35    38.65    42.35     +5.05   +13.54%
      28              51  3094      聯傑                    0.00          0.00    92.74%     53.00    57.80    51.60    54.30       62.10    62.50    59.00    61.60     +7.30   +13.44%
      29              17  7822      倍利科                 115.00          0.00    92.48%    888.00   892.00   866.00   883.00      998.00  1025.00   989.00   998.00   +115.00   +13.02%
      30             211  6155      鈞寶                    0.00          0.00    92.40%     56.70    57.60    55.90    56.20       65.00    65.20    63.00    63.30     +7.10   +12.63%
      31               8  2034      允強                    0.00          0.00    92.36%     21.90    22.35    21.50    22.00       24.10    25.00    23.80    24.80     +2.80   +12.73%
      32              94  6120      達運                    0.00          0.00    92.22%     13.00    13.30    12.65    12.80       13.75    14.35    13.70    14.35     +1.55   +12.11%
      33              10  1303      南亞                   10.50          0.00    92.18%    232.00   235.00   223.00   227.50      250.50   265.00   245.50   255.50    +28.00   +12.31%
      34              28  3311      閎暉                    0.00          0.00    92.05%     36.80    37.40    36.60    36.70       38.00    41.95    38.00    41.05     +4.35   +11.85%
      35              46  2939      永邑-KY                 0.00          0.00    92.02%     19.95    19.95    19.50    19.60       20.05    22.00    20.05    21.90     +2.30   +11.73%
      36              33  3591      艾笛森                   0.00          0.00    91.94%     24.00    25.55    24.00    24.60       26.45    27.80    26.45    27.45     +2.85   +11.59%
      37             178  6691      洋基工程                 86.00         13.00    91.92%    639.00   651.00   632.00   646.00      666.00   719.00   665.00   719.00    +73.00   +11.30%
      38              67  6505      台塑化                   0.00          0.00    91.91%     87.90    88.50    86.50    87.30       94.00    98.60    93.00    97.30    +10.00   +11.45%
      39             167  3543      州巧                    0.00          0.00    91.90%     47.00    47.00    45.10    46.00       49.70    51.90    49.00    51.20     +5.20   +11.30%
      40              66  3701      大眾控                   0.00          0.00    91.88%     42.00    42.00    41.05    41.25       42.25    45.90    42.25    45.90     +4.65   +11.27%
==========================================================================================================================================================================
✅ 共 40 筆


══════════════════════════════════════════════════════════════════════════════════════════════════════════════
  🔄 第  3/3 次  2026/09/22 ～ 2026/09/29
══════════════════════════════════════════════════════════════════════════════════════════════════════════════

==========================================================================================================================================================================
📊 ROI 每日報酬率累計排名 (2026/09/22 ~ 2026/09/29)
==========================================================================================================================================================================
    實資排名          累計天數排名  代號        名稱                 累計漲停(元)       累計跌停(元)       強度%  (09/22)開盤      最高      最低      收盤    (09/29)開盤      最高      最低      收盤      賺賠    賺賠率
--------------------------------------------------------------------------------------------------------------------------------------------------------------------------
       1               1  3016      嘉晶                   40.00          0.00   100.00%    125.00   132.50   124.50   132.50      165.00   176.00   161.50   172.50    +40.00   +30.19%
       2               4  2030      彰源                    0.00          0.00    97.23%     24.30    27.25    24.30    27.25       33.40    33.40    33.40    33.40     +6.15   +22.57%
       3               5  4195      基米-創                  0.00          0.00    97.19%     13.00    13.20    12.85    12.90       14.40    15.80    14.40    15.80     +2.90   +22.48%
       4               2  6456      GIS-KY                0.00          0.00    96.75%     73.50    79.00    73.20    73.60       85.00    89.40    84.10    89.40    +15.80   +21.47%
       5             117  6533      晶心科                  52.50          0.00    96.03%    268.50   278.50   254.50   254.50      272.50   303.50   268.00   303.50    +49.00   +19.25%
       6             123  6933      AMAX-KY              66.50          0.00    95.82%    326.00   330.50   317.00   318.50      385.50   395.00   375.50   378.00    +59.50   +18.68%
       7             135  8201      無敵                    0.00          0.00    95.82%     12.00    12.30    11.80    12.30       14.60    14.60    14.20    14.60     +2.30   +18.70%
       8               3  2342      茂矽                    0.00          0.00    95.74%     41.25    43.00    41.25    42.15       47.00    53.00    46.85    50.10     +7.95   +18.86%
       9              53  3653      健策                 1090.00         25.00    95.59%   5985.00  6050.00  5780.00  5830.00     7000.00  7160.00  6850.00  6895.00  +1065.00   +18.27%
      10             163  3021      鴻名                    0.00          0.00    95.20%     26.50    26.50    25.30    25.30       29.40    29.60    28.70    29.60     +4.30   +17.00%
      11              36  3593      力銘                    0.00          0.00    95.07%      8.77     8.99     8.23     8.80       10.25    10.45    10.00    10.30     +1.50   +17.05%
      12              16  3518      柏騰                    0.00          0.00    94.64%     31.85    33.25    31.85    32.25       35.00    37.40    35.00    37.40     +5.15   +15.97%
      13             116  2305      全友                    0.00          0.00    94.36%     57.50    60.00    56.80    60.00       61.70    69.10    61.10    69.10     +9.10   +15.17%
      14              12  4770      上品                   25.00          0.00    94.09%    260.50   262.00   248.00   250.00      277.00   295.00   277.00   286.50    +36.50   +14.60%
      15              42  4551      智伸科                  16.00          0.00    94.00%    159.50   162.00   156.00   157.00      162.50   179.50   162.00   179.50    +22.50   +14.33%
      16              75  6213      聯茂                   79.00          0.00    93.95%    545.00   574.00   539.00   543.00      620.00   628.00   588.00   620.00    +77.00   +14.18%
      17              24  6155      鈞寶                    0.00          0.00    93.94%     57.90    58.20    56.00    56.00       61.50    64.90    61.20    64.00     +8.00   +14.29%
      18              19  2032      新鋼                    0.00          0.00    93.83%     17.00    17.80    16.90    17.45       18.90    20.40    18.80    19.90     +2.45   +14.04%
      19              38  3094      聯傑                    0.00          0.00    93.67%     56.20    56.20    52.50    52.60       53.00    59.70    52.70    59.70     +7.10   +13.50%
      20               8  3042      晶技                   14.50          0.00    93.65%    186.50   188.00   183.50   183.50      214.50   222.50   205.00   208.50    +25.00   +13.62%
      21              23  2020      美亞                    0.00          0.00    93.47%     21.40    21.50    21.35    21.50       22.50    24.30    22.50    24.30     +2.80   +13.02%
      22             115  4566      時碩工業                  0.00          0.00    93.34%     66.20    66.50    65.00    65.00       74.30    75.20    71.70    73.20     +8.20   +12.62%
      23               6  7822      倍利科                 111.00          0.00    93.31%    853.00   880.00   845.00   865.00      930.00   986.00   925.00   976.00   +111.00   +12.83%
      24              62  6901      鑽石投資                  0.00          0.00    93.22%     15.60    15.60    15.25    15.35       16.40    17.25    16.40    17.25     +1.90   +12.38%
      25             111  1727      中華化                  10.50          0.00    92.99%    103.00   107.00    99.60   106.00      113.00   122.00   104.00   118.50    +12.50   +11.79%
      26             119  1617      榮星                    0.00          0.00    92.97%     20.00    20.45    19.25    19.60       21.00    21.90    20.95    21.90     +2.30   +11.73%
      27               7  2254      巨鎧精密-創                0.00          0.00    92.89%     79.10    82.10    79.10    82.10       89.20    92.10    89.20    91.80     +9.70   +11.81%
      28             165  6957      裕慶-KY                42.00          0.00    92.87%    297.50   312.00   292.00   303.00      334.50   337.50   307.50   337.50    +34.50   +11.39%
      29              31  2340      台亞                    0.00          0.00    92.84%     34.85    35.20    34.10    34.10       34.40    38.00    34.40    38.00     +3.90   +11.44%
      30               9  3563      牧德                   83.00          0.00    92.84%    667.00   715.00   667.00   711.00      773.00   815.00   773.00   794.00    +83.00   +11.67%
      31              74  6672      騰輝電子-KY              30.50          0.00    92.71%    315.00   315.00   300.00   302.00      330.50   335.50   321.00   335.50    +33.50   +11.09%
      32              85  1809      中釉                    0.00          0.00    92.61%     39.40    40.90    38.85    40.60       45.10    47.25    43.05    45.00     +4.40   +10.84%
      33             185  3717      聯嘉投控                  0.00          0.00    92.42%     25.30    26.30    24.95    25.25       26.00    27.85    25.85    27.85     +2.60   +10.30%
      34              55  2484      希華                    0.00          0.00    92.38%     71.00    71.20    69.60    69.60       75.00    79.50    74.20    76.90     +7.30   +10.49%
      35             158  8028      昇陽半導體                31.00          0.00    92.10%    262.00   274.00   257.00   263.50      270.50   295.50   269.50   289.00    +25.50    +9.68%
      36              20  8162      微矽電子-創                0.00          0.00    91.90%     61.00    61.60    59.00    59.80       65.60    66.50    64.50    65.40     +5.60    +9.36%
      37             183  6225      天瀚                    0.00          0.00    91.86%     51.30    51.30    51.30    51.30       46.35    55.40    46.35    55.40     +4.10    +7.99%
      38             284  3550      聯穎                    0.00          0.00    91.84%     24.80    24.85    23.75    24.05       23.85    26.20    23.80    26.20     +2.15    +8.94%
      39             145  3031      佰鴻                    0.00          0.00    91.76%     28.10    28.75    27.30    28.70       30.35    31.65    30.30    31.25     +2.55    +8.89%
      40              11  8046      南電                  105.00          0.00    91.73%   1125.00  1165.00  1120.00  1165.00     1210.00  1280.00  1200.00  1270.00   +105.00    +9.01%
==========================================================================================================================================================================
✅ 共 40 筆
