
██████████████████████████████████████████████████████████████████████████████████████████████████████████████
  📅 天數組合: 3 日  →  輸出檔: q12_03.txt
██████████████████████████████████████████████████████████████████████████████████████████████████████████████

🔁 共執行 3 次，每次區間長度 3 個交易日

══════════════════════════════════════════════════════════════════════════════════════════════════════════════
  🔄 第  1/3 次  2026/09/23 ～ 2026/09/30
══════════════════════════════════════════════════════════════════════════════════════════════════════════════

==========================================================================================================================================================================
📊 累計漲跌停強度排名 (2026/09/23 ~ 2026/09/30)
==========================================================================================================================================================================
    實資排名        累計天數排名  代號        名稱                 累計漲停(元)       累計跌停(元)       強度%  (09/23)開盤      最高      最低      收盤    (09/30)開盤      最高      最低      收盤      賺賠    賺賠率
--------------------------------------------------------------------------------------------------------------------------------------------------------------------------
       1            11  6223      旺矽                  275.00        495.00    10.33%   5445.00  5625.00  5335.00  5620.00     5275.00  5320.00  5100.00  5125.00   -495.00    -8.81%
       2            29  3081      聯亞                   65.00        195.00     6.10%   2825.00  2845.00  2585.00  2680.00     2700.00  2730.00  2665.00  2695.00    +15.00    +0.56%
       3             9  3324      雙鴻                  115.00        180.00     3.05%   1605.00  1630.00  1555.00  1595.00     1620.00  1645.00  1530.00  1530.00    -65.00    -4.08%
       4            19  7828      創新服務                 50.00         85.00     1.64%   1940.00  2025.00  1910.00  1970.00     1920.00  1965.00  1875.00  1885.00    -85.00    -4.31%
       5            45  8299      群聯                   65.00        100.00     1.64%   2280.00  2350.00  2200.00  2215.00     2150.00  2215.00  2140.00  2150.00    -65.00    -2.93%
       6            57  8155      博智                   10.00         41.00     1.46%    350.50   351.00   335.50   347.00      310.00   318.50   302.00   316.00    -31.00    -8.93%
       7            25  3693      營邦                   32.00         42.00     0.47%    706.00   738.00   705.00   732.00      708.00   713.00   687.00   687.00    -45.00    -6.15%
       8            62  5289      宜鼎                   20.00         25.00     0.23%   1325.00  1375.00  1295.00  1305.00     1300.00  1325.00  1290.00  1290.00    -15.00    -1.15%
       9            25  6683      雍智科技                115.00        115.00    -0.00%   1595.00  1605.00  1540.00  1555.00     1495.00  1605.00  1490.00  1590.00    +35.00    +2.25%
      10            34  8358      金居                   14.00         13.00    -0.05%    498.00   502.00   490.00   497.00      509.00   515.00   495.00   495.00     -2.00    -0.40%
      11            36  3680      家登                   14.00         10.00    -0.19%    542.00   545.00   528.00   528.00      553.00   562.00   545.00   555.00    +27.00    +5.11%
      12            29  6640      均華                   45.00         40.00    -0.23%   1040.00  1070.00  1015.00  1050.00     1065.00  1090.00  1030.00  1040.00    -10.00    -0.95%
      13            34  5483      中美晶                  18.50         10.50    -0.38%    195.00   195.00   183.00   184.50      193.00   207.50   192.00   207.50    +23.00   +12.47%
      14            44  6727      亞泰金屬                 40.00         32.00    -0.38%    476.00   486.50   465.00   465.00      487.50   499.50   485.00   485.00    +20.00    +4.30%
      15            23  6204      艾華                    9.50          0.00    -0.45%    104.00   104.50    98.00    98.00      105.00   108.00   103.00   103.00     +5.00    +5.10%
      16            30  7714      創泓科技                 10.00          0.00    -0.47%    163.50   165.00   161.50   162.00      164.50   177.00   162.00   172.00    +10.00    +6.17%
      17            22  6231      系微                   10.00          0.00    -0.47%    224.50   226.00   221.50   225.00      240.50   243.00   234.50   235.00    +10.00    +4.44%
      18            21  5432      新門                   10.00          0.00    -0.47%    154.50   166.50   151.50   163.50      162.00   162.50   159.50   160.00     -3.50    -2.14%
      19            24  3581      博磊                   10.50          0.00    -0.49%    103.00   106.00   102.50   105.00      109.50   117.00   109.50   117.00    +12.00   +11.43%
      20            25  6290      良維                   10.50          0.00    -0.49%    277.50   281.50   272.50   274.00      272.00   283.50   270.00   280.00     +6.00    +2.19%
      21            49  7717      萊德光電-KY              25.00         14.00    -0.52%    601.00   631.00   596.00   608.00      600.00   618.00   590.00   604.00     -4.00    -0.66%
      22            23  6903      巨漢                   11.00          0.00    -0.52%    305.00   313.00   303.50   308.50      306.50   318.50   306.50   315.50     +7.00    +2.27%
      23            19  3152      璟德                   11.00          0.00    -0.52%    221.50   223.00   220.00   220.50      227.00   235.50   226.50   231.00    +10.50    +4.76%
      24            19  3691      碩禾                   11.00          0.00    -0.52%    118.50   121.50   117.00   121.50      118.00   122.50   117.50   119.50     -2.00    -1.65%
      25            23  4542      科嶠                   11.00          0.00    -0.52%    325.50   335.00   317.00   331.50      345.00   347.00   338.00   344.00    +12.50    +3.77%
      26            18  3624      光頡                   12.00          0.00    -0.56%    122.00   134.00   122.00   134.00      140.50   144.00   134.00   137.50     +3.50    +2.61%
      27            18  6620      漢達                   12.00          0.00    -0.56%    126.50   132.50   125.00   130.00      137.50   145.00   133.00   141.00    +11.00    +8.46%
      28            21  6182      合晶                   12.00          0.00    -0.56%    120.00   125.00   114.50   115.50      123.00   133.00   121.00   133.00    +17.50   +15.15%
      29            20  3211      順達                   12.50          0.00    -0.59%    390.50   390.50   380.00   380.00      390.00   406.00   388.00   398.50    +18.50    +4.87%
      30            16  6922      宸曜                   13.00          0.00    -0.61%    204.50   208.00   199.50   204.50      228.50   230.00   218.50   221.00    +16.50    +8.07%
      31            14  3455      由田                   14.00          0.00    -0.66%    248.00   252.00   244.00   244.00      268.50   279.00   260.50   267.00    +23.00    +9.43%
      32            61  4991      環宇-KY                40.50         25.50    -0.70%    476.50   477.50   439.50   447.50      485.00   498.00   471.50   488.00    +40.50    +9.05%
      33            14  6291      沛亨                   15.00          0.00    -0.70%    501.00   504.00   485.00   493.00      504.00   510.00   494.00   500.00     +7.00    +1.42%
      34            17  6654      天正國際                 16.00          0.00    -0.75%    202.50   202.50   194.50   194.50      206.50   217.50   203.00   216.00    +21.50   +11.05%
      35            16  5536      聖暉*                  17.00          0.00    -0.80%    900.00   902.00   883.00   893.00      908.00   935.00   908.00   919.00    +26.00    +2.91%
      36            37  3491      昇達科                  85.00         65.00    -0.94%   1490.00  1575.00  1490.00  1565.00     1540.00  1540.00  1480.00  1500.00    -65.00    -4.15%
      37            51  6532      瑞耘                   20.00          0.00    -0.94%     99.70    99.70    97.60    97.90      114.00   118.50   114.00   118.50    +20.60   +21.04%
      38            43  3219      倚強科                  21.00          0.00    -0.99%    108.50   110.00   100.00   104.50      130.00   134.50   127.50   131.50    +27.00   +25.84%
      39            48  8147      正淩                   22.00          0.00    -1.03%    136.50   139.50   135.00   137.50      149.50   160.50   148.00   158.50    +21.00   +15.27%
      40             9  4772      台特化                  22.50          0.00    -1.06%    245.50   246.50   243.00   245.00      274.00   280.50   268.50   269.00    +24.00    +9.80%
==========================================================================================================================================================================
✅ 共 40 筆


══════════════════════════════════════════════════════════════════════════════════════════════════════════════
  🔄 第  2/3 次  2026/09/22 ～ 2026/09/29
══════════════════════════════════════════════════════════════════════════════════════════════════════════════

==========================================================================================================================================================================
📊 累計漲跌停強度排名 (2026/09/22 ~ 2026/09/29)
==========================================================================================================================================================================
    實資排名        累計天數排名  代號        名稱                 累計漲停(元)       累計跌停(元)       強度%  (09/22)開盤      最高      最低      收盤    (09/29)開盤      最高      最低      收盤      賺賠    賺賠率
--------------------------------------------------------------------------------------------------------------------------------------------------------------------------
       1             7  7856      漢測                 2480.00        415.00   122.46%   4400.00  4995.00  4305.00  4730.00     4580.00  4580.00  4255.00  4315.00   -415.00    -8.77%
       2            13  3529      力旺                  550.00         75.00    28.17%   2895.00  3110.00  2890.00  3110.00     3175.00  3410.00  3145.00  3305.00   +195.00    +6.27%
       3            12  3324      雙鴻                  195.00         80.00     6.82%   1580.00  1630.00  1545.00  1600.00     1680.00  1680.00  1595.00  1630.00    +30.00    +1.88%
       4            32  7751      竑騰                  135.00         25.00     6.52%   1460.00  1490.00  1420.00  1420.00     1515.00  1560.00  1470.00  1555.00   +135.00    +9.51%
       5            27  7734      印能科技                190.00         95.00     5.63%   2610.00  2690.00  2560.00  2560.00     2775.00  2840.00  2665.00  2680.00   +120.00    +4.69%
       6            51  6187      萬潤                  115.00         40.00     4.45%   1260.00  1270.00  1215.00  1215.00     1230.00  1310.00  1230.00  1310.00    +95.00    +7.82%
       7            42  7792      安葆                   91.50         19.50     4.27%    345.00   378.00   332.00   378.00      427.50   430.00   400.00   416.00    +38.00   +10.05%
       8            20  3293      鈊象                   50.00          0.00     2.97%    725.00   729.00   719.00   727.00      774.00   796.00   766.00   779.00    +52.00    +7.15%
       9            18  4768      晶呈科技                 50.00          0.00     2.97%    323.00   325.00   310.00   311.50      325.50   357.50   323.00   357.50    +46.00   +14.77%
      10            20  8227      巨有科技                 48.00          0.00     2.85%    299.50   316.00   295.00   305.00      313.00   337.00   308.00   337.00    +32.00   +10.49%
      11            46  3498      陽程                   45.50          0.00     2.70%    202.00   210.00   196.50   205.50      216.00   235.00   212.00   235.00    +29.50   +14.36%
      12            38  6274      台燿                   55.00         10.00     2.67%   1480.00  1510.00  1395.00  1440.00     1495.00  1515.00  1465.00  1485.00    +45.00    +3.12%
      13            33  4542      科嶠                   41.00          0.00     2.43%    318.00   332.50   310.00   332.50      329.00   342.00   329.00   339.00     +6.50    +1.95%
      14             5  4749      新應材                  36.00          0.00     2.13%    745.00   746.00   725.00   728.00      728.00   780.00   725.00   764.00    +36.00    +4.95%
      15            65  3219      倚強科                  30.80          0.00     1.83%    104.50   108.50    99.70   108.50      123.50   125.50   120.50   125.50    +17.00   +15.67%
      16            31  6693      廣閎科                  30.00          0.00     1.78%    180.50   184.00   179.00   179.50      206.50   220.50   203.50   218.00    +38.50   +21.45%
      17            30  2221      大甲                   30.00          0.00     1.78%    152.00   154.00   147.50   154.00      169.00   180.00   167.50   180.00    +26.00   +16.88%
      18             7  3675      德微                   30.00          0.00     1.78%    304.00   308.00   295.50   302.00      337.50   354.50   331.00   334.00    +32.00   +10.60%
      19            63  6643      M31                  50.00         23.00     1.60%    482.50   520.00   482.00   489.50      509.00   534.00   502.00   505.00    +15.50    +3.17%
      20            42  6739      竹陞科技                 65.00         40.00     1.48%   1130.00  1130.00  1080.00  1080.00     1100.00  1135.00  1090.00  1125.00    +45.00    +4.17%
      21            37  6664      群翊                   24.00          0.00     1.42%    348.50   348.50   342.00   347.00      358.50   372.00   355.50   370.00    +23.00    +6.63%
      22            37  6207      雷科                   23.50          0.00     1.39%    119.00   120.00   114.00   115.50      130.50   137.50   127.50   137.50    +22.00   +19.05%
      23            11  5536      聖暉*                  23.00          0.00     1.36%    876.00   905.00   869.00   888.00      902.00   907.00   886.00   902.00    +14.00    +1.58%
      24             9  4772      台特化                  22.50          0.00     1.33%    248.00   248.00   243.50   243.50      252.00   273.00   250.00   271.00    +27.50   +11.29%
      25            40  3691      碩禾                   21.00          0.00     1.25%    103.00   110.50   102.00   110.50      120.50   126.00   118.50   118.50     +8.00    +7.24%
      26            17  6488      環球晶                  40.00         21.00     1.13%    950.00  1010.00   950.00   971.00      940.00   964.00   930.00   945.00    -26.00    -2.68%
      27            12  8027      鈦昇                   18.00          0.00     1.07%    183.00   189.00   180.00   181.00      187.00   202.00   185.50   202.00    +21.00   +11.60%
      28            24  6870      騰雲                   29.50         13.00     0.98%    312.00   314.00   299.00   299.00      335.50   335.50   328.50   330.50    +31.50   +10.54%
      29            56  7728      光焱科技                 25.00         10.00     0.89%    607.00   607.00   576.00   576.00      586.00   609.00   586.00   607.00    +31.00    +5.38%
      30            14  6291      沛亨                   15.00          0.00     0.89%    520.00   520.00   492.50   501.00      484.00   501.00   481.00   499.00     -2.00    -0.40%
      31            14  3455      由田                   14.00          0.00     0.83%    257.50   260.50   246.00   247.50      258.50   276.00   256.00   267.00    +19.50    +7.88%
      32            16  6922      宸曜                   13.00          0.00     0.77%    206.00   208.50   203.00   204.00      212.00   228.50   210.00   225.00    +21.00   +10.29%
      33            21  8147      正淩                   11.50          0.00     0.68%    142.00   143.00   135.50   137.50      137.50   150.00   137.50   148.00    +10.50    +7.64%
      34            19  3152      璟德                   11.00          0.00     0.65%    222.00   223.50   221.00   221.00      226.50   229.00   226.00   226.00     +5.00    +2.26%
      35            20  3105      穩懋                   10.50          0.00     0.62%    501.00   515.00   489.00   501.00      496.50   498.50   484.50   493.00     -8.00    -1.60%
      36            22  6231      系微                   10.00          0.00     0.59%    228.00   230.00   223.00   224.50      236.00   244.50   232.50   241.00    +16.50    +7.35%
      37            21  5432      新門                   10.00          0.00     0.59%    162.00   162.00   153.50   153.50      163.50   164.00   160.00   160.50     +7.00    +4.56%
      38            17  3131      弘塑                  110.00        100.00     0.59%   2515.00  2520.00  2410.00  2410.00     2420.00  2550.00  2420.00  2475.00    +65.00    +2.70%
      39            23  6204      艾華                    9.50          0.00     0.56%    110.00   111.00   102.00   103.00      110.00   110.00   102.50   103.00     +0.00    +0.00%
      40            25  6532      瑞耘                    9.50          0.00     0.56%    100.00   101.00    97.90    98.50       99.80   108.00    99.60   108.00     +9.50    +9.64%
==========================================================================================================================================================================
✅ 共 40 筆


══════════════════════════════════════════════════════════════════════════════════════════════════════════════
  🔄 第  3/3 次  2026/09/21 ～ 2026/09/24
══════════════════════════════════════════════════════════════════════════════════════════════════════════════

==========================================================================================================================================================================
📊 累計漲跌停強度排名 (2026/09/21 ~ 2026/09/24)
==========================================================================================================================================================================
    實資排名        累計天數排名  代號        名稱                 累計漲停(元)       累計跌停(元)       強度%  (09/21)開盤      最高      最低      收盤    (09/24)開盤      最高      最低      收盤      賺賠    賺賠率
--------------------------------------------------------------------------------------------------------------------------------------------------------------------------
       1             5  7856      漢測                 2480.00        125.00    86.48%        --       --       --       --     4675.00  4695.00  4530.00  4605.00        --        --
       2             5  5274      信驊                 1615.00       1070.00    20.01%  19400.00 19820.00 19200.00 19820.00    20485.00 20505.00 19705.00 19835.00    +15.00    +0.08%
       3            25  3529      力旺                  475.00         90.00    14.14%   2880.00  2950.00  2820.00  2830.00     3250.00  3315.00  3160.00  3230.00   +400.00   +14.13%
       4            10  3324      雙鴻                  235.00          0.00     8.63%   1500.00  1535.00  1460.00  1520.00     1595.00  1750.00  1590.00  1710.00   +190.00   +12.50%
       5            20  6274      台燿                  120.00          0.00     4.41%   1385.00  1445.00  1355.00  1435.00     1485.00  1530.00  1475.00  1495.00    +60.00    +4.18%
       6            25  7792      安葆                   91.50          0.00     3.36%    339.50   352.50   325.00   344.00      415.00   453.00   415.00   435.50    +91.50   +26.60%
       7            23  7734      印能科技                190.00        110.00     2.94%   2700.00  2710.00  2555.00  2585.00     2580.00  2775.00  2580.00  2750.00   +165.00    +6.38%
       8            15  4542      科嶠                   57.50          0.00     2.11%    279.00   302.50   276.50   302.50      323.50   357.00   320.50   328.00    +25.50    +8.43%
       9            50  6643      M31                  70.00         13.00     2.09%    461.00   486.00   457.00   478.00      471.00   524.00   471.00   515.00    +37.00    +7.74%
      10             9  3293      鈊象                   32.00          0.00     1.18%    723.00   725.00   709.00   724.00      734.00   774.00   734.00   761.00    +37.00    +5.11%
      11             6  3693      營邦                   32.00          0.00     1.18%    704.00   712.00   691.00   702.00      732.00   748.00   713.00   729.00    +27.00    +3.85%
      12            31  6693      廣閎科                  30.00          0.00     1.10%    182.00   183.00   176.50   178.00      201.50   212.50   194.00   209.50    +31.50   +17.70%
      13            35  7751      竑騰                   95.00         65.00     1.10%   1495.00  1495.00  1445.00  1445.00     1435.00  1520.00  1425.00  1515.00    +70.00    +4.84%
      14            29  6727      亞泰金屬                 40.00         10.00     1.10%    487.00   487.00   463.00   478.00      468.00   509.00   464.50   505.00    +27.00    +5.65%
      15             7  3675      德微                   30.00          0.00     1.10%    296.50   303.00   287.50   294.50      332.00   335.00   320.50   335.00    +40.50   +13.75%
      16            31  2221      大甲                   26.50          0.00     0.97%    136.00   140.00   136.00   140.00      158.00   164.50   158.00   164.00    +24.00   +17.14%
      17            36  3498      陽程                   24.50          0.00     0.90%    200.00   203.00   194.00   196.00      198.00   215.00   197.00   214.00    +18.00    +9.18%
      18            40  3691      碩禾                   21.00          0.00     0.77%    100.50   104.50    99.00   100.50      126.50   130.50   118.50   121.00    +20.50   +20.40%
      19            43  3219      倚強科                  19.80          0.00     0.73%     96.00    98.70    94.10    98.70      107.00   114.50   105.50   114.50    +15.80   +16.01%
      20             9  3211      順達                   19.50          0.00     0.72%    375.00   397.00   370.00   387.50      383.50   383.50   374.50   378.50     -9.00    -2.32%
      21            10  6922      宸曜                   18.50          0.00     0.68%    190.50   206.50   190.00   206.50      204.50   213.50   204.50   212.00     +5.50    +2.66%
      22            42  7772      耀穎                   32.50         14.50     0.66%    152.00   171.00   147.00   171.00      173.00   182.00   170.50   180.00     +9.00    +5.26%
      23            13  8227      巨有科技                 17.50          0.00     0.64%    282.00   287.50   271.50   287.50      305.00   309.00   295.00   306.50    +19.00    +6.61%
      24            12  4768      晶呈科技                 17.50          0.00     0.64%    315.50   331.50   312.00   317.50      325.00   328.00   315.00   325.00     +7.50    +2.36%
      25            24  6870      騰雲                   29.50         13.00     0.61%    310.50   319.00   307.00   312.00      336.50   340.00   318.00   336.50    +24.50    +7.85%
      26            14  3455      由田                   14.00          0.00     0.51%    252.00   263.50   251.00   256.50      242.00   265.00   242.00   258.00     +1.50    +0.58%
      27            16  8358      金居                   14.00          0.00     0.51%    500.00   500.00   485.00   491.50      498.00   511.00   495.00   511.00    +19.50    +3.97%
      28            17  6664      群翊                   12.50          0.00     0.46%    340.00   341.50   336.00   340.50      343.00   360.00   342.50   358.50    +18.00    +5.29%
      29            19  3152      璟德                   11.00          0.00     0.40%    226.50   226.50   222.50   223.00      222.50   241.50   220.00   231.50     +8.50    +3.81%
      30            19  7744      崴寶                   11.00          0.00     0.40%    533.00   533.00   512.00   523.00      534.00   546.00   533.00   543.00    +20.00    +3.82%
      31            20  6207      雷科                   11.00          0.00     0.40%    120.00   124.00   116.00   117.00      115.50   125.00   115.50   125.00     +8.00    +6.84%
      32            15  6654      天正國際                 10.50          0.00     0.39%    199.00   209.00   197.00   208.00      202.00   202.00   192.00   192.00    -16.00    -7.69%
      33            22  6231      系微                   10.00          0.00     0.37%    224.00   228.00   219.00   223.50      229.00   237.50   223.00   235.00    +11.50    +5.15%
      34            33  6538      倉和                   57.50         47.50     0.37%    412.00   426.50   400.00   426.50      403.00   409.50   389.00   398.00    -28.50    -6.68%
      35            21  5432      新門                   10.00          0.00     0.37%    171.50   171.50   161.00   161.00      163.50   169.00   163.00   167.50     +6.50    +4.04%
      36            23  6204      艾華                    9.50          0.00     0.35%    113.50   120.00   107.00   108.00       98.00   107.50    97.80   107.50     -0.50    -0.46%
      37            68  3680      家登                   29.00         20.00     0.33%    536.00   553.00   531.00   548.00      531.00   546.00   528.00   542.00     -6.00    -1.09%
      38            30  3374      精材                   44.00         38.00     0.22%    451.50   456.00   432.00   443.00      462.50   464.50   442.00   449.00     +6.00    +1.35%
      39            29  8155      博智                   17.00         11.00     0.22%    333.50   333.50   323.00   327.50      340.00   349.00   333.00   336.00     +8.50    +2.60%
      40            33  6488      環球晶                  40.00         34.00     0.22%    951.00   954.00   925.00   931.00      944.00   960.00   930.00   948.00    +17.00    +1.83%
==========================================================================================================================================================================
✅ 共 40 筆
