
██████████████████████████████████████████████████████████████████████████████████████████████████████████████
  📅 天數組合: 10 日  →  輸出檔: q12_10.txt
██████████████████████████████████████████████████████████████████████████████████████████████████████████████

🔁 共執行 10 次，每次區間長度 10 個交易日

══════════════════════════════════════════════════════════════════════════════════════════════════════════════
  🔄 第  1/10 次  2026/09/14 ～ 2026/09/30
══════════════════════════════════════════════════════════════════════════════════════════════════════════════

==========================================================================================================================================================================
📊 累計漲跌停強度排名 (2026/09/14 ~ 2026/09/30)
==========================================================================================================================================================================
    實資排名        累計天數排名  代號        名稱                 累計漲停(元)       累計跌停(元)       強度%  (09/14)開盤      最高      最低      收盤    (09/30)開盤      最高      最低      收盤      賺賠    賺賠率
--------------------------------------------------------------------------------------------------------------------------------------------------------------------------
       1            11  7856      漢測                 2480.00        480.00    33.87%        --       --       --       --     4340.00  4400.00  4235.00  4250.00        --        --
       2            21  5274      信驊                 3480.00       2615.00    14.65%  17765.00 18035.00 17170.00 17980.00    19525.00 19675.00 18680.00 18750.00   +770.00    +4.28%
       3            71  3529      力旺                  920.00        195.00    12.28%   2530.00  2770.00  2530.00  2730.00     3450.00  3635.00  3305.00  3305.00   +575.00   +21.06%
       4            57  6683      雍智科技                515.00        220.00     5.00%   1260.00  1375.00  1235.00  1335.00     1495.00  1605.00  1490.00  1590.00   +255.00   +19.10%
       5           105  7751      竑騰                  330.00        130.00     3.39%   1305.00  1460.00  1305.00  1405.00     1625.00  1650.00  1530.00  1625.00   +220.00   +15.66%
       6            77  3131      弘塑                  310.00        115.00     3.30%   2275.00  2345.00  2250.00  2310.00     2505.00  2590.00  2435.00  2525.00   +215.00    +9.31%
       7            51  3324      雙鴻                  455.00        280.00     2.96%   1335.00  1355.00  1280.00  1305.00     1620.00  1645.00  1530.00  1530.00   +225.00   +17.24%
       8           128  8299      群聯                  345.00        185.00     2.71%   1920.00  1960.00  1910.00  1935.00     2150.00  2215.00  2140.00  2150.00   +215.00   +11.11%
       9            95  6274      台燿                  295.00        145.00     2.54%   1340.00  1440.00  1320.00  1410.00     1500.00  1550.00  1485.00  1520.00   +110.00    +7.80%
      10           224  6643      M31                 182.50         33.50     2.52%    402.00   432.00   400.00   420.50      506.00   555.00   500.00   555.00   +134.50   +31.99%
      11            93  6488      環球晶                 199.00         59.00     2.37%    880.00   907.00   872.00   900.00      966.00  1035.00   953.00  1035.00   +135.00   +15.00%
      12           101  8227      巨有科技                125.00         14.00     1.88%    240.50   259.00   235.00   241.00      370.50   370.50   370.50   370.50   +129.50   +53.73%
      13           105  3105      穩懋                  117.00          9.50     1.82%    423.00   451.00   420.00   444.00      509.00   542.00   509.00   542.00    +98.00   +22.07%
      14           104  7717      萊德光電-KY             145.50         44.00     1.72%    505.00   540.00   485.00   487.00      600.00   618.00   590.00   604.00   +117.00   +24.02%
      15            69  7792      安葆                  117.50         19.50     1.66%    301.00   313.00   300.00   312.00      420.00   424.00   413.00   424.00   +112.00   +35.90%
      16            53  4768      晶呈科技                 93.00          0.00     1.57%    295.50   313.00   289.00   301.00      365.00   382.00   360.00   380.00    +79.00   +26.25%
      17            95  3491      昇達科                 295.00        210.00     1.44%   1410.00  1460.00  1385.00  1390.00     1540.00  1540.00  1480.00  1500.00   +110.00    +7.91%
      18            53  7734      印能科技                440.00        355.00     1.44%   2455.00  2580.00  2445.00  2485.00     2740.00  2780.00  2630.00  2665.00   +180.00    +7.24%
      19            75  4542      科嶠                   93.50         10.00     1.41%    256.50   262.00   250.50   252.00      345.00   347.00   338.00   344.00    +92.00   +36.51%
      20           132  2221      大甲                   82.00          0.00     1.39%     92.80    97.80    89.20    89.90      178.00   198.00   170.00   197.50   +107.60  +119.69%
      21           107  3675      德微                   92.00         11.50     1.36%    258.00   284.50   256.00   284.50      337.00   338.00   328.50   330.00    +45.50   +15.99%
      22            74  3293      鈊象                   79.00          0.00     1.34%    692.00   703.00   687.00   699.00      781.00   791.00   777.00   788.00    +89.00   +12.73%
      23           106  5536      聖暉*                 116.00         49.00     1.13%    833.00   853.00   816.00   849.00      908.00   935.00   908.00   919.00    +70.00    +8.24%
      24            84  4749      新應材                  71.00         12.00     1.00%    707.00   727.00   701.00   709.00      782.00   788.00   752.00   766.00    +57.00    +8.04%
      25           152  3498      陽程                   73.00         17.00     0.95%    188.00   199.00   186.50   190.50      234.50   234.50   221.00   229.00    +38.50   +20.21%
      26           154  6187      萬潤                  155.00        100.00     0.93%   1210.00  1250.00  1185.00  1225.00     1375.00  1420.00  1275.00  1310.00    +85.00    +6.94%
      27            67  7728      光焱科技                112.00         58.00     0.91%    640.00   666.00   622.00   643.00      615.00   667.00   615.00   667.00    +24.00    +3.73%
      28            92  6693      廣閎科                  50.50          0.00     0.86%    163.00   184.00   163.00   179.00      222.50   223.50   210.00   211.50    +32.50   +18.16%
      29            78  8027      鈦昇                   48.00          0.00     0.81%    165.50   169.50   161.00   166.00      222.00   222.00   219.00   222.00    +56.00   +33.73%
      30           124  7772      耀穎                   55.00         14.50     0.69%    125.00   131.50   123.00   126.00      180.00   180.00   175.00   176.00    +50.00   +39.68%
      31           161  4991      環宇-KY               117.50         77.50     0.68%    430.00   451.50   422.00   445.00      485.00   498.00   471.50   488.00    +43.00    +9.66%
      32           108  3455      由田                   38.50          0.00     0.65%    230.00   237.00   222.50   230.50      268.50   279.00   260.50   267.00    +36.50   +15.84%
      33            93  6291      沛亨                   86.00         48.00     0.64%    460.50   484.50   440.00   466.50      504.00   510.00   494.00   500.00    +33.50    +7.18%
      34           110  6290      良維                   37.50          0.00     0.64%    253.00   262.00   252.00   260.00      272.00   283.50   270.00   280.00    +20.00    +7.69%
      35            56  6207      雷科                   37.00          0.00     0.63%    108.50   109.00   105.00   106.50      141.00   151.00   140.00   151.00    +44.50   +41.78%
      36            59  3264      欣銓                   61.00         24.50     0.62%    225.00   232.00   222.00   227.50      243.50   247.00   238.00   243.50    +16.00    +7.03%
      37            26  6922      宸曜                   31.50          0.00     0.53%    183.50   188.50   183.00   185.50      228.50   230.00   218.50   221.00    +35.50   +19.14%
      38            65  3219      倚強科                  30.80          0.00     0.52%     84.80    87.90    84.50    85.10      130.00   134.50   127.50   131.50    +46.40   +54.52%
      39            41  6147      頎邦                   30.50          0.00     0.52%    176.00   191.50   171.00   189.00      211.50   214.50   209.00   209.50    +20.50   +10.85%
      40            67  6811      宏碁資訊                 39.50         10.00     0.50%    235.00   248.00   233.00   248.00      241.00   241.00   237.50   240.50     -7.50    -3.02%
==========================================================================================================================================================================
✅ 共 40 筆


══════════════════════════════════════════════════════════════════════════════════════════════════════════════
  🔄 第  2/10 次  2026/09/11 ～ 2026/09/29
══════════════════════════════════════════════════════════════════════════════════════════════════════════════

==========================================================================================================================================================================
📊 累計漲跌停強度排名 (2026/09/11 ~ 2026/09/29)
==========================================================================================================================================================================
    實資排名        累計天數排名  代號        名稱                 累計漲停(元)       累計跌停(元)       強度%  (09/11)開盤      最高      最低      收盤    (09/29)開盤      最高      最低      收盤      賺賠    賺賠率
--------------------------------------------------------------------------------------------------------------------------------------------------------------------------
       1             7  7856      漢測                 2480.00        415.00    58.66%        --       --       --       --     4580.00  4580.00  4255.00  4315.00        --        --
       2            21  5274      信驊                 3480.00       2785.00    19.74%  17805.00 18245.00 17730.00 17885.00    20430.00 20430.00 19040.00 19395.00  +1510.00    +8.44%
       3            75  3529      力旺                  920.00        345.00    16.33%   2690.00  2720.00  2550.00  2580.00     3175.00  3410.00  3145.00  3305.00   +725.00   +28.10%
       4            55  3324      雙鴻                  455.00        260.00     5.54%   1400.00  1405.00  1325.00  1360.00     1680.00  1680.00  1595.00  1630.00   +270.00   +19.85%
       5            56  6683      雍智科技                400.00        220.00     5.11%   1265.00  1310.00  1255.00  1290.00     1515.00  1540.00  1450.00  1475.00   +185.00   +14.34%
       6            87  3491      昇達科                 355.00        200.00     4.40%   1310.00  1440.00  1310.00  1415.00     1595.00  1630.00  1510.00  1510.00    +95.00    +6.71%
       7            84  7717      萊德光電-KY             164.00         44.00     3.41%    470.00   528.00   463.00   517.00      607.00   612.00   588.00   592.00    +75.00   +14.51%
       8            94  8227      巨有科技                113.00         14.00     2.81%    235.00   239.00   229.50   239.00      313.00   337.00   308.00   337.00    +98.00   +41.00%
       9           106  6274      台燿                  260.00        175.00     2.41%   1355.00  1395.00  1335.00  1365.00     1495.00  1515.00  1465.00  1485.00   +120.00    +8.79%
      10           245  6643      M31                 132.50         51.00     2.32%    419.00   419.00   406.00   406.00      509.00   534.00   502.00   505.00    +99.00   +24.38%
      11           100  7792      安葆                  117.50         36.00     2.32%    316.50   320.00   305.50   305.50      427.50   430.00   400.00   416.00   +110.50   +36.17%
      12           152  3675      德微                   92.00         21.50     2.00%    263.00   266.00   256.00   259.00      337.50   354.50   331.00   334.00    +75.00   +28.96%
      13           108  4542      科嶠                   93.50         24.50     1.96%    263.50   271.00   258.50   262.00      329.00   342.00   329.00   339.00    +77.00   +29.39%
      14           115  3293      鈊象                   79.00         11.00     1.93%    703.00   703.00   693.00   693.00      774.00   796.00   766.00   779.00    +86.00   +12.41%
      15           117  2221      大甲                   64.50          0.00     1.83%    103.00   105.50    95.40    95.40      169.00   180.00   167.50   180.00    +84.60   +88.68%
      16            83  4768      晶呈科技                 70.50         11.00     1.69%    302.50   304.00   295.50   296.00      325.50   357.50   323.00   357.50    +61.50   +20.78%
      17           152  3498      陽程                   73.00         17.00     1.59%    188.00   196.00   184.50   192.00      216.00   235.00   212.00   235.00    +43.00   +22.40%
      18           110  7751      竑騰                  260.00        205.00     1.56%   1430.00  1485.00  1420.00  1425.00     1515.00  1560.00  1470.00  1555.00   +130.00    +9.12%
      19           127  8299      群聯                  310.00        260.00     1.42%   2000.00  2000.00  1920.00  1990.00     2105.00  2135.00  2080.00  2115.00   +125.00    +6.28%
      20           144  6693      廣閎科                  50.50          9.50     1.16%    173.50   177.00   169.00   169.00      206.50   220.50   203.50   218.00    +49.00   +28.99%
      21           124  7772      耀穎                   55.00         14.50     1.15%    115.00   132.00   115.00   132.00      176.00   179.50   172.50   176.00    +44.00   +33.33%
      22           108  3455      由田                   38.50          0.00     1.09%    229.00   241.00   222.00   233.50      258.50   276.00   256.00   267.00    +33.50   +14.35%
      23            38  6870      騰雲                   74.00         36.00     1.08%    291.00   311.50   287.00   306.50      335.50   335.50   328.50   330.50    +24.00    +7.83%
      24           123  6488      環球晶                 109.00         74.00     0.99%    887.00   912.00   882.00   902.00      940.00   964.00   930.00   945.00    +43.00    +4.77%
      25           123  3105      穩懋                   68.00         33.50     0.98%    449.50   450.00   435.00   437.50      496.50   498.50   484.50   493.00    +55.50   +12.69%
      26            37  3441      聯一光                  31.50          0.00     0.89%    149.50   166.00   147.00   166.00      177.50   185.00   176.00   185.00    +19.00   +11.45%
      27            26  6922      宸曜                   31.50          0.00     0.89%    187.00   189.00   185.00   186.00      212.00   228.50   210.00   225.00    +39.00   +20.97%
      28            65  3219      倚強科                  30.80          0.00     0.87%     86.00    87.10    84.80    85.60      123.50   125.50   120.50   125.50    +39.90   +46.61%
      29            67  6811      宏碁資訊                 39.50         10.00     0.84%    219.50   227.50   219.50   225.50      244.00   244.00   237.50   239.50    +14.00    +6.21%
      30            65  8027      鈦昇                   28.00          0.00     0.80%    170.50   173.50   167.50   167.50      187.00   202.00   185.50   202.00    +34.50   +20.60%
      31            21  6690      安碁資訊                 27.50          0.00     0.78%    165.50   174.00   165.50   171.00      181.00   181.00   176.50   177.50     +6.50    +3.80%
      32           107  3264      欣銓                   61.00         34.00     0.77%    235.50   237.00   227.00   230.50      245.00   245.00   238.00   241.50    +11.00    +4.77%
      33           173  6187      萬潤                  155.00        130.00     0.71%   1250.00  1275.00  1220.00  1250.00     1230.00  1310.00  1230.00  1310.00    +60.00    +4.80%
      34            64  5432      新門                   24.50          0.00     0.70%    151.00   151.00   147.00   149.00      163.50   164.00   160.00   160.50    +11.50    +7.72%
      35            37  6207      雷科                   23.50          0.00     0.67%    110.00   116.00   109.00   112.00      130.50   137.50   127.50   137.50    +25.50   +22.77%
      36            30  6667      信紘科                  23.50          0.00     0.67%    262.50   264.50   246.50   247.00      260.50   264.00   258.50   259.00    +12.00    +4.86%
      37           100  4749      新應材                  71.00         48.00     0.65%    750.00   750.00   720.00   721.00      728.00   780.00   725.00   764.00    +43.00    +5.96%
      38           112  6538      倉和                  137.50        114.50     0.65%    337.50   370.00   337.50   368.00      400.00   417.00   358.50   358.50     -9.50    -2.58%
      39             9  4772      台特化                  22.50          0.00     0.64%    239.50   239.50   233.50   234.00      252.00   273.00   250.00   271.00    +37.00   +15.81%
      40           112  5536      聖暉*                  99.00         77.00     0.62%    859.00   859.00   833.00   836.00      902.00   907.00   886.00   902.00    +66.00    +7.89%
==========================================================================================================================================================================
✅ 共 40 筆


══════════════════════════════════════════════════════════════════════════════════════════════════════════════
  🔄 第  3/10 次  2026/09/10 ～ 2026/09/24
══════════════════════════════════════════════════════════════════════════════════════════════════════════════

==========================================================================================================================================================================
📊 累計漲跌停強度排名 (2026/09/10 ~ 2026/09/24)
==========================================================================================================================================================================
    實資排名        累計天數排名  代號        名稱                 累計漲停(元)       累計跌停(元)       強度%  (09/10)開盤      最高      最低      收盤    (09/24)開盤      最高      最低      收盤      賺賠    賺賠率
--------------------------------------------------------------------------------------------------------------------------------------------------------------------------
       1             5  7856      漢測                 2480.00        125.00    58.25%        --       --       --       --     4675.00  4695.00  4530.00  4605.00        --        --
       2            22  5274      信驊                 3575.00       2345.00    30.43%  18280.00 18865.00 17900.00 18700.00    20485.00 20505.00 19705.00 19835.00  +1135.00    +6.07%
       3            80  3529      力旺                  845.00        395.00    11.13%   2790.00  2835.00  2720.00  2730.00     3250.00  3315.00  3160.00  3230.00   +500.00   +18.32%
       4            55  3324      雙鴻                  510.00        180.00     8.16%   1355.00  1440.00  1355.00  1440.00     1595.00  1750.00  1590.00  1710.00   +270.00   +18.75%
       5            92  6274      台燿                  310.00        165.00     3.59%   1345.00  1400.00  1330.00  1395.00     1485.00  1530.00  1475.00  1495.00   +100.00    +7.17%
       6            51  6683      雍智科技                400.00        255.00     3.59%   1340.00  1345.00  1260.00  1290.00     1555.00  1585.00  1495.00  1520.00   +230.00   +17.83%
       7            83  7792      安葆                  117.50         16.50     2.50%    322.50   324.00   315.00   322.00      415.00   453.00   415.00   435.50   +113.50   +35.25%
       8            81  3491      昇達科                 355.00        255.00     2.47%   1425.00  1425.00  1350.00  1355.00     1545.00  1565.00  1520.00  1555.00   +200.00   +14.76%
       9            98  7717      萊德光電-KY             164.00         66.50     2.41%    515.00   519.00   483.00   486.50      602.00   608.00   588.00   594.00   +107.50   +22.10%
      10            97  8227      巨有科技                102.00         14.00     2.18%    203.00   217.50   201.00   217.50      305.00   309.00   295.00   306.50    +89.00   +40.92%
      11           254  6643      M31                 132.50         50.50     2.03%    429.50   434.50   423.00   423.50      471.00   524.00   471.00   515.00    +91.50   +21.61%
      12           152  3675      德微                   92.00         21.50     1.74%    272.00   276.50   269.00   269.00      332.00   335.00   320.50   335.00    +66.00   +24.54%
      13            85  4542      科嶠                   82.50         24.50     1.43%    282.50   282.50   272.00   276.50      323.50   357.00   320.50   328.00    +51.50   +18.63%
      14           128  6538      倉和                  137.50         85.50     1.29%    338.00   349.00   335.00   338.50      403.00   409.50   389.00   398.00    +59.50   +17.58%
      15           104  3293      鈊象                   61.00         11.00     1.24%    708.00   710.00   702.00   704.00      734.00   774.00   734.00   761.00    +57.00    +8.10%
      16           104  2221      大甲                   48.50          0.00     1.20%     87.80    96.50    86.30    96.50      158.00   164.50   158.00   164.00    +67.50   +69.95%
      17           104  6173      信昌電                  57.50         11.50     1.14%    268.50   295.00   265.50   295.00      303.00   314.00   300.50   306.50    +11.50    +3.90%
      18           144  6693      廣閎科                  50.50          9.50     1.01%    181.50   182.50   177.00   178.50      201.50   212.50   194.00   209.50    +31.00   +17.37%
      19           124  7772      耀穎                   55.00         14.50     1.00%    125.00   136.50   121.00   123.00      173.00   182.00   170.50   180.00    +57.00   +46.34%
      20           122  8299      群聯                  310.00        270.00     0.99%   2100.00  2120.00  2065.00  2065.00     2195.00  2195.00  2095.00  2125.00    +60.00    +2.91%
      21           108  3455      由田                   38.50          0.00     0.95%    230.00   243.00   227.50   229.00      242.00   265.00   242.00   258.00    +29.00   +12.66%
      22           105  3693      營邦                   88.00         50.00     0.94%    700.00   719.00   687.00   691.00      732.00   748.00   713.00   729.00    +38.00    +5.50%
      23            38  6870      騰雲                   74.00         36.00     0.94%    280.00   293.00   280.00   286.50      336.50   340.00   318.00   336.50    +50.00   +17.45%
      24           142  3498      陽程                   52.00         17.00     0.87%    189.50   201.00   189.00   191.00      198.00   215.00   197.00   214.00    +23.00   +12.04%
      25           123  3105      穩懋                   68.00         33.50     0.85%    462.50   465.00   452.00   461.50      495.50   506.00   482.00   502.00    +40.50    +8.78%
      26            55  7825      和亞智慧                 60.60         26.50     0.84%     91.00   119.50    91.00   109.50       75.50    82.20    75.50    82.20    -27.30   -24.93%
      27            37  3441      聯一光                  31.50          0.00     0.78%    141.50   157.00   137.00   151.00      176.00   181.00   175.00   181.00    +30.00   +19.87%
      28            67  6811      宏碁資訊                 39.50         10.00     0.73%    222.50   222.50   220.00   220.50      249.00   250.50   242.50   244.50    +24.00   +10.88%
      29            21  6690      安碁資訊                 27.50          0.00     0.68%    163.00   163.00   160.50   160.50      180.00   181.00   177.50   179.00    +18.50   +11.53%
      30            77  4768      晶呈科技                 38.00         11.00     0.67%    308.00   309.50   297.00   307.00      325.00   328.00   315.00   325.00    +18.00    +5.86%
      31           107  3264      欣銓                   61.00         34.00     0.67%    242.00   251.50   236.00   240.00      250.00   255.00   244.00   246.00     +6.00    +2.50%
      32            64  5432      新門                   24.50          0.00     0.61%    157.50   163.00   153.00   153.00      163.50   169.00   163.00   167.50    +14.50    +9.48%
      33            30  6667      信紘科                  23.50          0.00     0.58%    253.50   253.50   249.50   251.00      260.00   264.00   256.50   261.50    +10.50    +4.18%
      34            59  3624      光頡                   33.00         10.50     0.56%    100.50   113.50   100.00   113.50      132.50   144.50   132.00   140.00    +26.50   +23.35%
      35           112  5536      聖暉*                  99.00         77.00     0.54%    862.00   872.00   844.00   864.00      890.00   905.00   881.00   902.00    +38.00    +4.40%
      36           119  6291      沛亨                   86.00         65.00     0.52%    473.00   503.00   471.00   495.00      486.50   497.00   478.50   484.00    -11.00    -2.22%
      37            91  6147      頎邦                   30.50          9.50     0.52%    193.50   202.50   189.00   190.50      214.50   215.00   210.50   213.50    +23.00   +12.07%
      38            40  3691      碩禾                   21.00          0.00     0.52%     98.30    99.00    97.10    97.30      126.50   130.50   118.50   121.00    +23.70   +24.36%
      39            56  6945      圓祥生技                 20.20          0.00     0.50%     95.10    98.50    94.70    98.50      135.50   138.00   134.50   138.00    +39.50   +40.10%
      40            43  3219      倚強科                  19.80          0.00     0.49%     88.30    89.50    87.40    88.30      107.00   114.50   105.50   114.50    +26.20   +29.67%
==========================================================================================================================================================================
✅ 共 40 筆


══════════════════════════════════════════════════════════════════════════════════════════════════════════════
  🔄 第  4/10 次  2026/09/09 ～ 2026/09/23
══════════════════════════════════════════════════════════════════════════════════════════════════════════════

==========================================================================================================================================================================
📊 累計漲跌停強度排名 (2026/09/09 ~ 2026/09/23)
==========================================================================================================================================================================
    實資排名        累計天數排名  代號        名稱                 累計漲停(元)       累計跌停(元)       強度%  (09/09)開盤      最高      最低      收盤    (09/23)開盤      最高      最低      收盤      賺賠    賺賠率
--------------------------------------------------------------------------------------------------------------------------------------------------------------------------
       1             1  7856      漢測                 2480.00          0.00    61.49%        --       --       --       --     4800.00  4800.00  4520.00  4730.00        --        --
       2            22  5274      信驊                 3575.00       2515.00    26.28%  19565.00 19575.00 18100.00 18605.00    20385.00 20620.00 19780.00 20280.00  +1675.00    +9.00%
       3            79  3529      力旺                  845.00        365.00    11.90%   2800.00  2875.00  2680.00  2780.00     3190.00  3350.00  3020.00  3305.00   +525.00   +18.88%
       4            57  3324      雙鴻                  440.00        180.00     6.45%   1375.00  1400.00  1320.00  1385.00     1605.00  1630.00  1555.00  1595.00   +210.00   +15.16%
       5            94  7717      萊德光電-KY             207.00         52.50     3.83%    476.00   512.00   472.00   509.00      601.00   631.00   596.00   608.00    +99.00   +19.45%
       6            50  6683      雍智科技                400.00        255.00     3.60%   1435.00  1505.00  1350.00  1370.00     1595.00  1605.00  1540.00  1555.00   +185.00   +13.50%
       7           117  8299      群聯                  310.00        180.00     3.22%   2100.00  2125.00  2070.00  2085.00     2280.00  2350.00  2200.00  2215.00   +130.00    +6.24%
       8            84  6274      台燿                  275.00        165.00     2.73%   1360.00  1405.00  1315.00  1345.00     1440.00  1485.00  1420.00  1460.00   +115.00    +8.55%
       9           109  8227      巨有科技                120.00         14.00     2.63%    183.00   198.00   178.50   198.00      308.50   310.00   290.00   310.00   +112.00   +56.57%
      10           125  6538      倉和                  165.50         73.00     2.29%    320.00   353.00   316.50   349.00      440.00   457.50   405.00   410.50    +61.50   +17.62%
      11            72  7792      安葆                   97.50         16.50     2.01%    317.00   328.50   312.50   322.50      378.50   415.50   378.00   415.50    +93.00   +28.84%
      12            71  3491      昇達科                 355.00        280.00     1.86%   1500.00  1550.00  1450.00  1455.00     1490.00  1575.00  1490.00  1565.00   +110.00    +7.56%
      13           152  3675      德微                   92.00         21.50     1.75%    271.50   278.00   270.50   271.50      309.00   332.00   307.50   332.00    +60.50   +22.28%
      14           113  3693      營邦                  119.00         50.00     1.71%    675.00   704.00   664.00   700.00      706.00   738.00   705.00   732.00    +32.00    +4.57%
      15            85  4542      科嶠                   82.50         24.50     1.44%    280.50   290.00   280.50   282.50      325.50   335.00   317.00   331.50    +49.00   +17.35%
      16           134  3105      穩懋                   90.50         33.50     1.41%    462.00   478.00   457.50   464.00      507.00   518.00   486.50   497.00    +33.00    +7.11%
      17           104  2221      大甲                   48.50          0.00     1.20%     85.80    90.00    85.60    87.80      166.00   168.50   149.50   158.50    +70.70   +80.52%
      18           104  6173      信昌電                  57.50         11.50     1.14%    278.00   281.50   267.00   268.50      306.00   313.00   301.00   302.50    +34.00   +12.66%
      19           247  6643      M31                  94.00         50.50     1.08%    445.50   446.00   432.50   433.00      497.00   501.00   475.00   476.50    +43.50   +10.05%
      20            56  3441      聯一光                  43.00          0.00     1.07%    132.50   144.00   129.00   143.50      180.50   180.50   175.50   177.50    +34.00   +23.69%
      21           124  7772      耀穎                   55.00         14.50     1.00%    144.00   144.00   122.00   130.00      199.00   199.00   171.00   173.50    +43.50   +33.46%
      22            38  6870      騰雲                   74.00         36.00     0.94%    293.00   298.50   288.50   289.00      306.50   328.50   298.50   328.50    +39.50   +13.67%
      23           132  6291      沛亨                  102.50         65.00     0.93%    474.00   506.00   473.50   480.00      501.00   504.00   485.00   493.00    +13.00    +2.71%
      24           149  5386      青雲                   75.50         38.50     0.92%    283.00   283.00   283.00   283.00      284.00   289.50   281.00   282.00     -1.00    -0.35%
      25            55  7825      和亞智慧                 60.60         26.50     0.85%        --       --       --       --       75.30    76.80    74.80    74.80        --        --
      26           134  5536      聖暉*                 110.00         77.00     0.82%    857.00   881.00   852.00   862.00      900.00   902.00   883.00   893.00    +31.00    +3.60%
      27           111  6147      頎邦                   42.00          9.50     0.81%    189.00   203.00   189.00   198.00      221.00   227.00   213.50   214.50    +16.50    +8.33%
      28            67  6811      宏碁資訊                 39.50         10.00     0.73%    224.00   224.00   222.50   223.00      253.00   253.00   247.00   248.50    +25.50   +11.43%
      29           126  6693      廣閎科                  38.00          9.50     0.71%    185.50   187.50   181.00   182.00      180.00   197.00   180.00   197.00    +15.00    +8.24%
      30            21  6690      安碁資訊                 27.50          0.00     0.68%    162.00   162.50   161.50   161.50      178.50   179.00   177.00   178.50    +17.00   +10.53%
      31            77  4768      晶呈科技                 38.00         11.00     0.67%    301.00   304.00   296.50   303.00      319.00   337.00   311.00   329.00    +26.00    +8.58%
      32           107  3264      欣銓                   61.00         34.00     0.67%    225.00   235.50   225.00   233.00      273.00   273.50   250.50   252.00    +19.00    +8.15%
      33            94  3455      由田                   24.50          0.00     0.61%    230.00   236.50   229.00   232.00      248.00   252.00   244.00   244.00    +12.00    +5.17%
      34            64  5432      新門                   24.50          0.00     0.61%    167.50   167.50   156.00   157.00      154.50   166.50   151.50   163.50     +6.50    +4.14%
      35            30  6667      信紘科                  23.50          0.00     0.58%    252.00   253.50   248.00   250.50      263.50   268.50   257.50   261.50    +11.00    +4.39%
      36            59  3624      光頡                   33.00         10.50     0.56%    102.00   106.00    99.80   103.50      122.00   134.00   122.00   134.00    +30.50   +29.47%
      37            40  3691      碩禾                   21.00          0.00     0.52%     98.80    99.20    97.90    98.30      118.50   121.50   117.00   121.50    +23.20   +23.60%
      38           136  6290      良維                   37.50         17.00     0.51%    272.50   284.00   271.00   275.00      277.50   281.50   272.50   274.00     -1.00    -0.36%
      39            56  6945      圓祥生技                 20.20          0.00     0.50%     97.20    97.20    95.40    95.40      135.00   137.50   128.00   137.00    +41.60   +43.61%
      40           129  3498      陽程                   37.00         17.00     0.50%    190.50   197.50   187.00   191.00      205.00   209.50   197.50   199.00     +8.00    +4.19%
==========================================================================================================================================================================
✅ 共 40 筆


══════════════════════════════════════════════════════════════════════════════════════════════════════════════
  🔄 第  5/10 次  2026/09/08 ～ 2026/09/22
══════════════════════════════════════════════════════════════════════════════════════════════════════════════

==========================================================================================================================================================================
📊 累計漲跌停強度排名 (2026/09/08 ~ 2026/09/22)
==========================================================================================================================================================================
    實資排名        累計天數排名  代號        名稱                 累計漲停(元)       累計跌停(元)       強度%  (09/08)開盤      最高      最低      收盤    (09/22)開盤      最高      最低      收盤      賺賠    賺賠率
--------------------------------------------------------------------------------------------------------------------------------------------------------------------------
       1             1  7856      漢測                 2480.00          0.00    51.90%        --       --       --       --     4400.00  4995.00  4305.00  4730.00        --        --
       2            21  5274      信驊                 3575.00       1890.00    35.27%  19260.00 19795.00 18840.00 19220.00    21800.00 21800.00 20625.00 20905.00  +1685.00    +8.77%
       3            79  3529      力旺                  905.00        365.00    11.30%   2640.00  2825.00  2555.00  2825.00     2895.00  3110.00  2890.00  3110.00   +285.00   +10.09%
       4            54  6510      精測                  745.00        515.00     4.81%   3485.00  3710.00  3405.00  3620.00     3515.00  3775.00  3460.00  3700.00    +80.00    +2.21%
       5            44  6683      雍智科技                400.00        220.00     3.77%   1400.00  1470.00  1395.00  1405.00     1645.00  1655.00  1585.00  1590.00   +185.00   +13.17%
       6            59  3324      雙鴻                  440.00        280.00     3.35%   1425.00  1425.00  1300.00  1340.00     1580.00  1630.00  1545.00  1600.00   +260.00   +19.40%
       7           130  6538      倉和                  181.50         38.00     3.00%    307.00   328.00   299.00   321.00      440.00   468.00   416.50   445.50   +124.50   +38.79%
       8           120  8227      巨有科技                136.00         14.00     2.55%    166.00   180.00   163.00   180.00      299.50   316.00   295.00   305.00   +125.00   +69.44%
       9            85  7717      萊德光電-KY             194.00         80.50     2.38%    493.50   510.00   456.00   466.00      606.00   621.00   586.00   595.00   +129.00   +27.68%
      10           137  8299      群聯                  280.00        190.00     1.88%   2115.00  2160.00  2080.00  2085.00     2195.00  2240.00  2165.00  2185.00   +100.00    +4.80%
      11           237  6643      M31                 121.00         37.50     1.75%    418.50   451.50   414.50   438.00      482.50   520.00   482.00   489.50    +51.50   +11.76%
      12           123  7772      耀穎                   66.50          0.00     1.39%    131.00   131.00   131.00   131.00      177.50   188.00   176.00   188.00    +57.00   +43.51%
      13            83  6274      台燿                  255.00        190.00     1.36%   1405.00  1430.00  1335.00  1345.00     1480.00  1510.00  1395.00  1440.00    +95.00    +7.06%
      14           141  6291      沛亨                  123.50         65.00     1.22%    458.00   483.00   458.00   463.50      520.00   520.00   492.50   501.00    +37.50    +8.09%
      15           134  3105      穩懋                   90.50         33.50     1.19%    457.00   458.00   440.00   441.50      501.00   515.00   489.00   501.00    +59.50   +13.48%
      16            99  3264      欣銓                   61.00          9.50     1.08%    234.00   242.00   222.50   225.00      289.00   289.50   274.50   276.50    +51.50   +22.89%
      17            63  7828      創新服務                560.00        510.00     1.05%   1890.00  2055.00  1890.00  2035.00     2110.00  2110.00  1920.00  1920.00   -115.00    -5.65%
      18           104  2221      大甲                   48.50          0.00     1.02%     87.20    90.90    85.50    85.80      152.00   154.00   147.50   154.00    +68.20   +79.49%
      19           103  4542      科嶠                   82.50         37.50     0.94%    288.00   293.50   275.00   275.00      318.00   332.50   310.00   332.50    +57.50   +20.91%
      20            67  7792      安葆                   60.00         16.50     0.91%    315.00   323.00   313.50   316.50      345.00   378.00   332.00   378.00    +61.50   +19.43%
      21            56  3441      聯一光                  43.00          0.00     0.90%    130.00   134.00   123.50   132.00      175.50   181.50   172.50   181.00    +49.00   +37.12%
      22           145  3675      德微                   62.00         21.50     0.85%    285.50   287.00   274.00   274.00      304.00   308.00   295.50   302.00    +28.00   +10.22%
      23           149  5386      青雲                   75.50         38.50     0.77%    259.50   264.50   257.50   257.50      290.50   293.00   280.50   281.50    +24.00    +9.32%
      24            55  7825      和亞智慧                 60.60         26.50     0.71%        --       --       --       --       77.40    77.50    74.90    75.50        --        --
      25           123  6173      信昌電                  57.50         24.50     0.69%    285.00   285.00   267.50   273.50      330.50   331.00   300.00   303.00    +29.50   +10.79%
      26           111  6147      頎邦                   42.00          9.50     0.68%    191.50   200.00   186.00   186.50      230.00   233.00   218.00   219.00    +32.50   +17.43%
      27            67  6811      宏碁資訊                 39.50         10.00     0.62%    226.50   227.50   222.50   224.00      260.50   260.50   250.00   251.50    +27.50   +12.28%
      28            21  6690      安碁資訊                 27.50          0.00     0.58%    162.00   162.50   162.00   162.00      180.00   181.50   178.00   180.00    +18.00   +11.11%
      29            94  3455      由田                   24.50          0.00     0.51%    235.00   236.50   227.50   229.50      257.50   260.50   246.00   247.50    +18.00    +7.84%
      30           124  3693      營邦                   87.00         63.00     0.50%    689.00   715.00   633.00   669.00      719.00   739.00   697.00   700.00    +31.00    +4.63%
      31            30  6667      信紘科                  23.50          0.00     0.49%    260.50   261.00   248.00   250.00      260.50   268.00   259.50   263.50    +13.50    +5.40%
      32           125  8064      東捷                   34.00         11.50     0.47%    134.50   134.50   134.50   134.50      139.00   142.00   133.00   134.00     -0.50    -0.37%
      33           115  6231      系微                   31.50          9.50     0.46%    211.50   235.00   211.00   235.00      228.00   230.00   223.00   224.50    -10.50    -4.47%
      34           136  6290      良維                   37.50         17.00     0.43%    272.00   272.00   262.00   264.50      286.00   291.50   275.50   276.00    +11.50    +4.35%
      35            56  6945      圓祥生技                 20.20          0.00     0.42%     94.60    96.70    94.60    95.80      130.50   137.50   130.50   135.00    +39.20   +40.92%
      36           129  3498      陽程                   37.00         17.00     0.42%    189.00   192.00   185.50   189.50      202.00   210.00   196.50   205.50    +16.00    +8.44%
      37            95  3293      鈊象                   29.00         11.00     0.38%    714.00   714.00   704.00   708.00      725.00   729.00   719.00   727.00    +19.00    +2.68%
      38            41  6217      中探針                  16.00          0.00     0.33%    180.00   186.00   177.50   178.00      180.00   180.00   169.00   170.50     -7.50    -4.21%
      39            15  5209      新鼎                   15.00          0.00     0.31%    153.00   153.00   152.00   153.00      173.00   173.00   169.50   169.50    +16.50   +10.78%
      40            44  7556      意德士                  14.50          0.00     0.30%    249.00   249.00   246.00   246.00      261.50   264.00   258.50   258.50    +12.50    +5.08%
==========================================================================================================================================================================
✅ 共 40 筆


══════════════════════════════════════════════════════════════════════════════════════════════════════════════
  🔄 第  6/10 次  2026/09/07 ～ 2026/09/21
══════════════════════════════════════════════════════════════════════════════════════════════════════════════

==========================================================================================================================================================================
📊 累計漲跌停強度排名 (2026/09/07 ~ 2026/09/21)
==========================================================================================================================================================================
    實資排名        累計天數排名  代號        名稱                 累計漲停(元)       累計跌停(元)       強度%  (09/07)開盤      最高      最低      收盤    (09/21)開盤      最高      最低      收盤      賺賠    賺賠率
--------------------------------------------------------------------------------------------------------------------------------------------------------------------------
       1            20  5274      信驊                 4235.00       1890.00    60.39%  19215.00 19215.00 18700.00 19215.00    19400.00 19820.00 19200.00 19820.00   +605.00    +3.15%
       2            79  3529      力旺                  810.00        365.00    11.46%   2435.00  2590.00  2385.00  2570.00     2880.00  2950.00  2820.00  2830.00   +260.00   +10.12%
       3            26  6223      旺矽                 1100.00        765.00     8.63%   5225.00  5575.00  5165.00  5490.00     5845.00  5850.00  5410.00  5495.00     +5.00    +0.09%
       4            50  6683      雍智科技                450.00        135.00     8.11%   1455.00  1495.00  1395.00  1410.00     1655.00  1740.00  1625.00  1675.00   +265.00   +18.79%
       5            96  7717      萊德光電-KY             238.50         80.50     4.07%    492.50   494.00   492.00   494.00      605.00   622.00   565.00   592.00    +98.00   +19.84%
       6            55  6510      精測                  650.00        515.00     3.48%   3470.00  3645.00  3350.00  3470.00     3600.00  3680.00  3365.00  3485.00    +15.00    +0.43%
       7           135  8299      群聯                  325.00        190.00     3.48%   2075.00  2115.00  2065.00  2095.00     2145.00  2190.00  2115.00  2150.00    +55.00    +2.63%
       8           118  6538      倉和                  162.50         38.00     3.21%    295.50   315.00   281.50   305.00      412.00   426.50   400.00   426.50   +121.50   +39.84%
       9            63  7828      創新服務                560.00        450.00     2.83%   1990.00  2000.00  1855.00  1870.00     2140.00  2145.00  2030.00  2040.00   +170.00    +9.09%
      10           107  8227      巨有科技                118.50         14.00     2.69%    160.50   169.50   158.00   164.00      282.00   287.50   271.50   287.50   +123.50   +75.30%
      11            76  3131      弘塑                  400.00        325.00     1.93%   2400.00  2585.00  2390.00  2555.00     2480.00  2525.00  2445.00  2465.00    -90.00    -3.52%
      12           219  6643      M31                 109.50         37.50     1.85%    415.50   415.50   408.00   411.00      461.00   486.00   457.00   478.00    +67.00   +16.30%
      13            83  6274      台燿                  255.00        190.00     1.67%   1395.00  1405.00  1345.00  1370.00     1385.00  1445.00  1355.00  1435.00    +65.00    +4.74%
      14           141  7772      耀穎                   60.00          0.00     1.55%    119.50   119.50   119.50   119.50      152.00   171.00   147.00   171.00    +51.50   +43.10%
      15           136  6173      信昌電                  83.50         24.50     1.52%    273.50   286.50   273.00   286.50      311.00   318.50   308.00   308.00    +21.50    +7.50%
      16            99  3264      欣銓                   61.00          9.50     1.33%    230.00   233.00   227.00   227.00      274.00   284.00   266.00   284.00    +57.00   +25.11%
      17           114  3105      穩懋                   80.00         33.50     1.20%    453.50   463.00   446.50   450.50      497.00   504.00   486.00   490.50    +40.00    +8.88%
      18           153  6291      沛亨                  123.50         79.00     1.15%    457.00   459.50   440.50   442.50      522.00   522.00   506.00   508.00    +65.50   +14.80%
      19           140  3693      營邦                  106.00         63.00     1.11%    669.00   700.00   665.00   682.00      704.00   712.00   691.00   702.00    +20.00    +2.93%
      20           145  3675      德微                   62.00         21.50     1.04%    283.50   290.00   279.50   282.00      296.50   303.00   287.50   294.50    +12.50    +4.43%
      21            49  6667      信紘科                  39.00          0.00     1.00%    245.50   261.50   245.50   255.00      264.00   269.50   258.00   259.50     +4.50    +1.76%
      22           149  5386      青雲                   75.50         38.50     0.95%    260.50   265.00   259.50   259.50      292.00   295.00   286.50   287.50    +28.00   +10.79%
      23           141  3680      家登                  109.50         74.50     0.90%    528.00   535.00   524.00   529.00      536.00   553.00   531.00   548.00    +19.00    +3.59%
      24            57  3324      雙鴻                  360.00        325.00     0.90%   1505.00  1505.00  1425.00  1440.00     1500.00  1535.00  1460.00  1520.00    +80.00    +5.56%
      25            87  2221      大甲                   34.50          0.00     0.89%     90.00    90.60    83.70    86.70      136.00   140.00   136.00   140.00    +53.30   +61.48%
      26            55  7825      和亞智慧                 60.60         26.50     0.88%        --       --       --       --       79.00    79.00    76.00    76.10        --        --
      27           158  8064      東捷                   44.50         11.50     0.85%    115.00   123.00   109.00   122.50      137.00   142.00   133.50   138.00    +15.50   +12.65%
      28           111  6147      頎邦                   42.00          9.50     0.84%    184.50   198.00   182.50   191.00      230.00   230.00   222.50   224.00    +33.00   +17.28%
      29            70  3441      聯一光                  43.00         12.00     0.80%    140.00   141.50   129.00   131.00      190.00   190.00   175.00   177.50    +46.50   +35.50%
      30            67  6811      宏碁資訊                 39.50         10.00     0.76%    234.00   237.00   221.50   223.50      270.00   271.50   254.50   256.50    +33.00   +14.77%
      31            21  6690      安碁資訊                 27.50          0.00     0.71%    163.00   163.50   162.50   163.00      186.00   186.00   176.50   180.50    +17.50   +10.74%
      32            21  7714      創泓科技                 25.00          0.00     0.64%    161.50   163.50   159.00   162.50      178.00   179.00   172.00   174.50    +12.00    +7.38%
      33            94  3455      由田                   24.50          0.00     0.63%    242.50   242.50   233.00   235.00      252.00   263.50   251.00   256.50    +21.50    +9.15%
      34            62  6617      共信-KY                24.50          0.00     0.63%    135.00   135.00   135.00   135.00      143.00   143.00   139.00   141.00     +6.00    +4.44%
      35            95  6620      漢達                   36.00         11.50     0.63%    114.50   118.00   107.50   113.00      151.50   152.00   135.00   137.50    +24.50   +21.68%
      36            77  5432      新門                   24.00          0.00     0.62%    159.00   170.00   154.00   164.50      171.50   171.50   161.00   161.00     -3.50    -2.13%
      37            68  6870      騰雲                   56.00         33.00     0.59%    291.00   315.00   284.50   301.50      310.50   319.00   307.00   312.00    +10.50    +3.48%
      38           115  6231      系微                   31.50          9.50     0.57%    214.50   214.50   212.00   214.00      224.00   228.00   219.00   223.50     +9.50    +4.44%
      39            23  3624      光頡                   21.00          0.00     0.54%     95.10   102.00    93.80    96.90      130.00   138.00   129.00   132.50    +35.60   +36.74%
      40           136  6290      良維                   37.50         17.00     0.53%    278.00   283.00   266.00   269.50      280.00   284.50   277.00   281.00    +11.50    +4.27%
==========================================================================================================================================================================
✅ 共 40 筆


══════════════════════════════════════════════════════════════════════════════════════════════════════════════
  🔄 第  7/10 次  2026/09/04 ～ 2026/09/18
══════════════════════════════════════════════════════════════════════════════════════════════════════════════

==========================================================================================================================================================================
📊 累計漲跌停強度排名 (2026/09/04 ~ 2026/09/18)
==========================================================================================================================================================================
    實資排名        累計天數排名  代號        名稱                 累計漲停(元)       累計跌停(元)       強度%  (09/04)開盤      最高      最低      收盤    (09/18)開盤      最高      最低      收盤      賺賠    賺賠率
--------------------------------------------------------------------------------------------------------------------------------------------------------------------------
       1            20  5274      信驊                 3705.00       2270.00    27.39%  18490.00 18490.00 17410.00 17470.00    18890.00 19500.00 18870.00 19290.00  +1820.00   +10.42%
       2            30  6223      旺矽                 1210.00        460.00    14.31%   5175.00  5280.00  5090.00  5155.00     5625.00  5840.00  5620.00  5800.00   +645.00   +12.51%
       3            76  3529      力旺                  865.00        350.00     9.83%   2420.00  2515.00  2355.00  2385.00     2770.00  2890.00  2760.00  2845.00   +460.00   +19.29%
       4            62  7828      創新服務                735.00        365.00     7.06%   1810.00  1930.00  1775.00  1930.00     2010.00  2125.00  2010.00  2125.00   +195.00   +10.10%
       5            53  6683      雍智科技                450.00        160.00     5.53%   1420.00  1460.00  1335.00  1360.00     1600.00  1670.00  1570.00  1670.00   +310.00   +22.79%
       6           110  7717      萊德光電-KY             279.00         80.50     3.79%    416.00   449.50   416.00   449.50      601.00   624.00   594.00   600.00   +150.50   +33.48%
       7            47  6510      精測                  650.00        480.00     3.24%   3465.00  3540.00  3320.00  3350.00     3330.00  3520.00  3320.00  3520.00   +170.00    +5.07%
       8            72  3491      昇達科                 370.00        215.00     2.96%   1465.00  1520.00  1425.00  1505.00     1515.00  1565.00  1475.00  1565.00    +60.00    +3.99%
       9           149  8299      群聯                  330.00        190.00     2.67%   2025.00  2050.00  1970.00  2015.00     2030.00  2140.00  2010.00  2140.00   +125.00    +6.20%
      10            58  3324      雙鴻                  455.00        325.00     2.48%   1465.00  1485.00  1410.00  1485.00     1480.00  1515.00  1420.00  1480.00     -5.00    -0.34%
      11           132  6538      倉和                  151.00         38.00     2.16%    261.50   300.00   257.50   300.00      352.50   388.00   348.50   388.00    +88.00   +29.33%
      12           107  8227      巨有科技                118.50         14.00     1.99%    159.00   160.00   155.00   158.50      263.00   279.00   252.00   279.00   +120.50   +76.03%
      13           161  6173      信昌電                 103.00         24.50     1.50%    260.00   265.00   254.50   260.50      309.00   314.00   300.00   314.00    +53.50   +20.54%
      14            61  6739      竹陞科技                370.00        295.00     1.43%   1100.00  1140.00  1080.00  1135.00     1125.00  1180.00  1080.00  1150.00    +15.00    +1.32%
      15            91  3131      弘塑                  400.00        325.00     1.43%   2435.00  2460.00  2345.00  2385.00     2475.00  2475.00  2415.00  2445.00    +60.00    +2.52%
      16           154  5536      聖暉*                 144.00         77.00     1.28%    832.00   855.00   822.00   853.00      831.00   888.00   831.00   888.00    +35.00    +4.10%
      17            70  6667      信紘科                  60.50          0.00     1.15%    231.00   239.50   230.50   239.50      242.00   262.00   242.00   262.00    +22.50    +9.39%
      18           141  6291      沛亨                  123.50         63.00     1.15%    470.00   477.00   436.50   456.50      523.00   525.00   500.00   524.00    +67.50   +14.79%
      19           168  3693      營邦                  121.00         63.00     1.11%    669.00   678.00   644.00   663.00      717.00   721.00   693.00   704.00    +41.00    +6.18%
      20            93  3105      穩懋                   80.00         24.00     1.07%    465.00   465.00   438.50   449.50      487.50   502.00   467.00   500.00    +50.50   +11.23%
      21           175  7772      耀穎                   54.00          0.00     1.03%    109.00   109.00   109.00   109.00      148.00   160.50   147.00   155.50    +46.50   +42.66%
      22           211  6643      M31                  89.50         37.50     0.99%    410.50   413.50   405.50   407.50      450.00   458.00   439.50   458.00    +50.50   +12.39%
      23           122  6620      漢達                   45.50          0.00     0.87%    105.00   107.50    97.10   107.50      147.00   155.00   140.50   149.00    +41.50   +38.60%
      24           155  6290      良維                   62.00         17.00     0.86%    248.50   270.00   247.50   270.00      274.00   288.00   270.50   282.50    +12.50    +4.63%
      25           101  3441      聯一光                  56.00         12.00     0.84%    134.00   143.00   129.50   143.00      185.00   187.00   177.00   185.50    +42.50   +29.72%
      26           200  8064      東捷                   54.50         11.50     0.82%    104.50   112.00   104.00   112.00      127.50   136.00   125.00   136.00    +24.00   +21.43%
      27           145  3675      德微                   62.00         21.50     0.77%    281.00   283.50   268.00   282.00      291.00   300.00   287.00   294.00    +12.00    +4.26%
      28            47  6811      宏碁資訊                 39.50          0.00     0.75%    222.00   222.00   219.00   222.00      250.00   272.50   250.00   266.50    +44.50   +20.05%
      29           149  5386      青雲                   75.50         38.50     0.71%    263.50   266.50   252.00   258.50      287.00   294.00   286.00   294.00    +35.50   +13.73%
      30            88  3264      欣銓                   45.50          9.50     0.69%    231.00   232.00   224.50   227.00      251.00   268.50   250.50   268.50    +41.50   +18.28%
      31            55  7825      和亞智慧                 60.60         26.50     0.65%        --       --       --       --       82.00    84.80    78.70    79.70        --        --
      32           106  6617      共信-KY                34.00          0.00     0.65%    113.00   124.00   113.00   123.00      143.00   144.50   139.50   143.00    +20.00   +16.26%
      33           111  6147      頎邦                   42.00          9.50     0.62%    198.00   202.50   181.00   182.50      217.00   229.00   213.00   229.00    +46.50   +25.48%
      34           169  3374      精材                  110.00         79.50     0.58%    420.00   430.00   403.00   430.00      440.00   444.50   418.50   444.50    +14.50    +3.37%
      35           134  4908      前鼎                   51.00         23.50     0.52%    214.00   224.50   199.00   224.50      240.00   248.50   232.50   243.50    +19.00    +8.46%
      36            21  6690      安碁資訊                 27.50          0.00     0.52%    163.00   164.50   162.00   162.50      179.00   190.00   178.50   186.50    +24.00   +14.77%
      37            99  4979      華星光                 181.00        156.00     0.48%    615.00   629.00   590.00   629.00      578.00   611.00   571.00   611.00    -18.00    -2.86%
      38            21  7714      創泓科技                 25.00          0.00     0.48%    161.00   161.50   157.50   160.50      177.00   186.00   174.50   179.50    +19.00   +11.84%
      39            92  4768      晶呈科技                 36.00         11.00     0.48%    300.50   308.00   291.00   306.00      317.00   323.50   314.00   315.00     +9.00    +2.94%
      40            94  3455      由田                   24.50          0.00     0.47%    248.00   249.00   231.50   236.50      255.00   256.00   243.00   255.50    +19.00    +8.03%
==========================================================================================================================================================================
✅ 共 40 筆


══════════════════════════════════════════════════════════════════════════════════════════════════════════════
  🔄 第  8/10 次  2026/09/03 ～ 2026/09/17
══════════════════════════════════════════════════════════════════════════════════════════════════════════════

==========================================================================================================================================================================
📊 累計漲跌停強度排名 (2026/09/03 ~ 2026/09/17)
==========================================================================================================================================================================
    實資排名        累計天數排名  代號        名稱                 累計漲停(元)       累計跌停(元)       強度%  (09/03)開盤      最高      最低      收盤    (09/17)開盤      最高      最低      收盤      賺賠    賺賠率
--------------------------------------------------------------------------------------------------------------------------------------------------------------------------
       1            88  3081      聯亞                  180.00        855.00   102.01%   3425.00  3485.00  3110.00  3120.00     2910.00  2930.00  2715.00  2720.00   -400.00   -12.82%
       2            50  6510      精測                  330.00        565.00    35.51%   3495.00  3585.00  3235.00  3350.00     3260.00  3355.00  3165.00  3200.00   -150.00    -4.48%
       3            32  7734      印能科技                435.00        645.00    31.74%   2805.00  2925.00  2710.00  2710.00     2565.00  2735.00  2555.00  2580.00   -130.00    -4.80%
       4           125  5289      宜鼎                   80.00        240.00    24.18%   1445.00  1455.00  1345.00  1345.00     1310.00  1310.00  1260.00  1260.00    -85.00    -6.32%
       5           137  6187      萬潤                   80.00        220.00    21.16%   1365.00  1410.00  1300.00  1300.00     1250.00  1270.00  1210.00  1210.00    -90.00    -6.92%
       6            80  7751      竑騰                  270.00        405.00    20.40%   1555.00  1590.00  1450.00  1465.00     1430.00  1455.00  1395.00  1420.00    -45.00    -3.07%
       7            94  3363      上詮                   36.00        152.00    17.53%    798.00   850.00   767.00   774.00      698.00   699.00   653.00   655.00   -119.00   -15.37%
       8           147  3163      波若威                  83.00        195.00    16.93%    779.00   780.00   720.00   720.00      676.00   682.00   645.00   652.00    -68.00    -9.44%
       9           154  4991      環宇-KY                22.50        123.00    15.19%    536.00   560.00   480.50   484.50      445.00   458.00   428.50   431.00    -53.50   -11.04%
      10           132  4971      IET-KY               81.00        181.00    15.11%    678.00   719.00   605.00   611.00      604.00   606.00   555.00   555.00    -56.00    -9.17%
      11           140  6727      亞泰金屬                 13.00        110.50    14.73%    580.00   598.00   545.00   550.00      481.50   508.00   463.00   470.50    -79.50   -14.45%
      12            96  6274      台燿                  160.00        255.00    14.36%   1420.00  1430.00  1340.00  1345.00     1445.00  1460.00  1275.00  1320.00    -25.00    -1.86%
      13           141  6640      均華                  140.00        235.00    14.36%   1230.00  1240.00  1180.00  1185.00     1120.00  1200.00  1115.00  1120.00    -65.00    -5.49%
      14           155  8299      群聯                  160.00        255.00    14.36%   2085.00  2120.00  1990.00  2000.00     2000.00  2040.00  1950.00  1970.00    -30.00    -1.50%
      15           103  6584      南俊國際                 31.00        115.00    12.69%    667.00   673.00   628.00   629.00      557.00   571.00   550.00   551.00    -78.00   -12.40%
      16            96  4979      華星光                 126.00        208.00    12.39%    633.00   635.00   572.00   572.00      556.00   561.00   532.00   556.00    -16.00    -2.80%
      17           138  6488      環球晶                  91.00        144.00     8.01%    970.00   974.00   920.00   927.00      942.00   977.00   906.00   912.00    -15.00    -1.62%
      18            54  3324      雙鴻                  360.00        410.00     7.56%   1435.00  1455.00  1320.00  1350.00     1375.00  1460.00  1335.00  1385.00    +35.00    +2.59%
      19           159  7744      崴寶                   58.00        105.50     7.18%    538.00   540.00   518.00   521.00      499.00   517.00   499.00   508.00    -13.00    -2.50%
      20            65  6739      竹陞科技                300.00        340.00     6.05%   1120.00  1150.00  1075.00  1075.00     1055.00  1100.00  1055.00  1080.00     +5.00    +0.47%
      21           250  6829      千附精密                 39.50         78.50     5.89%    246.00   246.00   231.50   231.50      213.00   217.50   211.00   211.50    -20.00    -8.64%
      22            55  7728      光焱科技                 27.00         64.00     5.59%    675.00   678.00   636.00   639.00      637.00   637.00   626.00   632.00     -7.00    -1.10%
      23           213  4749      新應材                  63.00         99.00     5.44%    795.00   797.00   758.00   759.00      722.00   743.00   722.00   740.00    -19.00    -2.50%
      24           218  4966      譜瑞-KY                44.00         76.00     4.84%    580.00   582.00   558.00   558.00      543.00   566.00   542.00   556.00     -2.00    -0.36%
      25           116  3362      先進光                  12.00         43.00     4.68%    212.50   213.00   198.00   198.00      177.50   182.00   174.00   175.00    -23.00   -11.62%
      26           122  4542      科嶠                   25.00         56.00     4.68%    297.50   300.50   277.00   279.00      258.00   278.50   257.50   278.50     -0.50    -0.18%
      27           116  8358      金居                  106.00        136.50     4.61%    513.00   514.00   470.00   470.00      506.00   507.00   477.50   478.50     +8.50    +1.81%
      28           133  3211      順達                   11.00         38.50     4.16%    394.50   396.50   375.00   375.00      375.50   379.50   360.50   360.50    -14.50    -3.87%
      29           118  3555      博士旺                  13.50         38.00     3.70%    195.50   199.50   185.50   185.50      175.50   179.00   173.50   173.50    -12.00    -6.47%
      30           169  3234      光環                   25.50         40.50     2.27%    211.00   214.00   193.50   194.50      180.00   194.00   176.00   177.00    -17.50    -9.00%
      31            90  3131      弘塑                  350.00        365.00     2.27%   2440.00  2470.00  2365.00  2365.00     2365.00  2465.00  2365.00  2395.00    +30.00    +1.27%
      32           108  3498      陽程                   17.00         26.50     1.44%    216.00   221.50   191.00   192.00      192.50   193.00   180.00   184.50     -7.50    -3.91%
      33           108  5475      德宏                   12.00         20.00     1.21%    192.00   208.50   181.00   182.50      183.50   188.50   168.00   171.50    -11.00    -6.03%
      34           108  6907      雅特力-KY               18.00         23.50     0.83%    191.50   193.00   173.00   177.50      182.00   183.00   178.50   179.00     +1.50    +0.85%
      35           142  3260      威剛                   22.50         27.00     0.68%    417.00   419.50   394.00   395.00      405.50   405.50   395.00   395.00     +0.00    +0.00%
      36           158  3374      精材                   94.50         99.00     0.68%    420.00   424.00   393.00   400.00      429.00   445.00   423.00   429.00    +29.00    +7.25%
      37            71  3455      由田                   15.00         17.50     0.38%    260.00   273.50   239.00   239.00      242.50   263.00   239.50   246.00     +7.00    +2.93%
      38            13  6654      天正國際                 15.00         16.50     0.23%    200.50   220.00   200.50   215.00      201.00   202.00   199.00   200.00    -15.00    -6.98%
      39            60  6894      衛司特                  23.50         24.50     0.15%    353.00   357.00   349.00   349.00      355.00   361.50   355.00   355.00     +6.00    +1.72%
      40           100  6419      京晨科                   9.50          9.50    -0.00%    157.00   161.00   146.00   146.00      151.00   153.50   148.00   152.00     +6.00    +4.11%
==========================================================================================================================================================================
✅ 共 40 筆


══════════════════════════════════════════════════════════════════════════════════════════════════════════════
  🔄 第  9/10 次  2026/09/02 ～ 2026/09/16
══════════════════════════════════════════════════════════════════════════════════════════════════════════════

==========================================================================================================================================================================
📊 累計漲跌停強度排名 (2026/09/02 ~ 2026/09/16)
==========================================================================================================================================================================
    實資排名        累計天數排名  代號        名稱                 累計漲停(元)       累計跌停(元)       強度%  (09/02)開盤      最高      最低      收盤    (09/16)開盤      最高      最低      收盤      賺賠    賺賠率
--------------------------------------------------------------------------------------------------------------------------------------------------------------------------
       1            97  3081      聯亞                  180.00        800.00   134.72%   3425.00  3565.00  3375.00  3395.00     2695.00  2930.00  2695.00  2805.00   -590.00   -17.38%
       2            35  7734      印能科技                345.00        730.00    83.66%   2850.00  2850.00  2790.00  2795.00     2550.00  2585.00  2490.00  2490.00   -305.00   -10.91%
       3            71  7751      竑騰                  250.00        510.00    56.50%   1615.00  1685.00  1555.00  1555.00     1390.00  1415.00  1365.00  1400.00   -155.00    -9.97%
       4           128  6187      萬潤                   80.00        245.00    35.85%   1360.00  1410.00  1335.00  1340.00     1220.00  1255.00  1220.00  1220.00   -120.00    -8.96%
       5            93  3131      弘塑                  280.00        440.00    34.77%   2450.00  2460.00  2395.00  2405.00     2365.00  2365.00  2315.00  2325.00    -80.00    -3.33%
       6           133  5289      宜鼎                   80.00        235.00    33.68%   1450.00  1450.00  1420.00  1420.00     1285.00  1310.00  1270.00  1295.00   -125.00    -8.80%
       7           149  8299      群聯                  160.00        300.00    30.42%   2100.00  2115.00  2060.00  2065.00     1930.00  1985.00  1910.00  1985.00    -80.00    -3.87%
       8           174  4991      環宇-KY                22.50        137.00    24.88%    524.00   545.00   524.00   530.00      424.00   438.50   417.00   428.00   -102.00   -19.25%
       9           129  3163      波若威                  83.00        184.00    21.95%    749.00   767.00   749.00   766.00      640.00   675.00   640.00   663.00   -103.00   -13.45%
      10            74  6739      竹陞科技                270.00        370.00    21.73%   1130.00  1170.00  1120.00  1120.00     1065.00  1085.00  1050.00  1050.00    -70.00    -6.25%
      11           140  6727      亞泰金屬                 13.00        110.50    21.19%    580.00   605.00   570.00   580.00      472.00   487.00   472.00   477.00   -103.00   -17.76%
      12            86  3363      上詮                   36.00        123.00    18.90%    786.00   818.00   757.00   780.00      647.00   690.00   647.00   684.00    -96.00   -12.31%
      13           103  6584      南俊國際                 31.00        115.00    18.25%    660.00   679.00   650.00   658.00      539.00   558.00   533.00   555.00   -103.00   -15.65%
      14           120  4971      IET-KY               81.00        162.00    17.60%    654.00   726.00   650.00   669.00      530.00   574.00   530.00   574.00    -95.00   -14.20%
      15           224  4749      新應材                  39.00        111.00    15.65%    805.00   808.00   787.00   787.00      712.00   722.00   707.00   716.00    -71.00    -9.02%
      16           103  4979      華星光                 150.00        208.00    12.60%    600.00   624.00   600.00   624.00      516.00   547.00   510.00   547.00    -77.00   -12.34%
      17           143  6488      環球晶                  91.00        146.00    11.95%    976.00   982.00   951.00   967.00      927.00   940.00   910.00   937.00    -30.00    -3.10%
      18           200  4966      譜瑞-KY                29.00         76.00    10.21%    582.00   585.00   576.00   579.00      526.00   542.00   525.00   541.00    -38.00    -6.56%
      19            85  3491      昇達科                 245.00        290.00     9.78%   1445.00  1465.00  1405.00  1445.00     1410.00  1445.00  1380.00  1440.00     -5.00    -0.35%
      20           132  5536      聖暉*                  81.00        123.00     9.13%    880.00   880.00   823.00   823.00      842.00   853.00   839.00   839.00    +16.00    +1.94%
      21           103  6274      台燿                  160.00        200.00     8.69%   1435.00  1460.00  1400.00  1410.00     1360.00  1460.00  1345.00  1415.00     +5.00    +0.35%
      22           250  6829      千附精密                 39.50         78.50     8.47%    255.00   256.50   241.50   243.00      204.00   213.00   204.00   212.50    -30.50   -12.55%
      23           131  3211      順達                   11.00         43.00     6.95%    399.00   400.50   392.00   392.00      362.50   377.00   362.50   370.00    -22.00    -5.61%
      24           151  7744      崴寶                   80.00        105.50     5.54%    501.00   540.00   490.00   540.00      488.00   497.00   488.00   490.00    -50.00    -9.26%
      25           118  3555      博士旺                  13.50         38.00     5.32%    205.00   206.00   192.00   197.00      178.00   179.00   171.50   171.50    -25.50   -12.94%
      26            67  7728      光焱科技                 41.00         64.00     5.00%    674.00   688.00   660.00   667.00      643.00   647.00   629.00   635.00    -32.00    -4.80%
      27           126  8358      金居                  106.00        128.00     4.78%    515.00   521.00   503.00   503.00      495.50   510.00   482.50   510.00     +7.00    +1.39%
      28           132  3362      先進光                  22.00         43.00     4.56%    202.50   213.00   201.00   210.00      167.50   178.50   167.50   177.00    -33.00   -15.71%
      29            85  7805      威聯通                  13.00         32.00     4.13%    514.00   525.00   513.00   523.00      495.00   504.00   495.00   500.00    -23.00    -4.40%
      30           112  3105      穩懋                   51.00         69.50     4.02%    484.00   492.00   468.00   469.50      469.00   473.00   454.00   472.50     +3.00    +0.64%
      31           130  3680      家登                   78.50         96.50     3.91%    541.00   544.00   518.00   520.00      489.00   514.00   489.00   511.00     -9.00    -1.73%
      32            52  3324      雙鴻                  395.00        410.00     3.26%   1375.00  1465.00  1370.00  1435.00     1275.00  1375.00  1255.00  1360.00    -75.00    -5.23%
      33            40  6654      天正國際                 15.00         26.50     2.50%    213.00   213.00   195.00   200.00      199.00   205.00   199.00   202.00     +2.00    +1.00%
      34           108  3498      陽程                   17.00         26.50     2.06%    203.00   213.00   195.00   201.50      175.00   190.50   174.00   190.50    -11.00    -5.46%
      35           114  5475      德宏                   12.00         20.00     1.74%    195.50   204.50   190.00   190.00      171.50   186.00   171.50   182.00     -8.00    -4.21%
      36           108  6907      雅特力-KY               18.00         23.50     1.20%    184.50   192.50   184.00   191.00      176.50   182.00   176.50   181.50     -9.50    -4.97%
      37           145  6640      均華                  230.00        235.00     1.09%   1120.00  1230.00  1115.00  1210.00     1105.00  1120.00  1095.00  1115.00    -95.00    -7.85%
      38           142  3260      威剛                   22.50         27.00     0.98%    411.00   415.50   409.00   412.50      389.50   399.50   389.00   399.50    -13.00    -3.15%
      39           158  3374      精材                   94.50         99.00     0.98%    418.00   430.00   413.00   419.50      417.00   436.00   410.50   424.00     +4.50    +1.07%
      40           184  3234      光環                   36.50         40.50     0.87%    199.00   220.00   199.00   211.00      163.50   179.50   163.50   177.50    -33.50   -15.88%
==========================================================================================================================================================================
✅ 共 40 筆


══════════════════════════════════════════════════════════════════════════════════════════════════════════════
  🔄 第 10/10 次  2026/09/01 ～ 2026/09/15
══════════════════════════════════════════════════════════════════════════════════════════════════════════════

==========================================================================================================================================================================
📊 累計漲跌停強度排名 (2026/09/01 ~ 2026/09/15)
==========================================================================================================================================================================
    實資排名        累計天數排名  代號        名稱                 累計漲停(元)       累計跌停(元)       強度%  (09/01)開盤      最高      最低      收盤    (09/15)開盤      最高      最低      收盤      賺賠    賺賠率
--------------------------------------------------------------------------------------------------------------------------------------------------------------------------
       1            12  5274      信驊                 3720.00       2270.00  1241.44%  16210.00 17670.00 16000.00 17120.00    17980.00 18160.00 17405.00 17520.00   +400.00    +2.34%
       2            46  6510      精測                  920.00        510.00   351.03%   2925.00  3125.00  2925.00  3125.00     3325.00  3390.00  3215.00  3255.00   +130.00    +4.16%
       3            30  6223      旺矽                 1030.00        725.00   261.13%   5200.00  5585.00  5090.00  5410.00     5685.00  5800.00  5430.00  5440.00    +30.00    +0.55%
       4            46  6683      雍智科技                460.00        215.00   209.76%   1330.00  1330.00  1330.00  1330.00     1390.00  1465.00  1390.00  1450.00   +120.00    +9.02%
       5            51  3529      力旺                  885.00        660.00   192.64%   2490.00  2640.00  2490.00  2640.00     2720.00  2720.00  2610.00  2625.00    -15.00    -0.57%
       6           101  6538      倉和                  168.00         10.50   134.85%    224.00   226.00   224.00   226.00      372.50   376.00   364.00   365.00   +139.00   +61.50%
       7            94  6870      騰雲                   96.00         10.00    73.63%    259.00   277.00   259.00   277.00      306.00   334.50   306.00   329.00    +52.00   +18.77%
       8            74  7828      創新服務                430.00        345.00    72.77%   1800.00  1845.00  1745.00  1810.00     1910.00  2040.00  1845.00  1845.00    +35.00    +1.93%
       9            37  8227      巨有科技                 75.00          0.00    64.21%    161.00   172.00   160.00   164.00      239.00   253.00   239.00   249.50    +85.50   +52.13%
      10           151  3693      營邦                  128.00         63.00    55.65%    610.00   644.00   600.00   624.00      680.00   685.00   662.00   666.00    +42.00    +6.73%
      11           106  7717      萊德光電-KY             158.50         94.50    54.79%    430.00   443.50   424.50   429.50      478.50   503.00   472.00   479.50    +50.00   +11.64%
      12           132  6173      信昌電                  87.50         32.50    47.09%    255.50   270.50   254.00   261.50      299.00   308.00   289.50   294.50    +33.00   +12.62%
      13           164  6291      沛亨                  105.50         63.00    36.39%    405.00   434.00   405.00   424.00      459.00   467.50   445.00   446.00    +22.00    +5.19%
      14            40  6667      信紘科                  37.00          0.00    31.68%    217.50   217.50   214.00   217.50      245.50   246.50   236.00   236.00    +18.50    +8.51%
      15            55  7825      和亞智慧                 60.60         26.50    29.20%        --       --       --       --       88.20    88.90    80.60    81.00        --        --
      16            93  7772      耀穎                   31.50          0.00    26.97%     88.50    93.00    88.50    91.00      126.00   133.00   121.50   130.00    +39.00   +42.86%
      17            21  6690      安碁資訊                 27.50          0.00    23.54%    165.00   165.50   164.00   164.00      201.00   201.00   182.50   183.50    +19.50   +11.89%
      18            21  7714      創泓科技                 25.00          0.00    21.40%    172.00   172.00   167.00   167.50      184.00   190.00   178.00   178.00    +10.50    +6.27%
      19             9  6811      宏碁資訊                 22.50          0.00    19.26%    226.50   226.50   224.50   226.50      255.50   255.50   242.50   251.00    +24.50   +10.82%
      20            68  6617      共信-KY                21.50          0.00    18.41%    121.00   124.50   119.50   122.00      128.00   135.00   125.50   125.50     +3.50    +2.87%
      21            23  3624      光頡                   21.00          0.00    17.98%     88.50    93.40    88.50    90.20      122.50   129.50   120.00   123.50    +33.30   +36.92%
      22           129  8064      東捷                   32.50         11.50    17.98%    103.50   108.50   103.50   105.00      113.00   115.50   108.00   108.00     +3.00    +2.86%
      23            61  6620      漢達                   20.50          0.00    17.55%    102.00   102.00    86.80    86.80      127.50   132.50   122.00   122.00    +35.20   +40.55%
      24            81  6953      家碩                   29.00         10.00    16.27%    242.00   252.00   241.00   250.00      231.00   231.00   220.00   224.50    -25.50   -10.20%
      25           125  3441      聯一光                  39.50         21.50    15.41%    137.00   139.00   130.00   133.00      162.00   176.50   159.00   169.50    +36.50   +27.44%
      26            32  6217      中探針                  17.00          0.00    14.55%    174.50   189.50   171.50   189.50      159.00   169.50   156.00   156.50    -33.00   -17.41%
      27            52  3675      德微                   25.50         10.00    13.27%    274.00   286.00   274.00   278.50      288.00   291.50   269.00   269.00     -9.50    -3.41%
      28            15  5209      新鼎                   15.00          0.00    12.84%    155.50   155.50   154.00   155.50      175.00   175.00   171.50   172.50    +17.00   +10.93%
      29            75  6147      頎邦                   22.50          9.50    11.13%    178.00   187.00   175.50   183.50      194.50   206.50   194.50   200.00    +16.50    +8.99%
      30            23  7703      銳澤                   12.50          0.00    10.70%    179.50   182.50   179.50   182.50      195.00   201.00   195.00   199.00    +16.50    +9.04%
      31            59  6231      系微                   21.00          9.50     9.85%    219.50   224.00   219.00   222.50      210.00   214.50   205.50   205.50    -17.00    -7.64%
      32             9  6227      茂綸                   11.50          0.00     9.85%    112.00   115.50   111.50   113.50      127.00   134.50   124.50   132.50    +19.00   +16.74%
      33            39  3357      臺慶科                  11.00          0.00     9.42%    216.00   223.50   215.00   215.50      200.00   204.50   199.00   199.00    -16.50    -7.66%
      34            30  6877      鏵友益                  11.00          0.00     9.42%    114.00   117.00   113.00   115.00      110.50   112.50   108.00   108.00     -7.00    -6.09%
      35            40  6182      合晶                   10.50          0.00     8.99%    106.50   116.00   106.50   116.00      103.50   110.50   103.00   105.50    -10.50    -9.05%
      36           125  8042      金山電                  21.00         10.50     8.99%    105.50   114.00   105.50   107.50      111.00   116.00   110.00   110.00     +2.50    +2.33%
      37            42  3169      亞信                   10.00          0.00     8.56%    109.00   110.50   109.00   110.50      100.00   101.00    99.60   100.00    -10.50    -9.50%
      38            51  3324      雙鴻                  420.00        410.00     8.56%   1300.00  1375.00  1300.00  1375.00     1310.00  1365.00  1240.00  1260.00   -115.00    -8.36%
      39             8  6945      圓祥生技                  9.70          0.00     8.30%     98.70    99.30    96.00    96.50      100.00   109.50   100.00   109.50    +13.00   +13.47%
      40            35  6588      東典光電                  9.50          0.00     8.13%    111.50   112.00   107.00   109.00      106.50   107.00   100.00   100.00     -9.00    -8.26%
==========================================================================================================================================================================
✅ 共 40 筆
