
██████████████████████████████████████████████████████████████████████████████████████████████████████████████
  📅 天數組合: 3 日  →  輸出檔: q13_03.txt
██████████████████████████████████████████████████████████████████████████████████████████████████████████████

🔁 共執行 3 次，每次區間長度 4 個交易日

══════════════════════════════════════════════════════════════════════════════════════════════════════════════
  🔄 第  1/3 次  2026/09/23 ～ 2026/09/30
══════════════════════════════════════════════════════════════════════════════════════════════════════════════

==========================================================================================================================================================================
📊 動能效率優先權分數排名 (2026/09/23 ~ 2026/09/30)
==========================================================================================================================================================================
    實資排名          累計天數排名  代號        名稱                 累計漲停(元)       累計跌停(元)       強度%  (09/23)開盤      最高      最低      收盤    (09/30)開盤      最高      最低      收盤      賺賠    賺賠率
--------------------------------------------------------------------------------------------------------------------------------------------------------------------------
       1               1  6207      雷科                   37.00          0.00   100.00%    116.00   117.00   113.50   114.00      141.00   151.00   140.00   151.00    +37.00   +32.46%
       2               2  4768      晶呈科技                 72.50          0.00    91.00%    319.00   337.00   311.00   329.00      365.00   382.00   360.00   380.00    +51.00   +15.50%
       3               3  7728      光焱科技                 85.00          0.00    90.93%    580.00   591.00   576.00   589.00      615.00   667.00   615.00   667.00    +78.00   +13.24%
       4               6  2221      大甲                   33.50          0.00    81.93%    166.00   168.50   149.50   158.50      178.00   198.00   170.00   197.50    +39.00   +24.61%
       5              10  8147      正淩                   22.00          0.00    66.70%    136.50   139.50   135.00   137.50      149.50   160.50   148.00   158.50    +21.00   +15.27%
       6               4  6693      廣閎科                  30.00          0.00    65.85%    180.00   197.00   180.00   197.00      222.50   223.50   210.00   211.50    +14.50    +7.36%
       7               7  3498      陽程                   36.00          0.00    65.73%    205.00   209.50   197.50   199.00      234.50   234.50   221.00   229.00    +30.00   +15.08%
       8               5  7792      安葆                   57.50         19.50    64.67%    378.50   415.50   378.00   415.50      420.00   424.00   413.00   424.00     +8.50    +2.05%
       9               9  7751      竑騰                  205.00          0.00    61.62%   1420.00  1440.00  1410.00  1435.00     1625.00  1650.00  1530.00  1625.00   +190.00   +13.24%
      10               8  3624      光頡                   12.00          0.00    60.03%    122.00   134.00   122.00   134.00      140.50   144.00   134.00   137.50     +3.50    +2.61%
      11              13  6532      瑞耘                   20.00          0.00    58.64%     99.70    99.70    97.60    97.90      114.00   118.50   114.00   118.50    +20.60   +21.04%
      12              19  3615      安可                    0.00          0.00    52.16%     37.45    41.10    37.45    38.30       42.20    45.80    42.10    45.80     +7.50   +19.58%
      13              22  6620      漢達                   12.00          0.00    51.55%    126.50   132.50   125.00   130.00      137.50   145.00   133.00   141.00    +11.00    +8.46%
      14              11  6925      意藍                    0.00          0.00    50.72%     56.80    62.00    56.70    62.00       74.80    75.00    72.70    73.80    +11.80   +19.03%
      15              21  3581      博磊                   10.50          0.00    50.16%    103.00   106.00   102.50   105.00      109.50   117.00   109.50   117.00    +12.00   +11.43%
      16              12  8047      星雲                    0.00          0.00    49.13%     42.00    45.80    42.00    45.75       51.20    51.50    50.20    50.80     +5.05   +11.04%
      17              20  4174      浩鼎                    0.00          0.00    48.86%     29.25    32.60    29.00    32.60       39.00    39.20    38.55    39.20     +6.60   +20.25%
      18              17  6664      群翊                   24.00          0.00    48.73%    350.50   352.00   346.00   346.00      373.50   387.00   370.50   376.00    +30.00    +8.67%
      19              14  3219      倚強科                  21.00          0.00    47.78%    108.50   110.00   100.00   104.50      130.00   134.50   127.50   131.50    +27.00   +25.84%
      20              18  9960      邁達康                   0.00          0.00    47.33%     35.25    38.70    32.75    37.60       41.20    41.95    40.40    41.50     +3.90   +10.37%
      21              31  6182      合晶                   12.00          0.00    46.48%    120.00   125.00   114.50   115.50      123.00   133.00   121.00   133.00    +17.50   +15.15%
      22              27  3259      鑫創                    0.00          0.00    46.20%     10.20    10.35    10.15    10.35        9.60    10.65     8.90    10.65     +0.30    +2.90%
      23              25  8027      鈦昇                   38.00          0.00    46.08%    183.00   185.00   176.00   176.50      222.00   222.00   219.00   222.00    +45.50   +25.78%
      24              16  3455      由田                   14.00          0.00    45.74%    248.00   252.00   244.00   244.00      268.50   279.00   260.50   267.00    +23.00    +9.43%
      25              28  5309      系統電                   0.00          0.00    45.46%     52.40    52.40    51.30    51.50       60.50    64.00    60.00    62.70    +11.20   +21.75%
      26              24  6643      M31                  88.50         23.00    44.93%    497.00   501.00   475.00   476.50      506.00   555.00   500.00   555.00    +78.50   +16.47%
      27              29  8227      巨有科技                 64.00          0.00    44.77%    308.50   310.00   290.00   310.00      370.50   370.50   370.50   370.50    +60.50   +19.52%
      28              23  6122      擎邦                    0.00          0.00    43.25%     53.10    55.40    53.00    55.20       60.30    60.90    59.20    60.50     +5.30    +9.60%
      29              39  4556      旭然                    0.00          0.00    43.14%     85.20    93.60    85.20    93.60       93.70   101.50    93.70   101.50     +7.90    +8.44%
      30              45  5220      萬達光電                  0.00          0.00    42.56%     19.85    19.95    19.80    19.80       22.80    24.20    22.00    24.20     +4.40   +22.22%
      31             980  5205      中茂                    0.00          0.00    41.10%        --       --       --       --       17.30    18.90    17.30    18.90        --        --
      32              15  7734      印能科技                190.00         85.00    41.09%   2560.00  2610.00  2550.00  2580.00     2740.00  2780.00  2630.00  2665.00    +85.00    +3.29%
      33              26  8121      越峰                    0.00          0.00    40.51%     28.00    28.55    27.90    27.90       32.00    32.00    31.15    31.50     +3.60   +12.90%
      34              41  6241      鑫永洋                   0.00          0.00    40.24%     15.25    15.75    15.25    15.45       15.55    16.95    15.55    16.30     +0.85    +5.50%
      35              36  8040      九暘                    0.00          0.00    39.71%     86.80    93.00    85.40    91.10      101.00   102.50    98.00    98.50     +7.40    +8.12%
      36              52  8935      邦泰                    0.00          0.00    39.70%     17.30    17.50    17.25    17.30       19.00    20.40    18.80    19.65     +2.35   +13.58%
      37              48  4154      樂威科-KY                0.00          0.00    39.68%     11.50    12.25    11.50    11.85       12.50    12.50    12.50    12.50     +0.65    +5.49%
      38              32  3552      同致                    0.00          0.00    39.48%     39.55    43.05    39.55    43.05       43.80    44.55    43.00    44.10     +1.05    +2.44%
      39              34  3293      鈊象                   50.00          0.00    39.37%    728.00   730.00   724.00   729.00      781.00   791.00   777.00   788.00    +59.00    +8.09%
      40              50  4772      台特化                  22.50          0.00    39.26%    245.50   246.50   243.00   245.00      274.00   280.50   268.50   269.00    +24.00    +9.80%
==========================================================================================================================================================================
✅ 共 40 筆


══════════════════════════════════════════════════════════════════════════════════════════════════════════════
  🔄 第  2/3 次  2026/09/22 ～ 2026/09/29
══════════════════════════════════════════════════════════════════════════════════════════════════════════════

==========================================================================================================================================================================
📊 動能效率優先權分數排名 (2026/09/22 ~ 2026/09/29)
==========================================================================================================================================================================
    實資排名          累計天數排名  代號        名稱                 累計漲停(元)       累計跌停(元)       強度%  (09/22)開盤      最高      最低      收盤    (09/29)開盤      最高      最低      收盤      賺賠    賺賠率
--------------------------------------------------------------------------------------------------------------------------------------------------------------------------
       1               1  7792      安葆                   91.50         19.50   100.00%    345.00   378.00   332.00   378.00      427.50   430.00   400.00   416.00    +38.00   +10.05%
       2               2  3498      陽程                   45.50          0.00    92.89%    202.00   210.00   196.50   205.50      216.00   235.00   212.00   235.00    +29.50   +14.36%
       3               3  6693      廣閎科                  30.00          0.00    80.51%    180.50   184.00   179.00   179.50      206.50   220.50   203.50   218.00    +38.50   +21.45%
       4               4  3529      力旺                  550.00         75.00    63.31%   2895.00  3110.00  2890.00  3110.00     3175.00  3410.00  3145.00  3305.00   +195.00    +6.27%
       5               6  4768      晶呈科技                 50.00          0.00    62.41%    323.00   325.00   310.00   311.50      325.50   357.50   323.00   357.50    +46.00   +14.77%
       6               8  8227      巨有科技                 48.00          0.00    58.03%    299.50   316.00   295.00   305.00      313.00   337.00   308.00   337.00    +32.00   +10.49%
       7               7  6207      雷科                   23.50          0.00    57.10%    119.00   120.00   114.00   115.50      130.50   137.50   127.50   137.50    +22.00   +19.05%
       8               5  3219      倚強科                  30.80          0.00    56.99%    104.50   108.50    99.70   108.50      123.50   125.50   120.50   125.50    +17.00   +15.67%
       9              10  4542      科嶠                   41.00          0.00    53.21%    318.00   332.50   310.00   332.50      329.00   342.00   329.00   339.00     +6.50    +1.95%
      10               9  9960      邁達康                   0.00          0.00    53.03%     32.95    35.35    32.60    35.25       39.35    41.40    38.85    41.20     +5.95   +16.88%
      11              12  2221      大甲                   30.00          0.00    48.31%    152.00   154.00   147.50   154.00      169.00   180.00   167.50   180.00    +26.00   +16.88%
      12             178  8047      星雲                    0.00          0.00    48.03%        --       --       --       --       49.20    51.00    49.20    51.00        --        --
      13              13  6925      意藍                    0.00          0.00    46.22%     58.30    58.30    56.10    56.40       72.00    75.00    71.00    75.00    +18.60   +32.98%
      14              11  3324      雙鴻                  195.00         80.00    45.53%   1580.00  1630.00  1545.00  1600.00     1680.00  1680.00  1595.00  1630.00    +30.00    +1.88%
      15              17  4174      浩鼎                    0.00          0.00    45.15%     29.90    31.05    29.00    29.65       32.65    35.65    32.45    35.65     +6.00   +20.24%
      16              14  3710      連展投控                  0.00          0.00    44.63%      7.50     7.77     7.50     7.72        7.65     8.55     7.65     8.52     +0.80   +10.36%
      17              15  6664      群翊                   24.00          0.00    43.69%    348.50   348.50   342.00   347.00      358.50   372.00   355.50   370.00    +23.00    +6.63%
      18              21  8027      鈦昇                   18.00          0.00    42.82%    183.00   189.00   180.00   181.00      187.00   202.00   185.50   202.00    +21.00   +11.60%
      19              16  6122      擎邦                    0.00          0.00    42.46%     52.30    53.00    51.60    52.90       57.70    60.00    57.60    59.70     +6.80   +12.85%
      20              23  8040      九暘                    0.00          0.00    41.71%     84.70    91.50    84.70    85.10       93.00   102.50    92.50   100.00    +14.90   +17.51%
      21              25  6922      宸曜                   13.00          0.00    41.25%    206.00   208.50   203.00   204.00      212.00   228.50   210.00   225.00    +21.00   +10.29%
      22              18  8121      越峰                    0.00          0.00    40.99%     27.90    28.20    27.70    27.95       30.65    32.75    30.00    31.90     +3.95   +14.13%
      23              24  3455      由田                   14.00          0.00    40.44%    257.50   260.50   246.00   247.50      258.50   276.00   256.00   267.00    +19.50    +7.88%
      24              19  2924      宏太-KY                 0.00          0.00    40.44%     17.65    19.00    17.65    19.00       17.30    18.95    17.30    18.45     -0.55    -2.89%
      25              26  3675      德微                   30.00          0.00    40.03%    304.00   308.00   295.50   302.00      337.50   354.50   331.00   334.00    +32.00   +10.60%
      26              30  4772      台特化                  22.50          0.00    39.92%    248.00   248.00   243.50   243.50      252.00   273.00   250.00   271.00    +27.50   +11.29%
      27              31  6532      瑞耘                    9.50          0.00    39.75%    100.00   101.00    97.90    98.50       99.80   108.00    99.60   108.00     +9.50    +9.64%
      28              28  7751      竑騰                  135.00         25.00    39.25%   1460.00  1490.00  1420.00  1420.00     1515.00  1560.00  1470.00  1555.00   +135.00    +9.51%
      29              20  3317      尼克森                   0.00          0.00    38.98%     57.90    60.80    57.00    60.50       67.30    67.30    65.00    65.40     +4.90    +8.10%
      30              27  8437      大地-KY                 0.00          0.00    38.40%      8.98     9.21     8.96     9.03       10.40    10.55    10.00    10.10     +1.07   +11.85%
      31             923  4154      樂威科-KY                0.00          0.00    38.07%        --       --       --       --       11.80    13.00    11.80    12.90        --        --
      32              34  3615      安可                    0.00          0.00    37.87%     37.95    38.40    37.00    37.45       37.80    41.65    37.50    41.65     +4.20   +11.21%
      33              43  8147      正淩                   11.50          0.00    37.75%    142.00   143.00   135.50   137.50      137.50   150.00   137.50   148.00    +10.50    +7.64%
      34              22  6643      M31                  50.00         23.00    37.62%    482.50   520.00   482.00   489.50      509.00   534.00   502.00   505.00    +15.50    +3.17%
      35              32  3624      光頡                   12.00         10.50    37.51%    133.50   136.00   122.00   122.00      139.00   143.50   138.00   140.00    +18.00   +14.75%
      36              40  5309      系統電                   0.00          0.00    36.79%     52.80    53.10    51.80    51.80       53.50    59.10    53.50    59.10     +7.30   +14.09%
      37              29  5310      天剛                    0.00          0.00    36.19%     25.15    25.60    25.15    25.50       28.70    29.65    28.40    29.00     +3.50   +13.73%
      38              37  3552      同致                    0.00          0.00    35.79%     39.55    39.55    39.15    39.15       44.20    44.90    43.20    43.45     +4.30   +10.98%
      39              38  3664      安瑞-KY                 0.00          0.00    35.43%      8.00     8.50     8.00     8.25        8.91     8.91     8.86     8.86     +0.61    +7.39%
      40              42  7770      君曜                    0.00          0.00    35.21%     39.00    39.90    39.00    39.90       39.50    42.95    39.50    42.95     +3.05    +7.64%
==========================================================================================================================================================================
✅ 共 40 筆


══════════════════════════════════════════════════════════════════════════════════════════════════════════════
  🔄 第  3/3 次  2026/09/21 ～ 2026/09/24
══════════════════════════════════════════════════════════════════════════════════════════════════════════════

==========================================================================================================================================================================
📊 動能效率優先權分數排名 (2026/09/21 ~ 2026/09/24)
==========================================================================================================================================================================
    實資排名          累計天數排名  代號        名稱                 累計漲停(元)       累計跌停(元)       強度%  (09/21)開盤      最高      最低      收盤    (09/24)開盤      最高      最低      收盤      賺賠    賺賠率
--------------------------------------------------------------------------------------------------------------------------------------------------------------------------
       1               1  7792      安葆                   91.50          0.00   100.00%    339.50   352.50   325.00   344.00      415.00   453.00   415.00   435.50    +91.50   +26.60%
       2               2  4542      科嶠                   57.50          0.00    67.31%    279.00   302.50   276.50   302.50      323.50   357.00   320.50   328.00    +25.50    +8.43%
       3               4  3324      雙鴻                  235.00          0.00    59.73%   1500.00  1535.00  1460.00  1520.00     1595.00  1750.00  1590.00  1710.00   +190.00   +12.50%
       4               3  7772      耀穎                   32.50         14.50    55.45%    152.00   171.00   147.00   171.00      173.00   182.00   170.50   180.00     +9.00    +5.26%
       5               8  6693      廣閎科                  30.00          0.00    53.72%    182.00   183.00   176.50   178.00      201.50   212.50   194.00   209.50    +31.50   +17.70%
       6               5  6236      中湛                    0.00          0.00    53.53%     14.40    17.50    14.40    17.50       17.85    17.85    17.85    17.85     +0.35    +2.00%
       7               7  6643      M31                  70.00         13.00    49.46%    461.00   486.00   457.00   478.00      471.00   524.00   471.00   515.00    +37.00    +7.74%
       8               6  3219      倚強科                  19.80          0.00    49.34%     96.00    98.70    94.10    98.70      107.00   114.50   105.50   114.50    +15.80   +16.01%
       9              10  6922      宸曜                   18.50          0.00    47.19%    190.50   206.50   190.00   206.50      204.50   213.50   204.50   212.00     +5.50    +2.66%
      10               9  3498      陽程                   24.50          0.00    44.58%    200.00   203.00   194.00   196.00      198.00   215.00   197.00   214.00    +18.00    +9.18%
      11              11  9960      邁達康                   0.00          0.00    44.24%     32.25    32.80    32.00    32.15       37.05    39.35    36.30    39.35     +7.20   +22.40%
      12             618  8047      星雲                    0.00          0.00    42.68%     45.20    45.80    44.20    45.80       45.60    49.20    45.00    49.20     +3.40    +7.42%
      13              12  8437      大地-KY                 0.00          0.00    41.48%      8.98     9.17     8.98     9.12       10.00    10.85    10.00    10.65     +1.53   +16.78%
      14             941  4806      桂田文創                  0.00          0.00    41.32%      8.86     9.50     8.86     9.50          --       --       --       --        --        --
      15              14  4174      浩鼎                    0.00          0.00    41.06%     27.75    29.90    27.70    29.90       33.00    34.15    32.05    32.45     +2.55    +8.53%
      16              13  3317      尼克森                   0.00          0.00    39.62%     56.50    56.50    55.70    56.20       64.10    73.00    64.10    68.30    +12.10   +21.53%
      17              16  3675      德微                   30.00          0.00    39.57%    296.50   303.00   287.50   294.50      332.00   335.00   320.50   335.00    +40.50   +13.75%
      18              17  6122      擎邦                    0.00          0.00    37.45%     51.20    52.30    51.00    51.70       54.20    58.50    53.60    58.20     +6.50   +12.57%
      19              21  6925      意藍                    0.00          0.00    37.28%     58.70    58.90    57.50    57.80       62.60    68.20    62.60    68.20    +10.40   +17.99%
      20              15  1595      川寶                    0.00          0.00    37.19%     65.90    69.30    65.80    68.50       76.70    80.00    75.00    77.40     +8.90   +12.99%
      21              24  3624      光頡                   12.00         10.50    37.06%    130.00   138.00   129.00   132.50      132.50   144.50   132.00   140.00     +7.50    +5.66%
      22              19  5310      天剛                    0.00          0.00    36.05%     24.90    26.20    24.80    25.50       25.60    27.95    25.60    27.95     +2.45    +9.61%
      23              25  3552      同致                    0.00          0.00    35.91%     39.35    39.70    38.80    39.30       43.50    46.55    42.75    45.40     +6.10   +15.52%
      24              18  6986      和迅                    0.00          0.00    35.40%     40.80    44.20    40.30    44.20       45.90    45.90    44.00    44.30     +0.10    +0.23%
      25              23  3664      安瑞-KY                 0.00          0.00    35.25%      8.44     8.50     8.40     8.50        8.88     8.88     8.85     8.86     +0.36    +4.24%
      26              20  3529      力旺                  475.00         90.00    35.10%   2880.00  2950.00  2820.00  2830.00     3250.00  3315.00  3160.00  3230.00   +400.00   +14.13%
      27             751  7856      漢測                 2480.00        125.00    34.24%        --       --       --       --     4675.00  4695.00  4530.00  4605.00        --        --
      28              26  3325      旭品                    0.00          0.00    34.21%     11.10    12.30    11.00    12.30       11.60    12.20    11.60    11.95     -0.35    -2.85%
      29              29  3259      鑫創                    0.00          0.00    33.81%      9.85    10.20     9.85    10.20        9.55     9.99     9.54     9.95     -0.25    -2.45%
      30              30  8121      越峰                    0.00          0.00    33.54%     27.90    27.95    27.30    27.70       27.65    30.65    27.60    30.65     +2.95   +10.65%
      31              27  6945      圓祥生技                  0.00          0.00    33.40%    131.00   137.00   124.50   135.00      135.50   138.00   134.50   138.00     +3.00    +2.22%
      32              31  5230      雷笛克光學                 0.00          0.00    33.37%     20.35    22.50    20.10    21.15       22.40    23.50    22.00    23.30     +2.15   +10.17%
      33              32  6221      晉泰                    0.00          0.00    33.36%     28.65    31.00    28.35    31.00       31.90    32.80    31.90    32.20     +1.20    +3.87%
      34              38  3455      由田                   14.00          0.00    33.05%    252.00   263.50   251.00   256.50      242.00   265.00   242.00   258.00     +1.50    +0.58%
      35              34  6199      天品                    0.00          0.00    32.97%    112.50   118.50   105.50   114.50      122.00   125.00   118.50   124.00     +9.50    +8.30%
      36              36  6207      雷科                   11.00          0.00    32.79%    120.00   124.00   116.00   117.00      115.50   125.00   115.50   125.00     +8.00    +6.84%
      37              40  7547      碩網                    0.00          0.00    32.64%     50.00    50.80    49.80    50.70       57.60    59.40    56.40    59.40     +8.70   +17.16%
      38              22  3691      碩禾                   21.00          0.00    32.60%    100.50   104.50    99.00   100.50      126.50   130.50   118.50   121.00    +20.50   +20.40%
      39              45  5465      富驊                    0.00          0.00    32.38%     29.35    29.35    29.35    29.35       31.55    34.20    31.05    34.20     +4.85   +16.52%
      40             939  4530      天意能創                  0.00          0.00    32.20%     22.85    24.85    22.60    24.85       24.10    24.10    24.10    24.10     -0.75    -3.02%
==========================================================================================================================================================================
✅ 共 40 筆
