
██████████████████████████████████████████████████████████████████████████████████████████████████████████████
  📅 天數組合: 10 日  →  輸出檔: q13_10.txt
██████████████████████████████████████████████████████████████████████████████████████████████████████████████

🔁 共執行 10 次，每次區間長度 11 個交易日

══════════════════════════════════════════════════════════════════════════════════════════════════════════════
  🔄 第  1/10 次  2026/09/14 ～ 2026/09/30
══════════════════════════════════════════════════════════════════════════════════════════════════════════════

==========================================================================================================================================================================
📊 動能效率優先權分數排名 (2026/09/14 ~ 2026/09/30)
==========================================================================================================================================================================
    實資排名          累計天數排名  代號        名稱                 累計漲停(元)       累計跌停(元)       強度%  (09/14)開盤      最高      最低      收盤    (09/30)開盤      最高      最低      收盤      賺賠    賺賠率
--------------------------------------------------------------------------------------------------------------------------------------------------------------------------
       1               2  2221      大甲                   82.00          0.00   100.00%     92.80    97.80    89.20    89.90      178.00   198.00   170.00   197.50   +107.60  +119.69%
       2               1  6945      圓祥生技                 20.20          0.00    82.41%     98.50    99.80    96.50    99.80      140.00   149.00   140.00   148.50    +48.70   +48.80%
       3               4  7792      安葆                  117.50         19.50    69.48%    301.00   313.00   300.00   312.00      420.00   424.00   413.00   424.00   +112.00   +35.90%
       4               3  7772      耀穎                   55.00         14.50    60.98%    125.00   131.50   123.00   126.00      180.00   180.00   175.00   176.00    +50.00   +39.68%
       5               5  6693      廣閎科                  50.50          0.00    56.30%    163.00   184.00   163.00   179.00      222.50   223.50   210.00   211.50    +32.50   +18.16%
       6               8  6643      M31                 182.50         33.50    51.48%    402.00   432.00   400.00   420.50      506.00   555.00   500.00   555.00   +134.50   +31.99%
       7              10  4768      晶呈科技                 93.00          0.00    51.27%    295.50   313.00   289.00   301.00      365.00   382.00   360.00   380.00    +79.00   +26.25%
       8               7  6683      雍智科技                515.00        220.00    50.02%   1260.00  1375.00  1235.00  1335.00     1495.00  1605.00  1490.00  1590.00   +255.00   +19.10%
       9               6  8064      東捷                   22.00          0.00    47.96%    113.00   117.50   109.50   113.50      144.00   155.00   144.00   145.50    +32.00   +28.19%
      10              13  6207      雷科                   37.00          0.00    45.35%    108.50   109.00   105.00   106.50      141.00   151.00   140.00   151.00    +44.50   +41.78%
      11               9  8227      巨有科技                125.00         14.00    42.14%    240.50   259.00   235.00   241.00      370.50   370.50   370.50   370.50   +129.50   +53.73%
      12              11  3498      陽程                   73.00         17.00    37.35%    188.00   199.00   186.50   190.50      234.50   234.50   221.00   229.00    +38.50   +20.21%
      13              12  3529      力旺                  920.00        195.00    34.89%   2530.00  2770.00  2530.00  2730.00     3450.00  3635.00  3305.00  3305.00   +575.00   +21.06%
      14              14  3455      由田                   38.50          0.00    34.86%    230.00   237.00   222.50   230.50      268.50   279.00   260.50   267.00    +36.50   +15.84%
      15              15  3219      倚強科                  30.80          0.00    34.73%     84.80    87.90    84.50    85.10      130.00   134.50   127.50   131.50    +46.40   +54.52%
      16              20  3675      德微                   92.00         11.50    34.43%    258.00   284.50   256.00   284.50      337.00   338.00   328.50   330.00    +45.50   +15.99%
      17              30  8147      正淩                   22.00          0.00    33.80%    128.00   132.50   128.00   131.50      149.50   160.50   148.00   158.50    +27.00   +20.53%
      18              17  4542      科嶠                   93.50         10.00    33.59%    256.50   262.00   250.50   252.00      345.00   347.00   338.00   344.00    +92.00   +36.51%
      19              19  8027      鈦昇                   48.00          0.00    33.33%    165.50   169.50   161.00   166.00      222.00   222.00   219.00   222.00    +56.00   +33.73%
      20              16  3293      鈊象                   79.00          0.00    32.39%    692.00   703.00   687.00   699.00      781.00   791.00   777.00   788.00    +89.00   +12.73%
      21              18  3664      安瑞-KY                 0.00          0.00    31.85%      6.80     6.98     6.80     6.98        8.86     8.86     8.86     8.86     +1.88   +26.93%
      22              29  6532      瑞耘                   20.00          0.00    31.50%     92.00    95.50    91.80    93.50      114.00   118.50   114.00   118.50    +25.00   +26.74%
      23              22  6922      宸曜                   31.50          0.00    31.09%    183.50   188.50   183.00   185.50      228.50   230.00   218.50   221.00    +35.50   +19.14%
      24              33  4174      浩鼎                    0.00          0.00    30.48%     25.40    25.40    24.80    25.10       39.00    39.20    38.55    39.20    +14.10   +56.18%
      25              42  3615      安可                    0.00          0.00    29.46%     33.85    34.30    33.30    33.95       42.20    45.80    42.10    45.80    +11.85   +34.90%
      26              31  9960      邁達康                   0.00          0.00    28.90%     31.20    31.20    30.25    30.25       41.20    41.95    40.40    41.50    +11.25   +37.19%
      27              23  6620      漢達                   37.00         22.50    28.63%    125.00   128.00   120.00   127.00      137.50   145.00   133.00   141.00    +14.00   +11.02%
      28              24  6925      意藍                    0.00          0.00    28.55%     51.20    55.20    51.20    55.20       74.80    75.00    72.70    73.80    +18.60   +33.70%
      29              47  3105      穩懋                  117.00          9.50    28.53%    423.00   451.00   420.00   444.00      509.00   542.00   509.00   542.00    +98.00   +22.07%
      30              27  6199      天品                    0.00          0.00    28.35%     98.40   101.00    97.70   100.50      126.00   128.00   125.00   127.50    +27.00   +26.87%
      31             986  6236      中湛                    0.00          0.00    27.52%        --       --       --       --       19.05    19.05    18.50    18.50        --        --
      32              25  2924      宏太-KY                 0.00          0.00    27.35%     17.05    17.05    17.05    17.05       18.40    18.40    16.70    18.30     +1.25    +7.33%
      33              54  6182      合晶                   12.00          0.00    27.12%    102.50   105.50   100.00   103.50      123.00   133.00   121.00   133.00    +29.50   +28.50%
      34             994  4806      桂田文創                  0.00          0.00    26.93%      8.70     9.06     8.27     9.03          --       --       --       --        --        --
      35              28  3609      三一東林                  0.00          0.00    26.88%     18.15    19.85    18.10    19.85       23.90    23.90    23.00    23.00     +3.15   +15.87%
      36              59  6488      環球晶                 199.00         59.00    26.66%    880.00   907.00   872.00   900.00      966.00  1035.00   953.00  1035.00   +135.00   +15.00%
      37              41  5355      佳總                    0.00          0.00    26.58%      5.84     5.99     5.84     5.95        7.00     7.09     7.00     7.05     +1.10   +18.49%
      38              38  8431      匯鑽科                   0.00          0.00    26.45%     56.30    62.50    55.20    62.50       65.70    67.10    65.30    66.80     +4.30    +6.88%
      39              46  2061      風青                    0.00          0.00    26.41%     46.60    47.90    46.00    47.20       60.40    63.30    59.20    59.80    +12.60   +26.69%
      40              60  6425      易發                    0.00          0.00    25.91%     60.50    62.10    60.00    61.10       74.20    79.80    74.20    79.00    +17.90   +29.30%
==========================================================================================================================================================================
✅ 共 40 筆


══════════════════════════════════════════════════════════════════════════════════════════════════════════════
  🔄 第  2/10 次  2026/09/11 ～ 2026/09/29
══════════════════════════════════════════════════════════════════════════════════════════════════════════════

==========================================================================================================================================================================
📊 動能效率優先權分數排名 (2026/09/11 ~ 2026/09/29)
==========================================================================================================================================================================
    實資排名          累計天數排名  代號        名稱                 累計漲停(元)       累計跌停(元)       強度%  (09/11)開盤      最高      最低      收盤    (09/29)開盤      最高      最低      收盤      賺賠    賺賠率
--------------------------------------------------------------------------------------------------------------------------------------------------------------------------
       1               1  6945      圓祥生技                 20.20          0.00   100.00%     99.50    99.50    96.50    98.50      137.50   140.00   135.00   140.00    +41.50   +42.13%
       2               2  7772      耀穎                   55.00         14.50    98.79%    115.00   132.00   115.00   132.00      176.00   179.50   172.50   176.00    +44.00   +33.33%
       3               3  2221      大甲                   64.50          0.00    77.42%    103.00   105.50    95.40    95.40      169.00   180.00   167.50   180.00    +84.60   +88.68%
       4               5  8227      巨有科技                113.00         14.00    74.43%    235.00   239.00   229.50   239.00      313.00   337.00   308.00   337.00    +98.00   +41.00%
       5               4  6683      雍智科技                400.00        220.00    65.45%   1265.00  1310.00  1255.00  1290.00     1515.00  1540.00  1450.00  1475.00   +185.00   +14.34%
       6               8  3498      陽程                   73.00         17.00    57.57%    188.00   196.00   184.50   192.00      216.00   235.00   212.00   235.00    +43.00   +22.40%
       7               6  6693      廣閎科                  50.50          9.50    56.24%    173.50   177.00   169.00   169.00      206.50   220.50   203.50   218.00    +49.00   +28.99%
       8              11  3441      聯一光                  31.50          0.00    54.91%    149.50   166.00   147.00   166.00      177.50   185.00   176.00   185.00    +19.00   +11.45%
       9               7  7792      安葆                  117.50         36.00    54.47%    316.50   320.00   305.50   305.50      427.50   430.00   400.00   416.00   +110.50   +36.17%
      10               9  3624      光頡                   23.00         10.50    53.84%    108.00   124.50   107.00   124.50      139.00   143.50   138.00   140.00    +15.50   +12.45%
      11              10  3455      由田                   38.50          0.00    50.47%    229.00   241.00   222.00   233.50      258.50   276.00   256.00   267.00    +33.50   +14.35%
      12              16  6922      宸曜                   31.50          0.00    48.91%    187.00   189.00   185.00   186.00      212.00   228.50   210.00   225.00    +39.00   +20.97%
      13              22  8027      鈦昇                   28.00          0.00    44.00%    170.50   173.50   167.50   167.50      187.00   202.00   185.50   202.00    +34.50   +20.60%
      14              13  3219      倚強科                  30.80          0.00    43.53%     86.00    87.10    84.80    85.60      123.50   125.50   120.50   125.50    +39.90   +46.61%
      15              17  3664      安瑞-KY                 0.00          0.00    43.21%      7.05     7.05     7.05     7.05        8.91     8.91     8.86     8.86     +1.81   +25.67%
      16              19  6207      雷科                   23.50          0.00    42.78%    110.00   116.00   109.00   112.00      130.50   137.50   127.50   137.50    +25.50   +22.77%
      17              12  6643      M31                 132.50         51.00    41.39%    419.00   419.00   406.00   406.00      509.00   534.00   502.00   505.00    +99.00   +24.38%
      18              14  3529      力旺                  920.00        345.00    40.55%   2690.00  2720.00  2550.00  2580.00     3175.00  3410.00  3145.00  3305.00   +725.00   +28.10%
      19              15  6925      意藍                    0.00          0.00    39.71%     50.10    50.30    49.50    50.20       72.00    75.00    71.00    75.00    +24.80   +49.40%
      20              40  4174      浩鼎                    0.00          0.00    39.64%     25.90    25.90    25.40    25.45       32.65    35.65    32.45    35.65    +10.20   +40.08%
      21             995  6236      中湛                    0.00          0.00    39.23%        --       --       --       --       18.45    18.45    18.45    18.45        --        --
      22             987  4806      桂田文創                  0.00          0.00    38.46%      8.81     9.08     8.79     9.07          --       --       --       --        --        --
      23              20  8064      東捷                   22.00         11.50    38.44%    124.50   127.50   114.50   115.00      139.00   148.50   138.00   141.50    +26.50   +23.04%
      24              33  6870      騰雲                   74.00         36.00    38.26%    291.00   311.50   287.00   306.50      335.50   335.50   328.50   330.50    +24.00    +7.83%
      25              24  6199      天品                    0.00          0.00    38.26%     97.30    98.80    89.80    98.40      125.00   127.00   124.50   126.00    +27.60   +28.05%
      26              36  9960      邁達康                   0.00          0.00    38.08%     31.50    34.10    31.30    31.30       39.35    41.40    38.85    41.20     +9.90   +31.63%
      27              31  2924      宏太-KY                 0.00          0.00    37.29%     17.15    17.15    17.15    17.15       17.30    18.95    17.30    18.45     +1.30    +7.58%
      28              39  4542      科嶠                   93.50         24.50    36.88%    263.50   271.00   258.50   262.00      329.00   342.00   329.00   339.00    +77.00   +29.39%
      29              26  3609      三一東林                  0.00          0.00    36.83%     18.60    18.90    18.05    18.05       23.00    23.90    22.90    23.50     +5.45   +30.19%
      30              41  5355      佳總                    0.00          0.00    36.55%      5.79     5.89     5.71     5.89        6.98     7.00     6.80     7.00     +1.11   +18.85%
      31              23  6620      漢達                   37.00         22.50    36.51%    123.50   126.50   123.50   124.00      125.00   136.00   123.50   136.00    +12.00    +9.68%
      32              52  4768      晶呈科技                 70.50         11.00    36.40%    302.50   304.00   295.50   296.00      325.50   357.50   323.00   357.50    +61.50   +20.78%
      33              18  5202      力新                    0.00          0.00    36.39%     11.60    12.40    11.60    11.75       14.60    14.60    14.10    14.25     +2.50   +21.28%
      34             658  8047      星雲                    0.00          0.00    36.35%     45.00    49.75    44.95    47.40       49.20    51.00    49.20    51.00     +3.60    +7.59%
      35              29  6538      倉和                  137.50        114.50    35.95%    337.50   370.00   337.50   368.00      400.00   417.00   358.50   358.50     -9.50    -2.58%
      36              48  2061      風青                    0.00          0.00    35.93%     47.30    48.80    47.05    47.05       54.40    59.40    54.30    59.40    +12.35   +26.25%
      37              21  7717      萊德光電-KY             164.00         44.00    35.81%    470.00   528.00   463.00   517.00      607.00   612.00   588.00   592.00    +75.00   +14.51%
      38              30  3675      德微                   92.00         21.50    35.16%    263.00   266.00   256.00   259.00      337.50   354.50   331.00   334.00    +75.00   +28.96%
      39              34  3508      位速                    0.00          0.00    35.01%     21.15    21.45    20.80    21.20       25.30    26.70    25.00    25.95     +4.75   +22.41%
      40              45  3580      友威科                   0.00          0.00    34.60%     83.80    84.50    83.00    83.20      102.50   111.50   100.50   111.00    +27.80   +33.41%
==========================================================================================================================================================================
✅ 共 40 筆


══════════════════════════════════════════════════════════════════════════════════════════════════════════════
  🔄 第  3/10 次  2026/09/10 ～ 2026/09/24
══════════════════════════════════════════════════════════════════════════════════════════════════════════════

==========================================================================================================================================================================
📊 動能效率優先權分數排名 (2026/09/10 ~ 2026/09/24)
==========================================================================================================================================================================
    實資排名          累計天數排名  代號        名稱                 累計漲停(元)       累計跌停(元)       強度%  (09/10)開盤      最高      最低      收盤    (09/24)開盤      最高      最低      收盤      賺賠    賺賠率
--------------------------------------------------------------------------------------------------------------------------------------------------------------------------
       1               1  6945      圓祥生技                 20.20          0.00   100.00%     95.10    98.50    94.70    98.50      135.50   138.00   134.50   138.00    +39.50   +40.10%
       2               2  7772      耀穎                   55.00         14.50    99.00%    125.00   136.50   121.00   123.00      173.00   182.00   170.50   180.00    +57.00   +46.34%
       3               4  3624      光頡                   33.00         10.50    87.54%    100.50   113.50   100.00   113.50      132.50   144.50   132.00   140.00    +26.50   +23.35%
       4               3  8227      巨有科技                102.00         14.00    82.30%    203.00   217.50   201.00   217.50      305.00   309.00   295.00   306.50    +89.00   +40.92%
       5               5  7792      安葆                  117.50         16.50    59.13%    322.50   324.00   315.00   322.00      415.00   453.00   415.00   435.50   +113.50   +35.25%
       6               6  2221      大甲                   48.50          0.00    57.72%     87.80    96.50    86.30    96.50      158.00   164.50   158.00   164.00    +67.50   +69.95%
       7               8  3441      聯一光                  31.50          0.00    52.10%    141.50   157.00   137.00   151.00      176.00   181.00   175.00   181.00    +30.00   +19.87%
       8              20  7825      和亞智慧                 60.60         26.50    51.12%     91.00   119.50    91.00   109.50       75.50    82.20    75.50    82.20    -27.30   -24.93%
       9               7  6693      廣閎科                  50.50          9.50    46.45%    181.50   182.50   177.00   178.50      201.50   212.50   194.00   209.50    +31.00   +17.37%
      10               9  3664      安瑞-KY                 0.00          0.00    45.18%      7.58     7.58     7.58     7.58        8.88     8.88     8.85     8.86     +1.28   +16.89%
      11              26  6870      騰雲                   74.00         36.00    42.61%    280.00   293.00   280.00   286.50      336.50   340.00   318.00   336.50    +50.00   +17.45%
      12              10  6683      雍智科技                400.00        255.00    42.20%   1340.00  1345.00  1260.00  1290.00     1555.00  1585.00  1495.00  1520.00   +230.00   +17.83%
      13              11  3455      由田                   38.50          0.00    42.15%    230.00   243.00   227.50   229.00      242.00   265.00   242.00   258.00    +29.00   +12.66%
      14              16  3324      雙鴻                  510.00        180.00    42.03%   1355.00  1440.00  1355.00  1440.00     1595.00  1750.00  1590.00  1710.00   +270.00   +18.75%
      15             998  6236      中湛                    0.00          0.00    40.81%        --       --       --       --       17.85    17.85    17.85    17.85        --        --
      16              13  3498      陽程                   52.00         17.00    40.51%    189.50   201.00   189.00   191.00      198.00   215.00   197.00   214.00    +23.00   +12.04%
      17              14  3219      倚強科                  19.80          0.00    40.39%     88.30    89.50    87.40    88.30      107.00   114.50   105.50   114.50    +26.20   +29.67%
      18             977  4806      桂田文創                  0.00          0.00    39.88%      9.18     9.18     9.16     9.16          --       --       --       --        --        --
      19             728  8047      星雲                    0.00          0.00    39.59%     46.30    50.00    46.15    49.05       45.60    49.20    45.00    49.20     +0.15    +0.31%
      20              18  6199      天品                    0.00          0.00    39.41%     97.10    98.10    95.60    97.30      122.00   125.00   118.50   124.00    +26.70   +27.44%
      21              12  5202      力新                    0.00          0.00    39.40%     11.75    11.75    11.70    11.70       14.40    15.40    14.40    14.60     +2.90   +24.79%
      22              15  6925      意藍                    0.00          0.00    38.04%     49.40    49.40    49.25    49.25       62.60    68.20    62.60    68.20    +18.95   +38.48%
      23              19  6643      M31                 132.50         50.50    37.78%    429.50   434.50   423.00   423.50      471.00   524.00   471.00   515.00    +91.50   +21.61%
      24              31  5355      佳總                    0.00          0.00    37.31%      5.85     5.85     5.72     5.80        6.71     6.80     6.70     6.80     +1.00   +17.24%
      25              17  3675      德微                   92.00         21.50    37.20%    272.00   276.50   269.00   269.00      332.00   335.00   320.50   335.00    +66.00   +24.54%
      26              37  3467      台灣精材                  0.00          0.00    36.30%     51.00    53.40    50.50    53.30       86.10    86.10    81.50    81.50    +28.20   +52.91%
      27              29  6894      衛司特                  23.50         11.50    36.04%    338.50   365.00   338.50   361.50      371.50   371.50   365.00   367.00     +5.50    +1.52%
      28              30  2924      宏太-KY                 0.00          0.00    36.03%     16.55    17.00    16.55    17.00       19.00    19.00    19.00    19.00     +2.00   +11.76%
      29              25  3609      三一東林                  0.00          0.00    35.72%     19.50    19.95    18.85    19.20       23.80    23.80    23.05    23.05     +3.85   +20.05%
      30              40  5013      強新                    0.00          0.00    35.65%     28.15    30.50    28.15    30.30       32.30    32.50    31.80    32.05     +1.75    +5.78%
      31              21  8064      東捷                   22.00         11.50    35.56%    131.00   132.00   125.50   126.50      131.00   142.00   130.50   139.00    +12.50    +9.88%
      32              39  9960      邁達康                   0.00          0.00    34.98%     31.55    31.85    29.90    31.00       37.05    39.35    36.30    39.35     +8.35   +26.94%
      33              50  6922      宸曜                   18.50          0.00    34.71%    196.50   197.50   189.00   190.00      204.50   213.50   204.50   212.00    +22.00   +11.58%
      34              28  6210      慶生                    0.00          0.00    34.42%     17.50    17.75    17.20    17.75       18.00    18.00    17.70    17.80     +0.05    +0.28%
      35              56  4174      浩鼎                    0.00          0.00    34.14%     26.30    26.30    25.85    26.15       33.00    34.15    32.05    32.45     +6.30   +24.09%
      36              38  1569      濱川                    0.00          0.00    33.99%     49.80    49.85    48.60    48.85       63.80    68.00    62.60    64.70    +15.85   +32.45%
      37             929  8444      綠河-KY                 0.00          0.00    33.66%      4.76     5.00     4.76     4.76        4.21     4.40     4.21     4.40     -0.36    -7.56%
      38              52  6538      倉和                  137.50         85.50    33.59%    338.00   349.00   335.00   338.50      403.00   409.50   389.00   398.00    +59.50   +17.58%
      39              23  6173      信昌電                  57.50         11.50    33.38%    268.50   295.00   265.50   295.00      303.00   314.00   300.50   306.50    +11.50    +3.90%
      40              53  4542      科嶠                   82.50         24.50    33.25%    282.50   282.50   272.00   276.50      323.50   357.00   320.50   328.00    +51.50   +18.63%
==========================================================================================================================================================================
✅ 共 40 筆


══════════════════════════════════════════════════════════════════════════════════════════════════════════════
  🔄 第  4/10 次  2026/09/09 ～ 2026/09/23
══════════════════════════════════════════════════════════════════════════════════════════════════════════════

==========================================================================================================================================================================
📊 動能效率優先權分數排名 (2026/09/09 ~ 2026/09/23)
==========================================================================================================================================================================
    實資排名          累計天數排名  代號        名稱                 累計漲停(元)       累計跌停(元)       強度%  (09/09)開盤      最高      最低      收盤    (09/23)開盤      最高      最低      收盤      賺賠    賺賠率
--------------------------------------------------------------------------------------------------------------------------------------------------------------------------
       1               1  8227      巨有科技                120.00         14.00   100.00%    183.00   198.00   178.50   198.00      308.50   310.00   290.00   310.00   +112.00   +56.57%
       2               2  6945      圓祥生技                 20.20          0.00    85.04%     97.20    97.20    95.40    95.40      135.00   137.50   128.00   137.00    +41.60   +43.61%
       3               3  7772      耀穎                   55.00         14.50    75.80%    144.00   144.00   122.00   130.00      199.00   199.00   171.00   173.50    +43.50   +33.46%
       4               4  3624      光頡                   33.00         10.50    71.91%    102.00   106.00    99.80   103.50      122.00   134.00   122.00   134.00    +30.50   +29.47%
       5               5  3441      聯一光                  43.00          0.00    64.64%    132.50   144.00   129.00   143.50      180.50   180.50   175.50   177.50    +34.00   +23.69%
       6               6  3664      安瑞-KY                 0.00          0.00    50.92%      6.50     7.66     6.50     7.60        8.25     9.00     8.25     8.90     +1.30   +17.11%
       7               7  6538      倉和                  165.50         73.00    46.93%    320.00   353.00   316.50   349.00      440.00   457.50   405.00   410.50    +61.50   +17.62%
       8               8  7792      安葆                   97.50         16.50    45.22%    317.00   328.50   312.50   322.50      378.50   415.50   378.00   415.50    +93.00   +28.84%
       9             335  7825      和亞智慧                 60.60         26.50    40.99%        --       --       --       --       75.30    76.80    74.80    74.80        --        --
      10              10  2221      大甲                   48.50          0.00    39.88%     85.80    90.00    85.60    87.80      166.00   168.50   149.50   158.50    +70.70   +80.52%
      11               9  7717      萊德光電-KY             207.00         52.50    38.43%    476.00   512.00   472.00   509.00      601.00   631.00   596.00   608.00    +99.00   +19.45%
      12              26  6870      騰雲                   74.00         36.00    36.18%    293.00   298.50   288.50   289.00      306.50   328.50   298.50   328.50    +39.50   +13.67%
      13            1004  6236      中湛                    0.00          0.00    35.43%        --       --       --       --       17.30    17.30    17.30    17.30        --        --
      14             246  8047      星雲                    0.00          0.00    35.22%     42.10    46.00    41.30    46.00       42.00    45.80    42.00    45.75     -0.25    -0.54%
      15              21  3467      台灣精材                  0.00          0.00    34.85%     51.70    52.00    51.10    51.70       88.80    88.80    85.00    86.50    +34.80   +67.31%
      16             962  4806      桂田文創                  0.00          0.00    34.28%      9.14     9.14     8.64     9.10          --       --       --       --        --        --
      17              14  2924      宏太-KY                 0.00          0.00    33.68%     16.40    17.45    16.40    17.05       19.05    19.05    19.05    19.05     +2.00   +11.73%
      18              16  6199      天品                    0.00          0.00    33.46%     96.50    97.70    96.10    97.10      116.50   122.00   116.00   122.00    +24.90   +25.64%
      19              29  5355      佳總                    0.00          0.00    32.82%      5.76     5.89     5.72     5.89        6.80     6.85     6.73     6.80     +0.91   +15.45%
      20              15  6693      廣閎科                  38.00          9.50    32.74%    185.50   187.50   181.00   182.00      180.00   197.00   180.00   197.00    +15.00    +8.24%
      21              22  6894      衛司特                  23.50         11.50    32.55%    334.50   341.00   331.00   338.00      371.50   372.50   367.00   372.50    +34.50   +10.21%
      22              17  3609      三一東林                  0.00          0.00    32.51%     19.60    20.30    19.50    19.50       22.95    24.40    22.90    23.55     +4.05   +20.77%
      23              12  5202      力新                    0.00          0.00    32.36%     11.85    11.85    11.70    11.70       14.15    14.60    14.00    14.15     +2.45   +20.94%
      24              13  4923      力士                    0.00          0.00    32.00%     53.40    58.30    51.10    57.80       61.40    67.40    60.90    66.70     +8.90   +15.40%
      25              41  3324      雙鴻                  440.00        180.00    31.55%   1375.00  1400.00  1320.00  1385.00     1605.00  1630.00  1555.00  1595.00   +210.00   +15.16%
      26              24  3675      德微                   92.00         21.50    31.10%    271.50   278.00   270.50   271.50      309.00   332.00   307.50   332.00    +60.50   +22.28%
      27              25  6291      沛亨                  102.50         65.00    30.85%    474.00   506.00   473.50   480.00      501.00   504.00   485.00   493.00    +13.00    +2.71%
      28              42  5013      強新                    0.00          0.00    30.84%     28.30    28.30    27.60    28.15       32.00    32.95    32.00    32.50     +4.35   +15.45%
      29              44  4174      浩鼎                    0.00          0.00    30.65%     26.35    27.00    26.15    26.45       29.25    32.60    29.00    32.60     +6.15   +23.25%
      30              28  6210      慶生                    0.00          0.00    30.29%     17.50    17.50    17.50    17.50       17.00    17.40    17.00    17.40     -0.10    -0.57%
      31              27  5464      霖宏                    0.00          0.00    30.23%     74.50    82.80    74.50    82.80       90.20    92.50    89.50    91.40     +8.60   +10.39%
      32              37  8472      夠麻吉                   0.00          0.00    30.05%     74.20    79.00    74.20    76.10       78.00    78.30    78.00    78.30     +2.20    +2.89%
      33              36  1569      濱川                    0.00          0.00    29.66%     48.30    50.10    47.65    49.35       64.20    65.20    63.00    63.30    +13.95   +28.27%
      34              39  3691      碩禾                   21.00          0.00    29.22%     98.80    99.20    97.90    98.30      118.50   121.50   117.00   121.50    +23.20   +23.60%
      35              43  6683      雍智科技                400.00        255.00    29.13%   1435.00  1505.00  1350.00  1370.00     1595.00  1605.00  1540.00  1555.00   +185.00   +13.50%
      36              20  7770      君曜                    0.00          0.00    29.12%     34.50    37.10    34.50    37.00       39.90    40.20    39.20    39.50     +2.50    +6.76%
      37              50  2061      風青                    0.00          0.00    29.01%     47.50    47.90    46.65    47.10       55.50    56.70    54.90    55.80     +8.70   +18.47%
      38              18  6620      漢達                   25.00         22.50    29.00%    127.50   132.00   127.00   132.00      126.50   132.50   125.00   130.00     -2.00    -1.52%
      39              40  9960      邁達康                   0.00          0.00    28.93%     31.00    33.00    31.00    32.40       35.25    38.70    32.75    37.60     +5.20   +16.05%
      40              30  4188      安克                    0.00          0.00    28.90%     12.85    14.05    12.80    14.05       13.50    14.85    13.15    14.85     +0.80    +5.69%
==========================================================================================================================================================================
✅ 共 40 筆


══════════════════════════════════════════════════════════════════════════════════════════════════════════════
  🔄 第  5/10 次  2026/09/08 ～ 2026/09/22
══════════════════════════════════════════════════════════════════════════════════════════════════════════════

==========================================================================================================================================================================
📊 動能效率優先權分數排名 (2026/09/08 ~ 2026/09/22)
==========================================================================================================================================================================
    實資排名          累計天數排名  代號        名稱                 累計漲停(元)       累計跌停(元)       強度%  (09/08)開盤      最高      最低      收盤    (09/22)開盤      最高      最低      收盤      賺賠    賺賠率
--------------------------------------------------------------------------------------------------------------------------------------------------------------------------
       1               1  8227      巨有科技                136.00         14.00   100.00%    166.00   180.00   163.00   180.00      299.50   316.00   295.00   305.00   +125.00   +69.44%
       2               2  7772      耀穎                   66.50          0.00    93.72%    131.00   131.00   131.00   131.00      177.50   188.00   176.00   188.00    +57.00   +43.51%
       3               3  6945      圓祥生技                 20.20          0.00    63.36%     94.60    96.70    94.60    95.80      130.50   137.50   130.50   135.00    +39.20   +40.92%
       4               4  6538      倉和                  181.50         38.00    56.00%    307.00   328.00   299.00   321.00      440.00   468.00   416.50   445.50   +124.50   +38.79%
       5               5  3441      聯一光                  43.00          0.00    53.77%    130.00   134.00   123.50   132.00      175.50   181.50   172.50   181.00    +49.00   +37.12%
       6               6  3624      光頡                   21.00         10.50    43.70%     99.70   103.00    96.20    96.60      133.50   136.00   122.00   122.00    +25.40   +26.29%
       7               8  2221      大甲                   48.50          0.00    41.62%     87.20    90.90    85.50    85.80      152.00   154.00   147.50   154.00    +68.20   +79.49%
       8               7  3664      安瑞-KY                 0.00          0.00    37.06%      6.80     7.18     6.67     7.02        8.00     8.50     8.00     8.25     +1.23   +17.52%
       9             937  7825      和亞智慧                 60.60         26.50    32.16%        --       --       --       --       77.40    77.50    74.90    75.50        --        --
      10              13  6291      沛亨                  123.50         65.00    29.94%    458.00   483.00   458.00   463.50      520.00   520.00   492.50   501.00    +37.50    +8.09%
      11              12  2924      宏太-KY                 0.00          0.00    29.77%     16.65    18.10    16.65    17.75       17.65    19.00    17.65    19.00     +1.25    +7.04%
      12              15  3467      台灣精材                  0.00          0.00    29.43%     50.50    51.50    50.50    51.30       77.70    85.00    77.70    84.80    +33.50   +65.30%
      13               9  6620      漢達                   36.00         22.50    28.21%    121.50   124.00   120.00   124.00      137.50   137.50   125.00   126.50     +2.50    +2.02%
      14             249  4806      桂田文創                  0.00          0.00    27.89%      8.71     8.97     8.55     8.88        9.48    10.40     9.02    10.40     +1.52   +17.12%
      15            1010  6236      中湛                    0.00          0.00    27.78%        --       --       --       --       15.75    16.75    15.75    16.75        --        --
      16              11  3529      力旺                  905.00        365.00    26.05%   2640.00  2825.00  2555.00  2825.00     2895.00  3110.00  2890.00  3110.00   +285.00   +10.09%
      17              18  7792      安葆                   60.00         16.50    25.55%    315.00   323.00   313.50   316.50      345.00   378.00   332.00   378.00    +61.50   +19.43%
      18              14  5202      力新                    0.00          0.00    25.26%     11.85    11.90    11.75    11.80       14.85    14.90    14.25    14.50     +2.70   +22.88%
      19              16  4923      力士                    0.00          0.00    24.81%     51.00    55.80    49.90    55.00       63.50    64.90    59.10    61.40     +6.40   +11.64%
      20              17  3609      三一東林                  0.00          0.00    24.53%     19.45    19.80    19.15    19.55       24.45    25.80    23.50    23.55     +4.00   +20.46%
      21              29  6218      豪勉                    0.00          0.00    24.33%     44.55    49.00    43.90    46.70       69.00    69.00    61.00    61.00    +14.30   +30.62%
      22              26  6683      雍智科技                400.00        220.00    24.28%   1400.00  1470.00  1395.00  1405.00     1645.00  1655.00  1585.00  1590.00   +185.00   +13.17%
      23              34  5355      佳總                    0.00          0.00    24.22%      5.95     5.95     5.76     5.76        6.99     7.00     6.62     6.95     +1.19   +20.66%
      24              22  6199      天品                    0.00          0.00    24.09%     96.20    97.10    95.30    96.50      115.00   118.50   114.50   116.50    +20.00   +20.73%
      25              19  6643      M31                 121.00         37.50    23.96%    418.50   451.50   414.50   438.00      482.50   520.00   482.00   489.50    +51.50   +11.76%
      26              28  8064      東捷                   34.00         11.50    23.69%    134.50   134.50   134.50   134.50      139.00   142.00   133.00   134.00     -0.50    -0.37%
      27              35  5013      強新                    0.00          0.00    23.46%     28.05    28.05    26.55    28.00       33.30    35.20    31.80    32.30     +4.30   +15.36%
      28              25  7770      君曜                    0.00          0.00    23.40%     34.60    34.90    34.40    34.50       39.00    39.90    39.00    39.90     +5.40   +15.65%
      29              38  1569      濱川                    0.00          0.00    23.20%     49.85    50.20    48.20    48.90       61.50    66.40    61.00    64.20    +15.30   +31.29%
      30             757  8047      星雲                    0.00          0.00    23.14%     42.10    42.10    42.10    42.10          --       --       --       --        --        --
      31              30  3508      位速                    0.00          0.00    23.06%     21.10    22.20    21.10    21.20       26.70    27.70    25.95    26.50     +5.30   +25.00%
      32              21  4198      欣大健康                  0.00          0.00    23.05%     45.90    47.90    45.90    46.40       47.30    49.40    47.10    49.40     +3.00    +6.47%
      33              45  2061      風青                    0.00          0.00    22.80%     47.10    49.85    47.10    47.20       54.10    55.40    53.60    55.10     +7.90   +16.74%
      34             476  6210      慶生                    0.00          0.00    22.74%        --       --       --       --       17.30    17.75    17.30    17.45        --        --
      35              10  6811      宏碁資訊                 39.50         10.00    22.72%    226.50   227.50   222.50   224.00      260.50   260.50   250.00   251.50    +27.50   +12.28%
      36              39  5464      霖宏                    0.00          0.00    22.23%     76.80    81.50    75.30    75.30       91.00    92.40    90.10    91.30    +16.00   +21.25%
      37             942  2724      藝舍-KY                 0.00          0.00    22.19%     10.70    10.70    10.70    10.70       12.25    12.25    12.25    12.25     +1.55   +14.49%
      38              44  8067      志旭                    0.00          0.00    21.46%     12.05    12.25    12.05    12.10       11.50    11.55    11.35    11.55     -0.55    -4.55%
      39              78  6227      茂綸                   11.50          0.00    21.42%    111.50   113.00   111.50   112.00      133.00   141.50   132.00   135.00    +23.00   +20.54%
      40              31  6021      美好證                   0.00          0.00    21.42%     41.10    42.65    40.75    42.50       45.40    45.65    44.40    45.10     +2.60    +6.12%
==========================================================================================================================================================================
✅ 共 40 筆


══════════════════════════════════════════════════════════════════════════════════════════════════════════════
  🔄 第  6/10 次  2026/09/07 ～ 2026/09/21
══════════════════════════════════════════════════════════════════════════════════════════════════════════════

==========================================================================================================================================================================
📊 動能效率優先權分數排名 (2026/09/07 ~ 2026/09/21)
==========================================================================================================================================================================
    實資排名          累計天數排名  代號        名稱                 累計漲停(元)       累計跌停(元)       強度%  (09/07)開盤      最高      最低      收盤    (09/21)開盤      最高      最低      收盤      賺賠    賺賠率
--------------------------------------------------------------------------------------------------------------------------------------------------------------------------
       1               1  8227      巨有科技                118.50         14.00   100.00%    160.50   169.50   158.00   164.00      282.00   287.50   271.50   287.50   +123.50   +75.30%
       2               2  7772      耀穎                   60.00          0.00    95.07%    119.50   119.50   119.50   119.50      152.00   171.00   147.00   171.00    +51.50   +43.10%
       3               4  6945      圓祥生技                 20.20          0.00    58.70%     97.00    97.00    95.20    95.30      131.00   137.00   124.50   135.00    +39.70   +41.66%
       4               3  6538      倉和                  162.50         38.00    57.29%    295.50   315.00   281.50   305.00      412.00   426.50   400.00   426.50   +121.50   +39.84%
       5               5  3624      光頡                   21.00          0.00    52.33%     95.10   102.00    93.80    96.90      130.00   138.00   129.00   132.50    +35.60   +36.74%
       6              15  2221      大甲                   34.50          0.00    37.27%     90.00    90.60    83.70    86.70      136.00   140.00   136.00   140.00    +53.30   +61.48%
       7               7  8064      東捷                   44.50         11.50    36.98%    115.00   123.00   109.00   122.50      137.00   142.00   133.50   138.00    +15.50   +12.65%
       8             977  7825      和亞智慧                 60.60         26.50    33.65%        --       --       --       --       79.00    79.00    76.00    76.10        --        --
       9               9  6620      漢達                   36.00         11.50    33.57%    114.50   118.00   107.50   113.00      151.50   152.00   135.00   137.50    +24.50   +21.68%
      10              10  6218      豪勉                    0.00          0.00    32.35%     43.20    45.50    42.70    44.55       66.10    67.70    66.10    67.70    +23.15   +51.96%
      11              20  3664      安瑞-KY                 0.00          0.00    31.66%      8.10     8.10     7.38     7.38        8.44     8.50     8.40     8.50     +1.12   +15.18%
      12               6  3529      力旺                  810.00        365.00    31.19%   2435.00  2590.00  2385.00  2570.00     2880.00  2950.00  2820.00  2830.00   +260.00   +10.12%
      13              31  3441      聯一光                  43.00         12.00    29.59%    140.00   141.50   129.00   131.00      190.00   190.00   175.00   177.50    +46.50   +35.50%
      14              13  3609      三一東林                  0.00          0.00    28.24%     18.60    19.15    18.25    19.10       21.90    24.05    21.75    24.05     +4.95   +25.92%
      15               8  6173      信昌電                  83.50         24.50    27.43%    273.50   286.50   273.00   286.50      311.00   318.50   308.00   308.00    +21.50    +7.50%
      16              23  5355      佳總                    0.00          0.00    26.62%      5.81     6.00     5.73     6.00        6.57     6.99     6.57     6.99     +0.99   +16.50%
      17              11  6147      頎邦                   42.00          9.50    26.40%    184.50   198.00   182.50   191.00      230.00   230.00   222.50   224.00    +33.00   +17.28%
      18              19  3354      律勝                    0.00          0.00    26.08%     24.10    26.40    23.95    26.40       29.70    31.50    28.80    30.40     +4.00   +15.15%
      19              35  6683      雍智科技                450.00        135.00    25.91%   1455.00  1495.00  1395.00  1410.00     1655.00  1740.00  1625.00  1675.00   +265.00   +18.79%
      20              17  5202      力新                    0.00          0.00    25.85%     12.00    12.00    11.75    11.75       15.40    15.90    14.90    15.15     +3.40   +28.94%
      21              58  7717      萊德光電-KY             238.50         80.50    25.38%    492.50   494.00   492.00   494.00      605.00   622.00   565.00   592.00    +98.00   +19.84%
      22              28  4923      力士                    0.00          0.00    25.38%     52.50    53.00    50.80    50.90       60.80    66.70    60.10    62.40    +11.50   +22.59%
      23            1013  6236      中湛                    0.00          0.00    25.02%        --       --       --       --       14.40    17.50    14.40    17.50        --        --
      24             944  2724      藝舍-KY                 0.00          0.00    24.82%     10.20    10.65    10.20    10.65       11.90    11.95    11.85    11.85     +1.20   +11.27%
      25              79  8047      星雲                    0.00          0.00    24.78%     41.10    43.95    41.10    42.10       45.20    45.80    44.20    45.80     +3.70    +8.79%
      26              41  3467      台灣精材                  0.00          0.00    24.78%     51.00    51.20    50.00    50.50       78.00    78.00    75.10    77.40    +26.90   +53.27%
      27              50  3264      欣銓                   61.00          9.50    24.65%    230.00   233.00   227.00   227.00      274.00   284.00   266.00   284.00    +57.00   +25.11%
      28              27  3508      位速                    0.00          0.00    24.57%     20.80    21.15    20.70    21.10       23.75    26.10    23.35    26.10     +5.00   +23.70%
      29              42  6291      沛亨                  123.50         79.00    24.49%    457.00   459.50   440.50   442.50      522.00   522.00   506.00   508.00    +65.50   +14.80%
      30              29  5464      霖宏                    0.00          0.00    24.09%     74.00    76.40    74.00    76.40       92.70    93.50    90.50    90.60    +14.20   +18.59%
      31              33  6199      天品                    0.00          0.00    23.88%     96.10    97.20    95.00    96.20      112.50   118.50   105.50   114.50    +18.30   +19.02%
      32              12  8291      尚茂                    0.00          0.00    23.84%     29.90    32.50    29.90    31.80       30.70    30.70    29.10    29.45     -2.35    -7.39%
      33             770  4806      桂田文創                  0.00          0.00    23.76%      8.81     8.87     8.80     8.87        8.86     9.50     8.86     9.50     +0.63    +7.10%
      34              25  6616      特昇-KY                 0.00          0.00    23.63%      8.02     8.39     8.01     8.39        8.30     8.40     8.28     8.30     -0.09    -1.07%
      35              32  6234      高僑                    0.00          0.00    23.60%     34.45    36.30    34.20    35.75       39.60    42.35    38.90    42.35     +6.60   +18.46%
      36              55  6179      亞通                    0.00          0.00    23.60%     29.85    30.30    28.70    30.10       38.50    39.90    37.35    37.35     +7.25   +24.09%
      37              16  6811      宏碁資訊                 39.50         10.00    23.45%    234.00   237.00   221.50   223.50      270.00   271.50   254.50   256.50    +33.00   +14.77%
      38              30  6870      騰雲                   56.00         33.00    23.42%    291.00   315.00   284.50   301.50      310.50   319.00   307.00   312.00    +10.50    +3.48%
      39              14  6877      鏵友益                  11.00          0.00    23.14%    112.50   121.50   112.50   121.50      121.50   122.00   119.50   121.00     -0.50    -0.41%
      40              70  5013      強新                    0.00          0.00    23.14%     29.60    29.60    28.30    28.30       29.45    32.10    29.45    32.10     +3.80   +13.43%
==========================================================================================================================================================================
✅ 共 40 筆


══════════════════════════════════════════════════════════════════════════════════════════════════════════════
  🔄 第  7/10 次  2026/09/04 ～ 2026/09/18
══════════════════════════════════════════════════════════════════════════════════════════════════════════════

==========================================================================================================================================================================
📊 動能效率優先權分數排名 (2026/09/04 ~ 2026/09/18)
==========================================================================================================================================================================
    實資排名          累計天數排名  代號        名稱                 累計漲停(元)       累計跌停(元)       強度%  (09/04)開盤      最高      最低      收盤    (09/18)開盤      最高      最低      收盤      賺賠    賺賠率
--------------------------------------------------------------------------------------------------------------------------------------------------------------------------
       1               1  8227      巨有科技                118.50         14.00   100.00%    159.00   160.00   155.00   158.50      263.00   279.00   252.00   279.00   +120.50   +76.03%
       2               2  6538      倉和                  151.00         38.00    83.65%    261.50   300.00   257.50   300.00      352.50   388.00   348.50   388.00    +88.00   +29.33%
       3               3  7772      耀穎                   54.00          0.00    69.08%    109.00   109.00   109.00   109.00      148.00   160.50   147.00   155.50    +46.50   +42.66%
       4               7  6620      漢達                   45.50          0.00    55.65%    105.00   107.50    97.10   107.50      147.00   155.00   140.50   149.00    +41.50   +38.60%
       5               5  6945      圓祥生技                 20.20          0.00    55.12%     95.70    97.00    95.00    95.60      119.50   132.00   114.00   132.00    +36.40   +38.08%
       6               6  3624      光頡                   21.00          0.00    53.78%     87.60    93.20    87.60    93.20      122.00   126.50   117.00   126.00    +32.80   +35.19%
       7              10  3441      聯一光                  56.00         12.00    51.69%    134.00   143.00   129.50   143.00      185.00   187.00   177.00   185.50    +42.50   +29.72%
       8               4  8064      東捷                   54.50         11.50    49.98%    104.50   112.00   104.00   112.00      127.50   136.00   125.00   136.00    +24.00   +21.43%
       9              12  7717      萊德光電-KY             279.00         80.50    38.25%    416.00   449.50   416.00   449.50      601.00   624.00   594.00   600.00   +150.50   +33.48%
      10               8  3529      力旺                  865.00        350.00    37.40%   2420.00  2515.00  2355.00  2385.00     2770.00  2890.00  2760.00  2845.00   +460.00   +19.29%
      11             989  7825      和亞智慧                 60.60         26.50    35.01%        --       --       --       --       82.00    84.80    78.70    79.70        --        --
      12               9  6173      信昌電                 103.00         24.50    33.11%    260.00   265.00   254.50   260.50      309.00   314.00   300.00   314.00    +53.50   +20.54%
      13              34  6617      共信-KY                34.00          0.00    30.82%    113.00   124.00   113.00   123.00      143.00   144.50   139.50   143.00    +20.00   +16.26%
      14              32  3664      安瑞-KY                 0.00          0.00    30.18%      8.34     8.34     8.19     8.19        8.15     8.40     8.15     8.40     +0.21    +2.56%
      15              16  6218      豪勉                    0.00          0.00    29.70%     43.25    43.75    41.50    42.25       57.20    61.60    56.10    61.60    +19.35   +45.80%
      16              35  2221      大甲                   22.00          0.00    28.28%     95.70    98.50    90.30    90.80      124.00   127.50   119.00   127.50    +36.70   +40.42%
      17              29  4908      前鼎                   51.00         23.50    27.28%    214.00   224.50   199.00   224.50      240.00   248.50   232.50   243.50    +19.00    +8.46%
      18              17  6811      宏碁資訊                 39.50          0.00    26.97%    222.00   222.00   219.00   222.00      250.00   272.50   250.00   266.50    +44.50   +20.05%
      19              20  5202      力新                    0.00          0.00    26.07%     11.85    11.85    11.75    11.80       13.90    15.40    13.90    15.40     +3.60   +30.51%
      20              13  3609      三一東林                  0.00          0.00    25.82%     17.70    18.75    17.60    18.75       21.85    22.30    21.60    21.90     +3.15   +16.80%
      21              19  3374      精材                  110.00         79.50    25.04%    420.00   430.00   403.00   430.00      440.00   444.50   418.50   444.50    +14.50    +3.37%
      22              60  6179      亞通                    0.00          0.00    25.03%     29.40    30.00    29.05    29.60       41.60    41.90    37.75    37.90     +8.30   +28.04%
      23              22  6290      良維                   62.00         17.00    25.01%    248.50   270.00   247.50   270.00      274.00   288.00   270.50   282.50    +12.50    +4.63%
      24              90  8047      星雲                    0.00          0.00    24.99%     41.90    43.00    41.90    43.00       46.50    46.50    45.00    45.10     +2.10    +4.88%
      25              33  5464      霖宏                    0.00          0.00    24.95%     69.30    70.20    68.30    69.50       91.00    95.90    90.10    92.70    +23.20   +33.38%
      26              18  6588      東典光電                 19.50          0.00    24.74%    104.50   109.50   102.50   108.50      119.50   122.50   116.00   117.50     +9.00    +8.29%
      27              25  6147      頎邦                   42.00          9.50    24.57%    198.00   202.50   181.00   182.50      217.00   229.00   213.00   229.00    +46.50   +25.48%
      28             977  2724      藝舍-KY                 0.00          0.00    24.55%        --       --       --       --       10.75    11.65    10.75    11.65        --        --
      29              59  2924      宏太-KY                 0.00          0.00    23.90%     17.40    18.25    16.30    17.90       17.95    17.95    17.95    17.95     +0.05    +0.28%
      30              58  6291      沛亨                  123.50         63.00    23.87%    470.00   477.00   436.50   456.50      523.00   525.00   500.00   524.00    +67.50   +14.79%
      31              43  6148      驊宏資                   0.00          0.00    23.86%     27.75    28.80    27.75    28.65       36.25    39.85    35.90    39.85    +11.20   +39.09%
      32              31  6616      特昇-KY                 0.00          0.00    23.73%      8.18     8.32     8.16     8.28        8.36     8.50     8.20     8.50     +0.22    +2.66%
      33              44  1569      濱川                    0.00          0.00    23.64%     45.80    48.70    45.40    48.70       52.00    57.00    52.00    55.50     +6.80   +13.96%
      34             341  6210      慶生                    0.00          0.00    23.62%     17.30    17.75    17.30    17.75       16.80    17.55    16.70    17.55     -0.20    -1.13%
      35              26  5314      世紀*                   0.00          0.00    23.61%     32.00    32.25    31.05    32.00       28.85    30.50    28.80    30.50     -1.50    -4.69%
      36              45  4923      力士                    0.00          0.00    22.95%     52.00    52.00    50.40    51.50       55.80    60.80    55.80    60.80     +9.30   +18.06%
      37              81  3467      台灣精材                  0.00          0.00    22.94%     52.80    52.80    50.90    51.10       76.00    77.40    73.40    77.40    +26.30   +51.47%
      38              41  3354      律勝                    0.00          0.00    22.92%     24.65    24.65    23.70    24.00       29.35    30.00    29.10    29.20     +5.20   +21.67%
      39              39  6199      天品                    0.00          0.00    22.87%     95.20    96.40    94.70    96.10      105.00   113.00   103.50   113.00    +16.90   +17.59%
      40              57  6840      東研信超                  0.00          0.00    22.82%     90.50    93.40    89.20    92.80      104.00   111.00   101.50   108.00    +15.20   +16.38%
==========================================================================================================================================================================
✅ 共 40 筆


══════════════════════════════════════════════════════════════════════════════════════════════════════════════
  🔄 第  8/10 次  2026/09/03 ～ 2026/09/17
══════════════════════════════════════════════════════════════════════════════════════════════════════════════

==========================================================================================================================================================================
📊 動能效率優先權分數排名 (2026/09/03 ~ 2026/09/17)
==========================================================================================================================================================================
    實資排名          累計天數排名  代號        名稱                 累計漲停(元)       累計跌停(元)       強度%  (09/03)開盤      最高      最低      收盤    (09/17)開盤      最高      最低      收盤      賺賠    賺賠率
--------------------------------------------------------------------------------------------------------------------------------------------------------------------------
       1               1  6538      倉和                  140.50         38.00   100.00%    273.00   273.00   273.00   273.00      377.00   392.50   344.00   353.00    +80.00   +29.30%
       2               2  8227      巨有科技                 97.50         14.00    96.35%    160.50   163.00   156.00   156.50      273.00   281.00   258.00   258.00   +101.50   +64.86%
       3               3  7772      耀穎                   44.50          0.00    64.12%     91.50    99.50    90.50    99.50      133.00   146.00   133.00   146.00    +46.50   +46.73%
       4               4  6620      漢達                   45.50          0.00    61.62%     92.90   103.50    92.00    98.00      143.00   147.00   143.00   147.00    +49.00   +50.00%
       5               6  3624      光頡                   21.00          0.00    51.45%     89.50    89.90    84.80    84.80      124.50   130.00   115.00   118.00    +33.20   +39.15%
       6               7  6945      圓祥生技                 20.20          0.00    42.78%     98.20    99.90    93.00    97.40      119.50   130.00   118.00   124.00    +26.60   +27.31%
       7               5  8064      東捷                   54.50         11.50    42.46%    105.50   114.50   101.50   102.00      123.00   130.00   123.00   130.00    +28.00   +27.45%
       8             993  7825      和亞智慧                 60.60         26.50    41.14%        --       --       --       --       88.60    90.00    83.20    83.90        --        --
       9              28  3441      聯一光                  56.00         21.50    39.97%    142.00   144.00   130.00   130.00      198.50   201.00   188.50   192.50    +62.50   +48.08%
      10              50  7717      萊德光電-KY             258.00         94.50    33.35%    425.00   429.50   409.00   409.00      544.00   579.00   530.00   579.00   +170.00   +41.56%
      11              24  3664      安瑞-KY                 0.00          0.00    33.33%      9.05     9.17     8.50     9.10        8.14     8.15     8.14     8.15     -0.95   -10.44%
      12              22  6179      亞通                    0.00          0.00    32.92%     30.00    30.10    29.10    29.20       38.00    41.45    37.75    41.45    +12.25   +41.95%
      13              13  2221      大甲                   10.50          0.00    32.87%     84.20    91.50    84.20    91.50      110.50   116.00   108.00   116.00    +24.50   +26.78%
      14             423  6617      共信-KY                34.00          0.00    32.54%    119.50   119.50   113.50   113.50      138.00   149.00   137.50   143.00    +29.50   +25.99%
      15               9  3609      三一東林                  0.00          0.00    29.96%     18.00    18.20    17.80    18.00       21.80    22.75    21.50    22.20     +4.20   +23.33%
      16              21  6291      沛亨                  141.50         63.00    29.85%    453.00   484.00   453.00   458.00      494.50   539.00   494.50   517.00    +59.00   +12.88%
      17              11  6588      東典光電                 19.50          0.00    29.68%    107.00   111.00   101.50   103.00      115.50   121.00   114.50   118.50    +15.50   +15.05%
      18              97  8047      星雲                    0.00          0.00    28.69%     44.00    44.00    42.30    42.30       45.25    45.90    45.15    45.15     +2.85    +6.74%
      19              14  5355      佳總                    0.00          0.00    28.20%      5.76     5.99     5.76     5.99        7.09     7.09     6.51     6.93     +0.94   +15.69%
      20              19  6218      豪勉                    0.00          0.00    28.19%     43.75    44.70    41.75    42.60       56.00    58.90    53.70    56.00    +13.40   +31.46%
      21              27  3467      台灣精材                  0.00          0.00    28.07%     49.95    51.90    49.50    51.80       72.80    78.70    70.80    73.50    +21.70   +41.89%
      22              15  6616      特昇-KY                 0.00          0.00    28.00%      8.13     8.29     8.10     8.29        8.23     8.36     8.09     8.36     +0.07    +0.84%
      23              23  6870      騰雲                   56.00         23.00    27.46%    292.00   296.50   281.00   288.00      317.50   322.50   309.00   322.00    +34.00   +11.81%
      24              30  5464      霖宏                    0.00          0.00    27.45%     69.70    71.90    68.00    69.00       99.00    99.80    89.60    90.10    +21.10   +30.58%
      25              66  3629      地心引力                  0.00          0.00    27.18%     18.85    19.85    18.85    19.85          --       --       --       --        --        --
      26               8  3529      力旺                  730.00        415.00    27.01%   2410.00  2485.00  2330.00  2330.00     2735.00  2810.00  2660.00  2710.00   +380.00   +16.31%
      27              16  6021      美好證                   0.00          0.00    26.94%     39.10    39.75    39.10    39.35       44.90    45.30    44.05    45.10     +5.75   +14.61%
      28             889  8444      綠河-KY                 0.00          0.00    26.70%      4.60     4.60     4.50     4.60        4.30     5.00     4.25     5.00     +0.40    +8.70%
      29              20  8472      夠麻吉                   0.00          0.00    26.38%     67.00    68.00    67.00    68.00       79.00    81.60    76.00    76.00     +8.00   +11.76%
      30              68  2924      宏太-KY                 0.00          0.00    25.98%     17.45    17.45    16.20    16.85       16.85    17.45    16.85    17.45     +0.60    +3.56%
      31              12  6173      信昌電                  92.50         44.00    25.63%    258.50   258.50   237.50   241.00      315.00   325.00   295.00   303.50    +62.50   +25.93%
      32              59  2640      大車隊                  13.00          0.00    25.47%    157.00   157.00   156.50   156.50      159.00   172.00   159.00   172.00    +15.50    +9.90%
      33             512  6210      慶生                    0.00          0.00    25.40%     17.70    17.80    17.70    17.80       16.65    17.40    16.65    17.10     -0.70    -3.93%
      34             331  6929      佑全                    0.00          0.00    25.30%     22.30    22.40    22.05    22.40       22.00    22.00    21.35    21.35     -1.05    -4.69%
      35              31  3499      環天科                   0.00          0.00    25.02%     12.45    12.45    12.20    12.40       13.25    14.10    13.05    13.75     +1.35   +10.89%
      36              10  8431      匯鑽科                   0.00          0.00    24.39%     59.10    65.70    58.70    63.70       65.00    68.00    63.40    64.80     +1.10    +1.73%
      37             247  2235      謚源                    0.00          0.00    24.20%     27.50    27.85    27.50    27.85       28.20    28.50    27.70    28.30     +0.45    +1.62%
      38              18  6865      偉康科技                  0.00          0.00    24.17%     24.60    25.20    24.50    25.10       26.45    26.50    26.10    26.50     +1.40    +5.58%
      39              17  6147      頎邦                   22.50          9.50    23.97%    183.50   199.50   174.00   189.00      212.50   219.00   206.00   209.50    +20.50   +10.85%
      40             667  4806      桂田文創                  0.00          0.00    23.93%      8.85     9.10     8.80     9.10        8.79     9.16     8.79     9.15     +0.05    +0.55%
==========================================================================================================================================================================
✅ 共 40 筆


══════════════════════════════════════════════════════════════════════════════════════════════════════════════
  🔄 第  9/10 次  2026/09/02 ～ 2026/09/16
══════════════════════════════════════════════════════════════════════════════════════════════════════════════

==========================================================================================================================================================================
📊 動能效率優先權分數排名 (2026/09/02 ~ 2026/09/16)
==========================================================================================================================================================================
    實資排名          累計天數排名  代號        名稱                 累計漲停(元)       累計跌停(元)       強度%  (09/02)開盤      最高      最低      收盤    (09/16)開盤      最高      最低      收盤      賺賠    賺賠率
--------------------------------------------------------------------------------------------------------------------------------------------------------------------------
       1               1  6538      倉和                  163.00         10.50   100.00%    248.50   248.50   248.50   248.50      370.50   398.50   365.00   380.50   +132.00   +53.12%
       2               2  8227      巨有科技                 97.50          0.00    81.67%    161.50   167.00   160.50   160.50      250.50   274.00   248.00   272.00   +111.50   +69.47%
       3               5  3624      光頡                   21.00          0.00    48.91%     89.80    92.90    89.00    89.00      125.00   127.00   121.00   123.00    +34.00   +38.20%
       4               3  6620      漢達                   32.50          0.00    47.62%     87.90    95.40    87.70    95.40      119.00   134.00   118.50   134.00    +38.60   +40.46%
       5              20  3441      聯一光                  56.00         21.50    38.59%    133.00   140.00   130.00   139.50      170.00   186.00   170.00   186.00    +46.50   +33.33%
       6             997  7825      和亞智慧                 60.60         26.50    36.72%        --       --       --       --       78.70    88.40    78.10    88.00        --        --
       7              12  6945      圓祥生技                 20.20          0.00    32.07%     96.50    97.90    95.00    97.60      114.50   120.00   110.50   120.00    +22.40   +22.95%
       8               6  6870      騰雲                   71.00         23.00    31.28%    275.00   299.00   275.00   292.00      326.50   330.00   301.00   316.00    +24.00    +8.22%
       9               7  7772      耀穎                   31.50          0.00    30.49%     91.50    92.00    88.80    90.50      135.00   135.00   129.50   133.00    +42.50   +46.96%
      10              34  3664      安瑞-KY                 0.00          0.00    29.54%      8.34     8.34     8.34     8.34        7.63     8.15     7.63     8.14     -0.20    -2.40%
      11              26  5464      霖宏                    0.00          0.00    29.49%     68.80    70.00    68.00    69.30       85.20    93.70    84.10    93.70    +24.40   +35.21%
      12               8  5355      佳總                    0.00          0.00    29.42%      5.66     6.00     5.66     6.00        6.48     7.10     6.46     6.85     +0.85   +14.17%
      13              16  8064      東捷                   43.00         11.50    28.70%    105.00   107.00   104.00   104.50      109.00   118.50   109.00   118.50    +14.00   +13.40%
      14              14  3354      律勝                    0.00          0.00    28.28%     23.55    26.05    23.55    26.05       28.10    30.50    27.85    30.50     +4.45   +17.08%
      15               9  6291      沛亨                  131.00         63.00    28.28%    423.50   465.50   423.50   440.00      446.00   490.50   446.00   490.50    +50.50   +11.48%
      16               4  8431      匯鑽科                   0.00          0.00    27.60%     54.30    59.80    54.10    59.80       60.10    65.80    60.00    65.00     +5.20    +8.70%
      17              10  2221      大甲                    0.00          0.00    27.57%     78.50    85.40    78.10    83.20       96.10   105.50    95.60   105.50    +22.30   +26.80%
      18              19  6218      豪勉                    0.00          0.00    27.52%     41.95    45.35    41.95    43.55       50.20    54.10    48.50    54.10    +10.55   +24.23%
      19              11  6173      信昌電                  92.50         32.50    26.91%    255.00   263.50   253.50   260.50      304.00   323.00   295.00   315.00    +54.50   +20.92%
      20              74  6929      佑全                    0.00          0.00    26.53%     22.00    22.75    22.00    22.75       21.25    21.75    21.25    21.35     -1.40    -6.15%
      21              18  4198      欣大健康                  0.00          0.00    26.46%     42.50    47.00    42.50    47.00       49.90    50.00    47.25    49.40     +2.40    +5.11%
      22             158  8047      星雲                    0.00          0.00    26.35%     44.00    44.00    44.00    44.00          --       --       --       --        --        --
      23              25  8472      夠麻吉                   0.00          0.00    26.33%     67.50    67.80    67.50    67.70       77.40    81.70    77.40    78.90    +11.20   +16.54%
      24              15  3609      三一東林                  0.00          0.00    26.03%     18.15    18.15    17.55    18.00       20.75    22.30    20.30    21.70     +3.70   +20.56%
      25              29  3467      台灣精材                  0.00          0.00    25.79%     49.10    50.50    49.10    49.55       71.20    76.50    68.00    71.60    +22.05   +44.50%
      26             179  7717      萊德光電-KY             206.00         94.50    25.78%    423.00   434.00   421.00   423.00      500.00   527.00   492.00   527.00   +104.00   +24.59%
      27              23  6616      特昇-KY                 0.00          0.00    25.35%      8.24     8.29     8.22     8.29        8.27     8.40     8.21     8.39     +0.10    +1.21%
      28              24  6021      美好證                   0.00          0.00    25.19%     38.65    39.05    38.65    39.00       43.40    45.00    43.30    44.90     +5.90   +15.13%
      29              28  3629      地心引力                  0.00          0.00    24.95%     20.00    20.00    19.90    19.90       18.10    18.20    18.10    18.20     -1.70    -8.54%
      30              80  6179      亞通                    0.00          0.00    24.80%     30.20    30.50    29.35    29.75       34.40    38.00    34.40    37.70     +7.95   +26.72%
      31              17  6147      頎邦                   22.50          9.50    24.35%    180.00   186.50   178.50   182.50      201.50   207.50   197.50   207.50    +25.00   +13.70%
      32             945  4192      杏國                    0.00          0.00    24.20%     19.25    19.25    19.25    19.25       18.20    19.45    18.20    19.45     +0.20    +1.04%
      33              27  6588      東典光電                 19.50          0.00    23.85%    107.00   114.00   107.00   107.50      102.50   110.00   102.00   110.00     +2.50    +2.33%
      34              36  6590      普鴻                    0.00          0.00    23.48%     65.50    65.50    64.90    64.90       69.00    75.00    69.00    71.60     +6.70   +10.32%
      35             992  6597      立誠                    0.00          0.00    23.46%     75.90    75.90    71.80    74.80       70.10    70.10    70.10    70.10     -4.70    -6.28%
      36              13  3693      營邦                  123.00         63.00    23.29%    627.00   654.00   626.00   642.00      673.00   685.00   671.00   681.00    +39.00    +6.07%
      37             988  8277      商丞                    0.00          0.00    23.19%      7.55     8.48     7.55     8.00          --       --       --       --        --        --
      38              75  7714      創泓科技                 25.00          0.00    23.13%    170.00   171.50   165.00   168.00      183.00   184.00   178.00   181.50    +13.50    +8.04%
      39             854  6617      共信-KY                34.00          0.00    23.04%    120.00   122.00   116.50   120.50      127.50   138.00   126.00   138.00    +17.50   +14.52%
      40              32  3623      富晶通                   0.00          0.00    23.02%     22.85    23.30    22.85    23.30       26.15    28.65    25.60    28.40     +5.10   +21.89%
==========================================================================================================================================================================
✅ 共 40 筆


══════════════════════════════════════════════════════════════════════════════════════════════════════════════
  🔄 第 10/10 次  2026/09/01 ～ 2026/09/15
══════════════════════════════════════════════════════════════════════════════════════════════════════════════

==========================================================================================================================================================================
📊 動能效率優先權分數排名 (2026/09/01 ~ 2026/09/15)
==========================================================================================================================================================================
    實資排名          累計天數排名  代號        名稱                 累計漲停(元)       累計跌停(元)       強度%  (09/01)開盤      最高      最低      收盤    (09/15)開盤      最高      最低      收盤      賺賠    賺賠率
--------------------------------------------------------------------------------------------------------------------------------------------------------------------------
       1               1  6538      倉和                  168.00         10.50   100.00%    224.00   226.00   224.00   226.00      372.50   376.00   364.00   365.00   +139.00   +61.50%
       2               2  8227      巨有科技                 75.00          0.00    53.09%    161.00   172.00   160.00   164.00      239.00   253.00   239.00   249.50    +85.50   +52.13%
       3               4  3624      光頡                   21.00          0.00    45.04%     88.50    93.40    88.50    90.20      122.50   129.50   120.00   123.50    +33.30   +36.92%
       4               3  6870      騰雲                   96.00         10.00    37.93%    259.00   277.00   259.00   277.00      306.00   334.50   306.00   329.00    +52.00   +18.77%
       5               5  7772      耀穎                   31.50          0.00    28.94%     88.50    93.00    88.50    91.00      126.00   133.00   121.50   130.00    +39.00   +42.86%
       6            1007  7825      和亞智慧                 60.60         26.50    28.17%        --       --       --       --       88.20    88.90    80.60    81.00        --        --
       7              66  3441      聯一光                  39.50         21.50    25.71%    137.00   139.00   130.00   133.00      162.00   176.50   159.00   169.50    +36.50   +27.44%
       8              10  5355      佳總                    0.00          0.00    23.14%      5.74     5.86     5.73     5.86        6.01     6.54     6.01     6.54     +0.68   +11.60%
       9               8  6173      信昌電                  87.50         32.50    23.04%    255.50   270.50   254.00   261.50      299.00   308.00   289.50   294.50    +33.00   +12.62%
      10               7  6291      沛亨                  105.50         63.00    23.00%    405.00   434.00   405.00   424.00      459.00   467.50   445.00   446.00    +22.00    +5.19%
      11              44  3664      安瑞-KY                 0.00          0.00    22.53%      7.50     7.59     7.50     7.59        6.98     7.67     6.98     7.67     +0.08    +1.05%
      12              21  4198      欣大健康                  0.00          0.00    22.23%     43.95    44.00    43.95    43.95       49.50    49.95    49.50    49.90     +5.95   +13.54%
      13              17  8472      夠麻吉                   0.00          0.00    21.99%     65.00    67.60    65.00    66.70       79.00    82.30    79.00    80.20    +13.50   +20.24%
      14              20  3467      台灣精材                  0.00          0.00    21.94%     47.95    49.20    47.95    49.10       70.80    70.80    70.80    70.80    +21.70   +44.20%
      15             709  8047      星雲                    0.00          0.00    21.74%        --       --       --       --       46.70    46.70    46.65    46.70        --        --
      16              72  6929      佑全                    0.00          0.00    21.72%     23.90    23.90    23.90    23.90       21.10    22.05    20.50    22.05     -1.85    -7.74%
      17               9  3693      營邦                  128.00         63.00    21.19%    610.00   644.00   600.00   624.00      680.00   685.00   662.00   666.00    +42.00    +6.73%
      18              15  3609      三一東林                  0.00          0.00    20.78%     17.55    18.55    17.55    18.05       20.00    20.75    19.30    20.75     +2.70   +14.96%
      19              18  6218      豪勉                    0.00          0.00    20.74%     40.60    41.95    40.35    41.60       44.75    49.25    44.15    49.25     +7.65   +18.39%
      20               6  8431      匯鑽科                   0.00          0.00    20.74%     53.00    55.30    53.00    54.40       61.50    63.00    60.00    60.10     +5.70   +10.48%
      21              19  6616      特昇-KY                 0.00          0.00    20.54%      8.14     8.20     8.13     8.20        8.30     8.59     8.30     8.55     +0.35    +4.27%
      22              25  6945      圓祥生技                  9.70          0.00    20.49%     98.70    99.30    96.00    96.50      100.00   109.50   100.00   109.50    +13.00   +13.47%
      23              12  3529      力旺                  885.00        660.00    20.37%   2490.00  2640.00  2490.00  2640.00     2720.00  2720.00  2610.00  2625.00    -15.00    -0.57%
      24              24  3629      地心引力                  0.00          0.00    20.24%     20.00    20.00    20.00    20.00       17.00    19.60    17.00    19.60     -0.40    -2.00%
      25              16  2221      大甲                    0.00          0.00    19.92%     76.00    80.00    75.70    77.70       88.30    98.80    88.20    96.10    +18.40   +23.68%
      26              23  6021      美好證                   0.00          0.00    19.63%     38.80    39.35    38.80    39.10       44.80    44.90    43.80    44.20     +5.10   +13.04%
      27              34  3354      律勝                    0.00          0.00    19.61%     24.05    24.65    23.70    23.70       27.45    30.20    27.30    27.75     +4.05   +17.09%
      28              13  6147      頎邦                   22.50          9.50    19.37%    178.00   187.00   175.50   183.50      194.50   206.50   194.50   200.00    +16.50    +8.99%
      29             790  8444      綠河-KY                 0.00          0.00    19.36%      4.29     4.89     4.29     4.89          --       --       --       --        --        --
      30              26  6488      環球晶                 150.00        146.00    19.33%    908.00   998.00   908.00   994.00      901.00   959.00   895.00   914.00    -80.00    -8.05%
      31             998  6597      立誠                    0.00          0.00    19.09%        --       --       --       --          --       --       --       --        --        --
      32             982  8277      商丞                    0.00          0.00    18.79%      8.04     8.09     8.00     8.03          --       --       --       --        --        --
      33              29  7842      天能綠電                  0.00          0.00    18.75%     97.60   101.50    97.60   100.00       97.40    98.10    97.40    97.60     -2.40    -2.40%
      34              87  6148      驊宏資                   0.00          0.00    18.73%     28.00    28.15    27.90    28.00       37.50    37.50    35.70    37.50     +9.50   +33.93%
      35              69  7714      創泓科技                 25.00          0.00    18.73%    172.00   172.00   167.00   167.50      184.00   190.00   178.00   178.00    +10.50    +6.27%
      36             476  7717      萊德光電-KY             158.50         94.50    18.64%    430.00   443.50   424.50   429.50      478.50   503.00   472.00   479.50    +50.00   +11.64%
      37              14  6510      精測                  920.00        510.00    18.59%   2925.00  3125.00  2925.00  3125.00     3325.00  3390.00  3215.00  3255.00   +130.00    +4.16%
      38              47  1780      立弘                    0.00          0.00    18.26%     24.20    24.60    23.95    24.60       24.30    24.80    24.30    24.80     +0.20    +0.81%
      39              31  8042      金山電                  21.00         10.50    18.09%    105.50   114.00   105.50   107.50      111.00   116.00   110.00   110.00     +2.50    +2.33%
      40              35  6590      普鴻                    0.00          0.00    18.07%     63.60    64.70    63.60    64.30       64.80    68.70    62.70    68.70     +4.40    +6.84%
==========================================================================================================================================================================
✅ 共 40 筆
