
██████████████████████████████████████████████████████████████████████████████████████████████████████████████
  📅 天數組合: 3 日  →  輸出檔: q14_03.txt
██████████████████████████████████████████████████████████████████████████████████████████████████████████████

🔁 共執行 3 次，每次區間長度 4 個交易日

══════════════════════════════════════════════════════════════════════════════════════════════════════════════
  🔄 第  1/3 次  2026/09/23 ～ 2026/09/30
══════════════════════════════════════════════════════════════════════════════════════════════════════════════

==========================================================================================================================================================================
📊 ROI 每日報酬率累計排名 (2026/09/23 ~ 2026/09/30)
==========================================================================================================================================================================
    實資排名          累計天數排名  代號        名稱                 累計漲停(元)       累計跌停(元)       強度%  (09/23)開盤      最高      最低      收盤    (09/30)開盤      最高      最低      收盤      賺賠    賺賠率
--------------------------------------------------------------------------------------------------------------------------------------------------------------------------
       1               2  6708      天擎                    0.00          0.00   100.00%     38.70    38.95    38.70    38.95       51.70    51.70    51.70    51.70    +12.75   +32.73%
       2               3  6207      雷科                   37.00          0.00    99.61%    116.00   117.00   113.50   114.00      141.00   151.00   140.00   151.00    +37.00   +32.46%
       3               5  3219      倚強科                  21.00          0.00    90.35%    108.50   110.00   100.00   104.50      130.00   134.50   127.50   131.50    +27.00   +25.84%
       4               4  8027      鈦昇                   38.00          0.00    90.31%    183.00   185.00   176.00   176.50      222.00   222.00   219.00   222.00    +45.50   +25.78%
       5               7  2221      大甲                   33.50          0.00    88.66%    166.00   168.50   149.50   158.50      178.00   198.00   170.00   197.50    +39.00   +24.61%
       6              12  5220      萬達光電                  0.00          0.00    85.40%     19.85    19.95    19.80    19.80       22.80    24.20    22.00    24.20     +4.40   +22.22%
       7               6  5309      系統電                   0.00          0.00    84.39%     52.40    52.40    51.30    51.50       60.50    64.00    60.00    62.70    +11.20   +21.75%
       8              21  6532      瑞耘                   20.00          0.00    83.67%     99.70    99.70    97.60    97.90      114.00   118.50   114.00   118.50    +20.60   +21.04%
       9              81  4174      浩鼎                    0.00          0.00    82.62%     29.25    32.60    29.00    32.60       39.00    39.20    38.55    39.20     +6.60   +20.25%
      10             146  7547      碩網                    0.00          0.00    82.30%     52.10    54.30    52.10    54.00       64.40    66.30    62.80    64.80    +10.80   +20.00%
      11             110  3615      安可                    0.00          0.00    81.71%     37.45    41.10    37.45    38.30       42.20    45.80    42.10    45.80     +7.50   +19.58%
      12             114  8227      巨有科技                 64.00          0.00    81.62%    308.50   310.00   290.00   310.00      370.50   370.50   370.50   370.50    +60.50   +19.52%
      13             136  5013      強新                    0.00          0.00    81.23%     32.00    32.95    32.00    32.50       38.50    38.75    38.05    38.75     +6.25   +19.23%
      14             172  6925      意藍                    0.00          0.00    80.96%     56.80    62.00    56.70    62.00       74.80    75.00    72.70    73.80    +11.80   +19.03%
      15             140  6643      M31                  88.50         10.00    77.04%    497.00   501.00   475.00   476.50      506.00   555.00   500.00   555.00    +78.50   +16.47%
      16             126  4768      晶呈科技                 55.00          0.00    75.43%    319.00   337.00   311.00   329.00      365.00   382.00   360.00   380.00    +51.00   +15.50%
      17             193  3498      陽程                   36.00          0.00    74.96%    205.00   209.50   197.50   199.00      234.50   234.50   221.00   229.00    +30.00   +15.08%
      18             100  8147      正淩                   22.00          0.00    74.95%    136.50   139.50   135.00   137.50      149.50   160.50   148.00   158.50    +21.00   +15.27%
      19              31  6182      合晶                   12.00          0.00    74.73%    120.00   125.00   114.50   115.50      123.00   133.00   121.00   133.00    +17.50   +15.15%
      20             168  3162      精確                    0.00          0.00    73.63%     75.20    75.50    74.00    74.70       81.90    87.90    81.70    85.40    +10.70   +14.32%
      21             182  3354      律勝                    0.00          0.00    73.59%     28.90    28.95    27.60    28.15       29.70    32.15    29.50    32.15     +4.00   +14.21%
      22              20  3290      東浦                    0.00          0.00    73.03%     46.20    46.70    45.65    45.75       48.35    52.40    48.35    52.20     +6.45   +14.10%
      23              60  6485      點序                    0.00          0.00    72.36%     69.30    70.40    66.60    67.80       70.60    77.00    70.60    77.00     +9.20   +13.57%
      24              23  8935      邦泰                    0.00          0.00    72.32%     17.30    17.50    17.25    17.30       19.00    20.40    18.80    19.65     +2.35   +13.58%
      25              26  7728      光焱科技                 72.00          0.00    71.80%    580.00   591.00   576.00   589.00      615.00   667.00   615.00   667.00    +78.00   +13.24%
      26              11  7751      竑騰                  190.00          0.00    71.46%   1420.00  1440.00  1410.00  1435.00     1625.00  1650.00  1530.00  1625.00   +190.00   +13.24%
      27             191  8121      越峰                    0.00          0.00    71.40%     28.00    28.55    27.90    27.90       32.00    32.00    31.15    31.50     +3.60   +12.90%
      28              47  7825      和亞智慧                  0.00          0.00    71.19%     75.30    76.80    74.80    74.80       82.60    86.50    81.40    84.40     +9.60   +12.83%
      29              49  5483      中美晶                  18.50          0.00    70.63%    195.00   195.00   183.00   184.50      193.00   207.50   192.00   207.50    +23.00   +12.47%
      30              30  3663      鑫科                    0.00          0.00    69.31%     61.40    61.40    60.60    60.70       63.10    68.60    63.00    67.80     +7.10   +11.70%
      31             141  3581      博磊                   10.50          0.00    69.10%    103.00   106.00   102.50   105.00      109.50   117.00   109.50   117.00    +12.00   +11.43%
      32             209  3114      好德                    0.00          0.00    68.57%     32.00    32.60    31.00    31.15       35.80    35.80    33.90    34.60     +3.45   +11.08%
      33             159  6654      天正國際                 16.00          0.00    68.38%    202.50   202.50   194.50   194.50      206.50   217.50   203.00   216.00    +21.50   +11.05%
      34             206  6228      全譜                    0.00          0.00    68.29%     17.00    17.00    17.00    17.00       20.60    20.60    18.80    18.80     +1.80   +10.59%
      35             149  8047      星雲                    0.00          0.00    68.25%     42.00    45.80    42.00    45.75       51.20    51.50    50.20    50.80     +5.05   +11.04%
      36             183  4939      亞電                    0.00          0.00    68.23%     77.20    77.50    74.50    74.70       77.00    82.80    77.00    82.80     +8.10   +10.84%
      37              36  3268      海德威                   0.00          0.00    68.10%     19.95    19.95    19.50    19.60       21.50    22.00    21.25    21.75     +2.15   +10.97%
      38             167  3580      友威科                   0.00          0.00    68.04%    102.50   105.50    99.00    99.70      112.00   116.00   108.00   110.50    +10.80   +10.83%
      39              17  5314      世紀*                   0.00          0.00    67.93%     26.30    27.00    25.00    26.00       28.05    29.00    28.05    28.85     +2.85   +10.96%
      40              44  9960      邁達康                   0.00          0.00    67.04%     35.25    38.70    32.75    37.60       41.20    41.95    40.40    41.50     +3.90   +10.37%
==========================================================================================================================================================================
✅ 共 40 筆


══════════════════════════════════════════════════════════════════════════════════════════════════════════════
  🔄 第  2/3 次  2026/09/22 ～ 2026/09/29
══════════════════════════════════════════════════════════════════════════════════════════════════════════════

==========================================================================================================================================================================
📊 ROI 每日報酬率累計排名 (2026/09/22 ~ 2026/09/29)
==========================================================================================================================================================================
    實資排名          累計天數排名  代號        名稱                 累計漲停(元)       累計跌停(元)       強度%  (09/22)開盤      最高      最低      收盤    (09/29)開盤      最高      最低      收盤      賺賠    賺賠率
--------------------------------------------------------------------------------------------------------------------------------------------------------------------------
       1               1  6925      意藍                    0.00          0.00   100.00%     58.30    58.30    56.10    56.40       72.00    75.00    71.00    75.00    +18.60   +32.98%
       2               5  7547      碩網                    0.00          0.00    90.42%     51.30    52.30    51.30    51.80       65.30    65.30    65.30    65.30    +13.50   +26.06%
       3              11  6103      合邦                    0.00          0.00    86.85%     37.60    37.60    33.85    33.85       42.60    44.35    41.80    41.80     +7.95   +23.49%
       4               7  6693      廣閎科                  30.00          0.00    83.68%    180.50   184.00   179.00   179.50      206.50   220.50   203.50   218.00    +38.50   +21.45%
       5              37  6708      天擎                    0.00          0.00    83.33%     40.00    40.00    38.80    38.90       47.05    47.05    47.05    47.05     +8.15   +20.95%
       6              70  4174      浩鼎                    0.00          0.00    82.34%     29.90    31.05    29.00    29.65       32.65    35.65    32.45    35.65     +6.00   +20.24%
       7             107  6207      雷科                   23.50          0.00    80.66%    119.00   120.00   114.00   115.50      130.50   137.50   127.50   137.50    +22.00   +19.05%
       8              10  8040      九暘                    0.00          0.00    77.74%     84.70    91.50    84.70    85.10       93.00   102.50    92.50   100.00    +14.90   +17.51%
       9              12  2221      大甲                   16.00          0.00    76.98%    152.00   154.00   147.50   154.00      169.00   180.00   167.50   180.00    +26.00   +16.88%
      10               9  9960      邁達康                   0.00          0.00    76.77%     32.95    35.35    32.60    35.25       39.35    41.40    38.85    41.20     +5.95   +16.88%
      11               3  6228      全譜                    0.00          0.00    76.53%        --       --       --       --       20.00    20.00    19.15    19.80        --        --
      12             166  3219      倚強科                  21.00          0.00    75.87%    104.50   108.50    99.70   108.50      123.50   125.50   120.50   125.50    +17.00   +15.67%
      13             102  4768      晶呈科技                 50.00          0.00    74.05%    323.00   325.00   310.00   311.50      325.50   357.50   323.00   357.50    +46.00   +14.77%
      14              44  3624      光頡                   12.00          0.00    73.90%    133.50   136.00   122.00   122.00      139.00   143.50   138.00   140.00    +18.00   +14.75%
      15             162  3498      陽程                   36.00          0.00    73.69%    202.00   210.00   196.50   205.50      216.00   235.00   212.00   235.00    +29.50   +14.36%
      16              71  8121      越峰                    0.00          0.00    72.97%     27.90    28.20    27.70    27.95       30.65    32.75    30.00    31.90     +3.95   +14.13%
      17              90  5309      系統電                   0.00          0.00    72.94%     52.80    53.10    51.80    51.80       53.50    59.10    53.50    59.10     +7.30   +14.09%
      18              74  5310      天剛                    0.00          0.00    72.35%     25.15    25.60    25.15    25.50       28.70    29.65    28.40    29.00     +3.50   +13.73%
      19              15  6122      擎邦                    0.00          0.00    70.63%     52.30    53.00    51.60    52.90       57.70    60.00    57.60    59.70     +6.80   +12.85%
      20             175  8437      大地-KY                 0.00          0.00    70.10%      8.98     9.21     8.96     9.03       10.40    10.55    10.00    10.10     +1.07   +11.85%
      21              40  8935      邦泰                    0.00          0.00    69.54%     17.25    17.40    17.25    17.25       18.00    19.30    17.50    19.30     +2.05   +11.88%
      22             169  8027      鈦昇                   18.00          0.00    69.27%    183.00   189.00   180.00   181.00      187.00   202.00   185.50   202.00    +21.00   +11.60%
      23               6  8047      星雲                    0.00          0.00    68.69%        --       --       --       --       49.20    51.00    49.20    51.00        --        --
      24             170  3552      同致                    0.00          0.00    68.57%     39.55    39.55    39.15    39.15       44.20    44.90    43.20    43.45     +4.30   +10.98%
      25             110  3615      安可                    0.00          0.00    68.56%     37.95    38.40    37.00    37.45       37.80    41.65    37.50    41.65     +4.20   +11.21%
      26              31  4772      台特化                  22.50          0.00    68.52%    248.00   248.00   243.50   243.50      252.00   273.00   250.00   271.00    +27.50   +11.29%
      27              76  5220      萬達光電                  0.00          0.00    68.37%     19.65    19.95    19.55    19.80       20.10    22.00    20.10    22.00     +2.20   +11.11%
      28             143  7825      和亞智慧                  0.00          0.00    67.80%     77.40    77.50    74.90    75.50       84.50    87.90    83.50    83.60     +8.10   +10.73%
      29              68  8050      廣積                    0.00          0.00    67.62%     59.70    59.80    59.10    59.30       61.70    66.20    61.60    65.70     +6.40   +10.79%
      30              88  3675      德微                   30.00          0.00    67.58%    304.00   308.00   295.50   302.00      337.50   354.50   331.00   334.00    +32.00   +10.60%
      31             129  6870      騰雲                   29.50          0.00    67.55%    312.00   314.00   299.00   299.00      335.50   335.50   328.50   330.50    +31.50   +10.54%
      32             120  8227      巨有科技                 30.50          0.00    67.46%    299.50   316.00   295.00   305.00      313.00   337.00   308.00   337.00    +32.00   +10.49%
      33             178  7792      安葆                   57.50         19.50    67.11%    345.00   378.00   332.00   378.00      427.50   430.00   400.00   416.00    +38.00   +10.05%
      34              47  3710      連展投控                  0.00          0.00    67.09%      7.50     7.77     7.50     7.72        7.65     8.55     7.65     8.52     +0.80   +10.36%
      35              38  6922      宸曜                   13.00          0.00    66.76%    206.00   208.50   203.00   204.00      212.00   228.50   210.00   225.00    +21.00   +10.29%
      36              18  6236      中湛                    0.00          0.00    66.39%     15.75    16.75    15.75    16.75       18.45    18.45    18.45    18.45     +1.70   +10.15%
      37             188  3114      好德                    0.00          0.00    66.33%     31.95    32.00    31.50    31.90       35.00    36.50    34.55    35.00     +3.10    +9.72%
      38             155  6532      瑞耘                    9.50          0.00    66.09%    100.00   101.00    97.90    98.50       99.80   108.00    99.60   108.00     +9.50    +9.64%
      39             174  3580      友威科                   0.00          0.00    65.61%    101.50   104.00    99.50   101.50      102.50   111.50   100.50   111.00     +9.50    +9.36%
      40              19  7751      竑騰                  135.00          0.00    65.46%   1460.00  1490.00  1420.00  1420.00     1515.00  1560.00  1470.00  1555.00   +135.00    +9.51%
==========================================================================================================================================================================
✅ 共 40 筆


══════════════════════════════════════════════════════════════════════════════════════════════════════════════
  🔄 第  3/3 次  2026/09/21 ～ 2026/09/24
══════════════════════════════════════════════════════════════════════════════════════════════════════════════

==========================================================================================================================================================================
📊 ROI 每日報酬率累計排名 (2026/09/21 ~ 2026/09/24)
==========================================================================================================================================================================
    實資排名          累計天數排名  代號        名稱                 累計漲停(元)       累計跌停(元)       強度%  (09/21)開盤      最高      最低      收盤    (09/24)開盤      最高      最低      收盤      賺賠    賺賠率
--------------------------------------------------------------------------------------------------------------------------------------------------------------------------
       1               5  7792      安葆                   91.50          0.00   100.00%    339.50   352.50   325.00   344.00      415.00   453.00   415.00   435.50    +91.50   +26.60%
       2               6  9960      邁達康                   0.00          0.00    91.80%     32.25    32.80    32.00    32.15       37.05    39.35    36.30    39.35     +7.20   +22.40%
       3               8  3317      尼克森                   0.00          0.00    90.26%     56.50    56.50    55.70    56.20       64.10    73.00    64.10    68.30    +12.10   +21.53%
       4              59  3691      碩禾                   21.00          0.00    88.51%    100.50   104.50    99.00   100.50      126.50   130.50   118.50   121.00    +20.50   +20.40%
       5             113  6925      意藍                    0.00          0.00    84.05%     58.70    58.90    57.50    57.80       62.60    68.20    62.60    68.20    +10.40   +17.99%
       6              15  6693      廣閎科                  30.00          0.00    82.77%    182.00   183.00   176.50   178.00      201.50   212.50   194.00   209.50    +31.50   +17.70%
       7               7  7547      碩網                    0.00          0.00    81.61%     50.00    50.80    49.80    50.70       57.60    59.40    56.40    59.40     +8.70   +17.16%
       8               9  2221      大甲                   14.00          0.00    81.55%    136.00   140.00   136.00   140.00      158.00   164.50   158.00   164.00    +24.00   +17.14%
       9              78  8437      大地-KY                 0.00          0.00    81.16%      8.98     9.17     8.98     9.12       10.00    10.85    10.00    10.65     +1.53   +16.78%
      10              16  5465      富驊                    0.00          0.00    80.32%     29.35    29.35    29.35    29.35       31.55    34.20    31.05    34.20     +4.85   +16.52%
      11             147  3219      倚強科                  19.80          0.00    80.25%     96.00    98.70    94.10    98.70      107.00   114.50   105.50   114.50    +15.80   +16.01%
      12              53  3552      同致                    0.00          0.00    78.52%     39.35    39.70    38.80    39.30       43.50    46.55    42.75    45.40     +6.10   +15.52%
      13              17  3707      漢磊                    0.00          0.00    76.93%     63.30    64.10    62.50    63.40       69.30    74.40    68.90    72.80     +9.40   +14.83%
      14             139  3529      力旺                  475.00         75.00    75.95%   2880.00  2950.00  2820.00  2830.00     3250.00  3315.00  3160.00  3230.00   +400.00   +14.13%
      15              19  3675      德微                   30.00          0.00    74.80%    296.50   303.00   287.50   294.50      332.00   335.00   320.50   335.00    +40.50   +13.75%
      16             111  1595      川寶                    0.00          0.00    73.34%     65.90    69.30    65.80    68.50       76.70    80.00    75.00    77.40     +8.90   +12.99%
      17              11  8040      九暘                    0.00          0.00    73.27%     83.00    86.70    82.10    83.50       92.30    97.60    92.30    94.50    +11.00   +13.17%
      18              63  3324      雙鴻                  195.00          0.00    72.06%   1500.00  1535.00  1460.00  1520.00     1595.00  1750.00  1590.00  1710.00   +190.00   +12.50%
      19              10  6122      擎邦                    0.00          0.00    71.93%     51.20    52.30    51.00    51.70       54.20    58.50    53.60    58.20     +6.50   +12.57%
      20              13  4413      飛寶企業                  0.00          0.00    71.19%     19.00    19.10    18.60    18.85       21.35    21.40    20.80    21.15     +2.30   +12.20%
      21             150  8068      全達                    0.00          0.00    70.07%     15.95    16.20    15.95    16.05       18.50    18.50    17.50    17.85     +1.80   +11.21%
      22              77  8121      越峰                    0.00          0.00    68.52%     27.90    27.95    27.30    27.70       27.65    30.65    27.60    30.65     +2.95   +10.65%
      23              25  2724      藝舍-KY                 0.00          0.00    67.86%     11.90    11.95    11.85    11.85       13.20    13.20    13.10    13.10     +1.25   +10.55%
      24               1  6228      全譜                    0.00          0.00    67.21%     16.30    16.40    16.30    16.40       18.70    18.70    18.70    18.70     +2.30   +14.02%
      25              20  5230      雷笛克光學                 0.00          0.00    67.03%     20.35    22.50    20.10    21.15       22.40    23.50    22.00    23.30     +2.15   +10.17%
      26             154  6103      合邦                    0.00          0.00    66.92%     38.65    38.65    36.00    37.60       40.90    40.90    40.90    40.90     +3.30    +8.78%
      27             133  5310      天剛                    0.00          0.00    66.38%     24.90    26.20    24.80    25.50       25.60    27.95    25.60    27.95     +2.45    +9.61%
      28               2  4806      桂田文創                  0.00          0.00    66.03%      8.86     9.50     8.86     9.50          --       --       --       --        --        --
      29             206  3541      西柏                    0.00          0.00    65.90%     22.10    22.40    22.05    22.40       24.35    25.00    24.10    24.50     +2.10    +9.38%
      30             225  3294      英濟                    0.00          0.00    65.68%     30.30    30.85    30.15    30.80       34.00    36.15    33.00    33.65     +2.85    +9.25%
      31             152  3498      陽程                   24.50          0.00    65.47%    200.00   203.00   194.00   196.00      198.00   215.00   197.00   214.00    +18.00    +9.18%
      32             145  4563      百德                    0.00          0.00    64.70%     47.50    47.50    46.85    47.00       48.75    51.50    48.75    51.20     +4.20    +8.94%
      33              14  3169      亞信                    0.00          0.00    64.51%    104.00   105.50   104.00   105.00      113.00   121.00   113.00   114.50     +9.50    +9.05%
      34             284  6708      天擎                    0.00          0.00    64.40%     39.65    39.95    38.40    39.40       39.40    42.80    39.40    42.80     +3.40    +8.63%
      35             374  4174      浩鼎                    0.00          0.00    64.19%     27.75    29.90    27.70    29.90       33.00    34.15    32.05    32.45     +2.55    +8.53%
      36             447  4542      科嶠                   30.00          0.00    63.99%    279.00   302.50   276.50   302.50      323.50   357.00   320.50   328.00    +25.50    +8.43%
      37             466  7825      和亞智慧                  0.00          0.00    63.13%     79.00    79.00    76.00    76.10       75.50    82.20    75.50    82.20     +6.10    +8.02%
      38             191  6870      騰雲                   29.50         13.00    63.03%    310.50   319.00   307.00   312.00      336.50   340.00   318.00   336.50    +24.50    +7.85%
      39              18  6199      天品                    0.00          0.00    62.97%    112.50   118.50   105.50   114.50      122.00   125.00   118.50   124.00     +9.50    +8.30%
      40             155  6643      M31                  50.00         13.00    62.35%    461.00   486.00   457.00   478.00      471.00   524.00   471.00   515.00    +37.00    +7.74%
==========================================================================================================================================================================
✅ 共 40 筆
