
██████████████████████████████████████████████████████████████████████████████████████████████████████████████
  📅 天數組合: 10 日  →  輸出檔: q14_10.txt
██████████████████████████████████████████████████████████████████████████████████████████████████████████████

🔁 共執行 10 次，每次區間長度 11 個交易日

══════════════════════════════════════════════════════════════════════════════════════════════════════════════
  🔄 第  1/10 次  2026/09/14 ～ 2026/09/30
══════════════════════════════════════════════════════════════════════════════════════════════════════════════

==========================================================================================================================================================================
📊 ROI 每日報酬率累計排名 (2026/09/14 ~ 2026/09/30)
==========================================================================================================================================================================
    實資排名          累計天數排名  代號        名稱                 累計漲停(元)       累計跌停(元)       強度%  (09/14)開盤      最高      最低      收盤    (09/30)開盤      最高      最低      收盤      賺賠    賺賠率
--------------------------------------------------------------------------------------------------------------------------------------------------------------------------
       1               2  2221      大甲                   82.00          0.00   100.00%     92.80    97.80    89.20    89.90      178.00   198.00   170.00   197.50   +107.60  +119.69%
       2              40  4174      浩鼎                    0.00          0.00    70.98%     25.40    25.40    24.80    25.10       39.00    39.20    38.55    39.20    +14.10   +56.18%
       3             143  3219      倚強科                  30.80          0.00    70.45%     84.80    87.90    84.50    85.10      130.00   134.50   127.50   131.50    +46.40   +54.52%
       4              30  8227      巨有科技                125.00         14.00    69.71%    240.50   259.00   235.00   241.00      370.50   370.50   370.50   370.50   +129.50   +53.73%
       5              12  6945      圓祥生技                 20.20          0.00    66.47%     98.50    99.80    96.50    99.80      140.00   149.00   140.00   148.50    +48.70   +48.80%
       6              68  6207      雷科                   37.00          0.00    62.75%    108.50   109.00   105.00   106.50      141.00   151.00   140.00   151.00    +44.50   +41.78%
       7              79  6708      天擎                    0.00          0.00    61.95%     37.00    37.00    36.80    36.80       51.70    51.70    51.70    51.70    +14.90   +40.49%
       8              53  7772      耀穎                   55.00         14.50    61.89%    125.00   131.50   123.00   126.00      180.00   180.00   175.00   176.00    +50.00   +39.68%
       9              60  6218      豪勉                    0.00          0.00    61.38%     44.60    45.85    43.25    44.80       63.30    63.30    61.60    61.90    +17.10   +38.17%
      10              37  1595      川寶                    0.00          0.00    60.16%     61.50    62.40    61.20    61.80       79.40    85.30    76.20    85.30    +23.50   +38.03%
      11             194  4924      欣厚-KY                 0.00          0.00    59.66%     12.75    13.25    12.30    12.30       15.40    16.50    15.35    16.50     +4.20   +34.15%
      12             117  4542      科嶠                   93.50          0.00    59.54%    256.50   262.00   250.50   252.00      345.00   347.00   338.00   344.00    +92.00   +36.51%
      13              62  5465      富驊                    0.00          0.00    59.51%     24.40    24.40    24.05    24.25       32.80    34.35    32.80    33.05     +8.80   +36.29%
      14              23  9960      邁達康                   0.00          0.00    59.48%     31.20    31.20    30.25    30.25       41.20    41.95    40.40    41.50    +11.25   +37.19%
      15              59  7792      安葆                  117.50         19.50    59.19%    301.00   313.00   300.00   312.00      420.00   424.00   413.00   424.00   +112.00   +35.90%
      16             441  6925      意藍                    0.00          0.00    58.48%     51.20    55.20    51.20    55.20       74.80    75.00    72.70    73.80    +18.60   +33.70%
      17              55  3615      安可                    0.00          0.00    58.45%     33.85    34.30    33.30    33.95       42.20    45.80    42.10    45.80    +11.85   +34.90%
      18              38  3580      友威科                   0.00          0.00    58.12%     82.50    83.60    81.70    81.90      112.00   116.00   108.00   110.50    +28.60   +34.92%
      19             153  5013      強新                    0.00          0.00    57.80%     28.20    29.95    28.20    29.00       38.50    38.75    38.05    38.75     +9.75   +33.62%
      20             106  8027      鈦昇                   48.00          0.00    57.72%    165.50   169.50   161.00   166.00      222.00   222.00   219.00   222.00    +56.00   +33.73%
      21              69  6643      M31                 168.00         33.50    56.56%    402.00   432.00   400.00   420.50      506.00   555.00   500.00   555.00   +134.50   +31.99%
      22             111  7547      碩網                    0.00          0.00    55.83%     50.00    51.40    49.50    49.50       64.40    66.30    62.80    64.80    +15.30   +30.91%
      23             267  6485      點序                    0.00          0.00    55.01%     59.10    59.90    58.70    59.70       70.60    77.00    70.60    77.00    +17.30   +28.98%
      24             101  6425      易發                    0.00          0.00    54.96%     60.50    62.10    60.00    61.10       74.20    79.80    74.20    79.00    +17.90   +29.30%
      25              73  8064      東捷                   22.00          0.00    54.29%    113.00   117.50   109.50   113.50      144.00   155.00   144.00   145.50    +32.00   +28.19%
      26              74  6182      合晶                   12.00          0.00    54.21%    102.50   105.50   100.00   103.50      123.00   133.00   121.00   133.00    +29.50   +28.50%
      27              44  1569      濱川                    0.00          0.00    53.73%     49.60    50.10    48.40    49.00       64.60    66.00    61.30    62.60    +13.60   +27.76%
      28              56  5309      系統電                   0.00          0.00    53.37%     49.45    49.65    48.05    49.20       60.50    64.00    60.00    62.70    +13.50   +27.44%
      29             131  3664      安瑞-KY                 0.00          0.00    53.25%      6.80     6.98     6.80     6.98        8.86     8.86     8.86     8.86     +1.88   +26.93%
      30             139  6532      瑞耘                   20.00          0.00    53.17%     92.00    95.50    91.80    93.50      114.00   118.50   114.00   118.50    +25.00   +26.74%
      31              50  2061      風青                    0.00          0.00    53.12%     46.60    47.90    46.00    47.20       60.40    63.30    59.20    59.80    +12.60   +26.69%
      32             232  6103      合邦                    0.00          0.00    53.00%     31.30    31.30    31.00    31.00       38.60    39.30    37.70    38.30     +7.30   +23.55%
      33              45  5230      雷笛克光學                 0.00          0.00    53.00%     18.30    18.90    18.30    18.45       22.45    24.10    21.70    23.35     +4.90   +26.56%
      34             227  4768      晶呈科技                 93.00          0.00    52.90%    295.50   313.00   289.00   301.00      365.00   382.00   360.00   380.00    +79.00   +26.25%
      35              24  6199      天品                    0.00          0.00    52.76%     98.40   101.00    97.70   100.50      126.00   128.00   125.00   127.50    +27.00   +26.87%
      36              64  8040      九暘                    0.00          0.00    52.42%     76.50    78.70    75.50    78.10      101.00   102.50    98.00    98.50    +20.40   +26.12%
      37             178  3691      碩禾                   21.00          0.00    52.36%     94.00    96.80    91.80    95.20      118.00   122.50   117.50   119.50    +24.30   +25.53%
      38              65  3707      漢磊                    0.00          0.00    52.34%     58.30    61.30    57.70    60.20       72.50    77.30    71.70    75.70    +15.50   +25.75%
      39              58  3268      海德威                   0.00          0.00    52.24%     17.30    17.45    17.25    17.30       21.50    22.00    21.25    21.75     +4.45   +25.72%
      40             296  4416      三圓                    0.00          0.00    51.82%     10.95    10.95    10.25    10.75       13.85    13.85    13.35    13.35     +2.60   +24.19%
==========================================================================================================================================================================
✅ 共 40 筆


══════════════════════════════════════════════════════════════════════════════════════════════════════════════
  🔄 第  2/10 次  2026/09/11 ～ 2026/09/29
══════════════════════════════════════════════════════════════════════════════════════════════════════════════

==========================================================================================================================================================================
📊 ROI 每日報酬率累計排名 (2026/09/11 ~ 2026/09/29)
==========================================================================================================================================================================
    實資排名          累計天數排名  代號        名稱                 累計漲停(元)       累計跌停(元)       強度%  (09/11)開盤      最高      最低      收盤    (09/29)開盤      最高      最低      收盤      賺賠    賺賠率
--------------------------------------------------------------------------------------------------------------------------------------------------------------------------
       1              14  2221      大甲                   64.50          0.00   100.00%    103.00   105.50    95.40    95.40      169.00   180.00   167.50   180.00    +84.60   +88.68%
       2             167  6925      意藍                    0.00          0.00    77.54%     50.10    50.30    49.50    50.20       72.00    75.00    71.00    75.00    +24.80   +49.40%
       3             278  3219      倚強科                  30.80          0.00    75.43%     86.00    87.10    84.80    85.60      123.50   125.50   120.50   125.50    +39.90   +46.61%
       4              34  5465      富驊                    0.00          0.00    72.52%     24.80    24.80    24.10    24.20       35.35    36.95    34.25    34.70    +10.50   +43.39%
       5              40  6218      豪勉                    0.00          0.00    71.74%     44.65    46.00    43.90    44.90       64.90    64.90    61.80    63.20    +18.30   +40.76%
       6              15  6945      圓祥生技                 20.20          0.00    71.42%     99.50    99.50    96.50    98.50      137.50   140.00   135.00   140.00    +41.50   +42.13%
       7              29  8227      巨有科技                 91.50         14.00    71.06%    235.00   239.00   229.50   239.00      313.00   337.00   308.00   337.00    +98.00   +41.00%
       8              58  6221      晉泰                    0.00          0.00    71.02%     23.30    23.30    23.30    23.30       33.90    33.90    32.60    32.85     +9.55   +40.99%
       9              86  4174      浩鼎                    0.00          0.00    70.43%     25.90    25.90    25.40    25.45       32.65    35.65    32.45    35.65    +10.20   +40.08%
      10              71  6103      合邦                    0.00          0.00    70.40%     30.50    30.55    29.50    30.30       42.60    44.35    41.80    41.80    +11.50   +37.95%
      11              53  7792      安葆                  117.50         19.50    67.68%    316.50   320.00   305.50   305.50      427.50   430.00   400.00   416.00   +110.50   +36.17%
      12              74  7772      耀穎                   55.00         14.50    66.33%    115.00   132.00   115.00   132.00      176.00   179.50   172.50   176.00    +44.00   +33.33%
      13              45  7547      碩網                    0.00          0.00    66.27%     47.85    48.50    47.85    48.50       65.30    65.30    65.30    65.30    +16.80   +34.64%
      14              38  3580      友威科                   0.00          0.00    65.21%     83.80    84.50    83.00    83.20      102.50   111.50   100.50   111.00    +27.80   +33.41%
      15              33  9960      邁達康                   0.00          0.00    63.99%     31.50    34.10    31.30    31.30       39.35    41.40    38.85    41.20     +9.90   +31.63%
      16             118  3609      三一東林                  0.00          0.00    63.19%     18.60    18.90    18.05    18.05       23.00    23.90    22.90    23.50     +5.45   +30.19%
      17             276  4542      科嶠                   93.50         10.00    62.92%    263.50   271.00   258.50   262.00      329.00   342.00   329.00   339.00    +77.00   +29.39%
      18              83  3675      德微                   92.00         11.50    62.75%    263.00   266.00   256.00   259.00      337.50   354.50   331.00   334.00    +75.00   +28.96%
      19              93  6693      廣閎科                  50.50          0.00    62.30%    173.50   177.00   169.00   169.00      206.50   220.50   203.50   218.00    +49.00   +28.99%
      20              30  8040      九暘                    0.00          0.00    62.19%     77.80    79.30    76.60    77.20       93.00   102.50    92.50   100.00    +22.80   +29.53%
      21              63  3467      台灣精材                  0.00          0.00    61.91%     51.70    58.60    51.70    58.60       78.40    80.00    73.40    74.60    +16.00   +27.30%
      22              43  1569      濱川                    0.00          0.00    61.69%     48.50    53.50    48.45    50.60       65.00    66.30    63.30    65.00    +14.40   +28.46%
      23             105  3529      力旺                  920.00        195.00    61.56%   2690.00  2720.00  2550.00  2580.00     3175.00  3410.00  3145.00  3305.00   +725.00   +28.10%
      24              81  4903      聯光通                   0.00          0.00    61.56%     33.75    34.50    33.15    33.40       42.75    44.30    42.20    42.80     +9.40   +28.14%
      25              87  3066      李洲                    0.00          0.00    61.05%     23.45    23.60    23.05    23.20       27.50    29.95    27.25    29.50     +6.30   +27.16%
      26              20  6199      天品                    0.00          0.00    60.96%     97.30    98.80    89.80    98.40      125.00   127.00   124.50   126.00    +27.60   +28.05%
      27             129  3691      碩禾                   21.00          0.00    60.73%     96.20    96.70    90.50    93.30      120.50   126.00   118.50   118.50    +25.20   +27.01%
      28             324  6140      訊達                    0.00          0.00    60.70%     16.20    17.20    16.20    16.60       21.10    21.20    20.70    20.75     +4.15   +25.00%
      29             193  6708      天擎                    0.00          0.00    60.62%     37.80    37.80    37.10    37.10       47.05    47.05    47.05    47.05     +9.95   +26.82%
      30              48  2061      風青                    0.00          0.00    60.16%     47.30    48.80    47.05    47.05       54.40    59.40    54.30    59.40    +12.35   +26.25%
      31             145  3664      安瑞-KY                 0.00          0.00    59.70%      7.05     7.05     7.05     7.05        8.91     8.91     8.86     8.86     +1.81   +25.67%
      32             268  4416      三圓                    0.00          0.00    59.59%     11.30    11.30    11.00    11.00       13.80    14.30    13.75    13.75     +2.75   +25.00%
      33             513  6148      驊宏資                   0.00          0.00    59.19%     28.15    31.00    28.15    31.00       39.20    39.80    38.20    38.50     +7.50   +24.19%
      34              23  2724      藝舍-KY                 0.00          0.00    58.67%        --       --       --       --          --       --       --       --        --        --
      35              69  6643      M31                 132.50         33.50    58.51%    419.00   419.00   406.00   406.00      509.00   534.00   502.00   505.00    +99.00   +24.38%
      36              60  1595      川寶                    0.00          0.00    58.37%     63.30    63.50    61.90    62.40       77.40    83.00    76.40    77.60    +15.20   +24.36%
      37             220  3498      陽程                   73.00         17.00    58.09%    188.00   196.00   184.50   192.00      216.00   235.00   212.00   235.00    +43.00   +22.40%
      38             176  8064      東捷                   22.00          0.00    57.95%    124.50   127.50   114.50   115.00      139.00   148.50   138.00   141.50    +26.50   +23.04%
      39             192  3297      杭特                    0.00          0.00    57.75%     27.00    27.20    26.95    26.95       34.35    34.35    32.85    32.85     +5.90   +21.89%
      40             198  6207      雷科                   23.50          0.00    57.75%    110.00   116.00   109.00   112.00      130.50   137.50   127.50   137.50    +25.50   +22.77%
==========================================================================================================================================================================
✅ 共 40 筆


══════════════════════════════════════════════════════════════════════════════════════════════════════════════
  🔄 第  3/10 次  2026/09/10 ～ 2026/09/24
══════════════════════════════════════════════════════════════════════════════════════════════════════════════

==========================================================================================================================================================================
📊 ROI 每日報酬率累計排名 (2026/09/10 ~ 2026/09/24)
==========================================================================================================================================================================
    實資排名          累計天數排名  代號        名稱                 累計漲停(元)       累計跌停(元)       強度%  (09/10)開盤      最高      最低      收盤    (09/24)開盤      最高      最低      收盤      賺賠    賺賠率
--------------------------------------------------------------------------------------------------------------------------------------------------------------------------
       1              23  2221      大甲                   48.50          0.00   100.00%     87.80    96.50    86.30    96.50      158.00   164.50   158.00   164.00    +67.50   +69.95%
       2              28  3467      台灣精材                  0.00          0.00    89.77%     51.00    53.40    50.50    53.30       86.10    86.10    81.50    81.50    +28.20   +52.91%
       3              55  6221      晉泰                    0.00          0.00    89.00%     21.10    21.20    21.00    21.20       31.90    32.80    31.90    32.20    +11.00   +51.89%
       4              36  7772      耀穎                   55.00         14.50    85.95%    125.00   136.50   121.00   123.00      173.00   182.00   170.50   180.00    +57.00   +46.34%
       5              38  5465      富驊                    0.00          0.00    82.10%     24.50    24.50    24.15    24.15       31.55    34.20    31.05    34.20    +10.05   +41.61%
       6              34  8227      巨有科技                 82.50         14.00    81.77%    203.00   217.50   201.00   217.50      305.00   309.00   295.00   306.50    +89.00   +40.92%
       7             194  6148      驊宏資                   0.00          0.00    81.00%     28.40    28.40    28.15    28.20       38.60    41.05    38.60    39.20    +11.00   +39.01%
       8              16  6945      圓祥生技                 20.20          0.00    80.85%     95.10    98.50    94.70    98.50      135.50   138.00   134.50   138.00    +39.50   +40.10%
       9             141  6925      意藍                    0.00          0.00    80.77%     49.40    49.40    49.25    49.25       62.60    68.20    62.60    68.20    +18.95   +38.48%
      10              46  6218      豪勉                    0.00          0.00    80.59%     46.90    47.90    45.80    46.15       61.50    63.70    61.50    63.60    +17.45   +37.81%
      11              50  7792      安葆                  117.50         16.50    77.94%    322.50   324.00   315.00   322.00      415.00   453.00   415.00   435.50   +113.50   +35.25%
      12             108  6140      訊達                    0.00          0.00    76.54%     16.20    16.20    16.05    16.10       20.80    22.50    20.80    21.20     +5.10   +31.68%
      13              39  1569      濱川                    0.00          0.00    75.57%     49.80    49.85    48.60    48.85       63.80    68.00    62.60    64.70    +15.85   +32.45%
      14             685  3219      倚強科                  19.80          0.00    74.49%     88.30    89.50    87.40    88.30      107.00   114.50   105.50   114.50    +26.20   +29.67%
      15             158  6103      合邦                    0.00          0.00    73.51%     33.45    33.45    31.50    32.30       40.90    40.90    40.90    40.90     +8.60   +26.63%
      16              69  3297      杭特                    0.00          0.00    73.05%     27.20    27.20    26.80    26.90       33.90    36.05    33.50    34.35     +7.45   +27.70%
      17             380  4924      欣厚-KY                 0.00          0.00    71.69%     12.50    13.85    12.50    12.90       16.45    17.40    16.10    16.10     +3.20   +24.81%
      18              18  6199      天品                    0.00          0.00    71.56%     97.10    98.10    95.60    97.30      122.00   125.00   118.50   124.00    +26.70   +27.44%
      19              40  9960      邁達康                   0.00          0.00    71.53%     31.55    31.85    29.90    31.00       37.05    39.35    36.30    39.35     +8.35   +26.94%
      20              65  3508      位速                    0.00          0.00    70.85%     21.35    21.35    20.70    20.90       24.95    27.10    24.65    26.20     +5.30   +25.36%
      21             112  3675      德微                   92.00         21.50    70.62%    272.00   276.50   269.00   269.00      332.00   335.00   320.50   335.00    +66.00   +24.54%
      22             280  5202      力新                    0.00          0.00    70.61%     11.75    11.75    11.70    11.70       14.40    15.40    14.40    14.60     +2.90   +24.79%
      23             114  3691      碩禾                   21.00          0.00    69.91%     98.30    99.00    97.10    97.30      126.50   130.50   118.50   121.00    +23.70   +24.36%
      24              20  2724      藝舍-KY                 0.00          0.00    69.78%        --       --       --       --       13.20    13.20    13.10    13.10        --        --
      25             193  4174      浩鼎                    0.00          0.00    69.74%     26.30    26.30    25.85    26.15       33.00    34.15    32.05    32.45     +6.30   +24.09%
      26             171  3624      光頡                   23.00         10.50    69.73%    100.50   113.50   100.00   113.50      132.50   144.50   132.00   140.00    +26.50   +23.35%
      27             154  7717      萊德光電-KY             164.00         44.00    68.49%    515.00   519.00   483.00   486.50      602.00   608.00   588.00   594.00   +107.50   +22.10%
      28              64  5230      雷笛克光學                 0.00          0.00    68.32%     18.65    19.00    18.25    19.00       22.40    23.50    22.00    23.30     +4.30   +22.63%
      29             178  6204      艾華                   19.50          0.00    68.12%     85.80    90.30    84.30    88.60       98.00   107.50    97.80   107.50    +18.90   +21.33%
      30              75  1595      川寶                    0.00          0.00    67.95%     65.00    65.00    63.30    63.30       76.70    80.00    75.00    77.40    +14.10   +22.27%
      31             440  4416      三圓                    0.00          0.00    67.91%     12.05    12.05    11.30    11.30       14.00    14.10    13.40    13.70     +2.40   +21.24%
      32             110  3317      尼克森                   0.00          0.00    67.91%     57.30    57.30    55.80    56.00       64.10    73.00    64.10    68.30    +12.30   +21.96%
      33              68  6643      M31                 132.50         41.00    67.61%    429.50   434.50   423.00   423.50      471.00   524.00   471.00   515.00    +91.50   +21.61%
      34              70  7547      碩網                    0.00          0.00    67.43%     49.25    49.25    48.85    48.85       57.60    59.40    56.40    59.40    +10.55   +21.60%
      35             263  3609      三一東林                  0.00          0.00    66.91%     19.50    19.95    18.85    19.20       23.80    23.80    23.05    23.05     +3.85   +20.05%
      36             170  3441      聯一光                  31.50          0.00    66.78%    141.50   157.00   137.00   151.00      176.00   181.00   175.00   181.00    +30.00   +19.87%
      37             113  4903      聯光通                   0.00          0.00    66.64%     36.55    37.00    35.90    35.90       41.95    43.90    41.85    43.00     +7.10   +19.78%
      38              81  5251      天鉞電                   0.00          0.00    66.09%     25.45    25.60    25.45    25.55       30.50    31.90    30.50    30.55     +5.00   +19.57%
      39             713  4542      科嶠                   82.50         24.50    66.04%    282.50   282.50   272.00   276.50      323.50   357.00   320.50   328.00    +51.50   +18.63%
      40             124  3324      雙鴻                  455.00        180.00    65.80%   1355.00  1440.00  1355.00  1440.00     1595.00  1750.00  1590.00  1710.00   +270.00   +18.75%
==========================================================================================================================================================================
✅ 共 40 筆


══════════════════════════════════════════════════════════════════════════════════════════════════════════════
  🔄 第  4/10 次  2026/09/09 ～ 2026/09/23
══════════════════════════════════════════════════════════════════════════════════════════════════════════════

==========================================================================================================================================================================
📊 ROI 每日報酬率累計排名 (2026/09/09 ~ 2026/09/23)
==========================================================================================================================================================================
    實資排名          累計天數排名  代號        名稱                 累計漲停(元)       累計跌停(元)       強度%  (09/09)開盤      最高      最低      收盤    (09/23)開盤      最高      最低      收盤      賺賠    賺賠率
--------------------------------------------------------------------------------------------------------------------------------------------------------------------------
       1              22  2221      大甲                   48.50          0.00   100.00%     85.80    90.00    85.60    87.80      166.00   168.50   149.50   158.50    +70.70   +80.52%
       2              14  3467      台灣精材                  0.00          0.00    91.85%     51.70    52.00    51.10    51.70       88.80    88.80    85.00    86.50    +34.80   +67.31%
       3              18  8227      巨有科技                102.00         14.00    85.66%    183.00   198.00   178.50   198.00      308.50   310.00   290.00   310.00   +112.00   +56.57%
       4              50  6221      晉泰                    0.00          0.00    81.25%     21.10    21.30    21.00    21.15       31.50    32.70    30.45    31.60    +10.45   +49.41%
       5              15  6945      圓祥生技                 20.20          0.00    76.84%     97.20    97.20    95.40    95.40      135.00   137.50   128.00   137.00    +41.60   +43.61%
       6             105  4924      欣厚-KY                 0.00          0.00    71.41%     13.20    13.20    12.55    12.65       18.40    18.40    16.90    16.90     +4.25   +33.60%
       7              63  7772      耀穎                   55.00         14.50    71.18%    144.00   144.00   122.00   130.00      199.00   199.00   171.00   173.50    +43.50   +33.46%
       8             102  6140      訊達                    0.00          0.00    69.74%     16.40    16.40    16.10    16.20       22.30    22.40    20.30    21.25     +5.05   +31.17%
       9             465  6148      驊宏資                   0.00          0.00    69.54%     27.55    28.55    27.55    28.35       39.65    39.95    36.85    37.35     +9.00   +31.75%
      10              81  6218      豪勉                    0.00          0.00    69.24%     46.70    48.95    46.15    46.90       63.40    63.50    59.90    61.30    +14.40   +30.70%
      11              56  5465      富驊                    0.00          0.00    68.56%     24.10    24.50    24.10    24.40       31.45    33.15    30.85    32.05     +7.65   +31.35%
      12             172  3624      光頡                   33.00         10.50    67.99%    102.00   106.00    99.80   103.50      122.00   134.00   122.00   134.00    +30.50   +29.47%
      13              62  7792      安葆                   97.50         16.50    66.90%    317.00   328.50   312.50   322.50      378.50   415.50   378.00   415.50    +93.00   +28.84%
      14              49  1569      濱川                    0.00          0.00    66.11%     48.30    50.10    47.65    49.35       64.20    65.20    63.00    63.30    +13.95   +28.27%
      15             234  6925      意藍                    0.00          0.00    65.10%     49.35    49.40    49.25    49.25       56.80    62.00    56.70    62.00    +12.75   +25.89%
      16             106  3297      杭特                    0.00          0.00    64.06%     27.40    27.65    27.10    27.10       34.25    35.45    33.15    33.70     +6.60   +24.35%
      17              19  6199      天品                    0.00          0.00    63.69%     96.50    97.70    96.10    97.10      116.50   122.00   116.00   122.00    +24.90   +25.64%
      18             157  3441      聯一光                  31.50          0.00    63.19%    132.50   144.00   129.00   143.50      180.50   180.50   175.50   177.50    +34.00   +23.69%
      19             110  3691      碩禾                   21.00          0.00    62.78%     98.80    99.20    97.90    98.30      118.50   121.50   117.00   121.50    +23.20   +23.60%
      20             232  4174      浩鼎                    0.00          0.00    62.55%     26.35    27.00    26.15    26.45       29.25    32.60    29.00    32.60     +6.15   +23.25%
      21             199  3675      德微                   92.00         21.50    62.37%    271.50   278.00   270.50   271.50      309.00   332.00   307.50   332.00    +60.50   +22.28%
      22              65  1595      川寶                    0.00          0.00    61.21%     65.40    66.30    63.80    64.30       77.00    81.50    76.70    78.50    +14.20   +22.08%
      23             443  5202      力新                    0.00          0.00    61.09%     11.85    11.85    11.70    11.70       14.15    14.60    14.00    14.15     +2.45   +20.94%
      24             230  3609      三一東林                  0.00          0.00    60.84%     19.60    20.30    19.50    19.50       22.95    24.40    22.90    23.55     +4.05   +20.77%
      25             370  4556      旭然                    0.00          0.00    60.54%     77.50    83.70    75.10    78.20       85.20    93.60    85.20    93.60    +15.40   +19.69%
      26              52  5251      天鉞電                   0.00          0.00    60.13%     25.25    25.50    25.20    25.45       30.65    31.40    30.60    30.65     +5.20   +20.43%
      27             155  7717      萊德光電-KY             164.00         52.50    59.92%    476.00   512.00   472.00   509.00      601.00   631.00   596.00   608.00    +99.00   +19.45%
      28             496  4416      三圓                    0.00          0.00    59.25%     12.05    12.10    11.80    11.90       13.50    14.50    13.05    14.10     +2.20   +18.49%
      29             224  3529      力旺                  845.00        320.00    59.23%   2800.00  2875.00  2680.00  2780.00     3190.00  3350.00  3020.00  3305.00   +525.00   +18.88%
      30             160  6538      倉和                  137.50         73.00    59.09%    320.00   353.00   316.50   349.00      440.00   457.50   405.00   410.50    +61.50   +17.62%
      31             111  3508      位速                    0.00          0.00    58.98%     21.10    21.20    20.60    21.05       26.50    26.50    24.85    24.95     +3.90   +18.53%
      32             861  3219      倚強科                   9.80          0.00    58.57%     90.50    92.80    88.60    88.80      108.50   110.00   100.00   104.50    +15.70   +17.68%
      33             733  4542      科嶠                   82.50         24.50    58.41%    280.50   290.00   280.50   282.50      325.50   335.00   317.00   331.50    +49.00   +17.35%
      34              43  2061      風青                    0.00          0.00    58.33%     47.50    47.90    46.65    47.10       55.50    56.70    54.90    55.80     +8.70   +18.47%
      35             315  4304      勝昱                    0.00          0.00    57.91%     16.70    17.00    16.40    16.40       22.10    22.15    18.75    18.75     +2.35   +14.33%
      36             205  3664      安瑞-KY                 0.00          0.00    57.89%      6.50     7.66     6.50     7.60        8.25     9.00     8.25     8.90     +1.30   +17.11%
      37              61  5230      雷笛克光學                 0.00          0.00    57.51%     19.30    19.30    18.30    18.65       21.75    22.90    21.35    21.90     +3.25   +17.43%
      38              95  3707      漢磊                    0.00          0.00    57.26%     60.00    60.60    59.80    60.10       70.90    76.40    69.80    70.20    +10.10   +16.81%
      39              21  2724      藝舍-KY                 0.00          0.00    57.15%        --       --       --       --       12.95    12.95    11.65    12.30        --        --
      40              78  4951      精拓科                   0.00          0.00    56.92%     80.30    82.90    80.00    80.90       93.80    99.70    93.10    93.80    +12.90   +15.95%
==========================================================================================================================================================================
✅ 共 40 筆


══════════════════════════════════════════════════════════════════════════════════════════════════════════════
  🔄 第  5/10 次  2026/09/08 ～ 2026/09/22
══════════════════════════════════════════════════════════════════════════════════════════════════════════════

==========================================================================================================================================================================
📊 ROI 每日報酬率累計排名 (2026/09/08 ~ 2026/09/22)
==========================================================================================================================================================================
    實資排名          累計天數排名  代號        名稱                 累計漲停(元)       累計跌停(元)       強度%  (09/08)開盤      最高      最低      收盤    (09/22)開盤      最高      最低      收盤      賺賠    賺賠率
--------------------------------------------------------------------------------------------------------------------------------------------------------------------------
       1              17  2221      大甲                   48.50          0.00   100.00%     87.20    90.90    85.50    85.80      152.00   154.00   147.50   154.00    +68.20   +79.49%
       2              14  8227      巨有科技                120.00         14.00    93.31%    166.00   180.00   163.00   180.00      299.50   316.00   295.00   305.00   +125.00   +69.44%
       3              11  3467      台灣精材                  0.00          0.00    90.25%     50.50    51.50    50.50    51.30       77.70    85.00    77.70    84.80    +33.50   +65.30%
       4             112  4924      欣厚-KY                 0.00          0.00    76.18%     13.85    14.35    13.00    13.00       18.75    18.75    18.75    18.75     +5.75   +44.23%
       5              85  6221      晉泰                    0.00          0.00    76.13%     21.30    21.35    21.15    21.15       30.45    30.95    30.00    30.55     +9.40   +44.44%
       6              54  7772      耀穎                   55.00          0.00    75.70%    131.00   131.00   131.00   131.00      177.50   188.00   176.00   188.00    +57.00   +43.51%
       7              21  6945      圓祥生技                 20.20          0.00    72.81%     94.60    96.70    94.60    95.80      130.50   137.50   130.50   135.00    +39.20   +40.92%
       8              56  6538      倉和                  165.50         38.00    72.22%    307.00   328.00   299.00   321.00      440.00   468.00   416.50   445.50   +124.50   +38.79%
       9              60  3441      聯一光                  43.00          0.00    70.63%    130.00   134.00   123.50   132.00      175.50   181.50   172.50   181.00    +49.00   +37.12%
      10             218  6148      驊宏資                   0.00          0.00    70.39%     28.30    28.35    27.95    28.35       39.95    40.20    38.65    38.75    +10.40   +36.68%
      11             101  6140      訊達                    0.00          0.00    69.60%     16.40    16.45    16.20    16.40       23.50    23.50    21.95    22.10     +5.70   +34.76%
      12              97  6218      豪勉                    0.00          0.00    66.24%     44.55    49.00    43.90    46.70       69.00    69.00    61.00    61.00    +14.30   +30.62%
      13              65  5465      富驊                    0.00          0.00    65.37%     24.20    24.45    24.00    24.25       32.25    32.25    30.70    31.80     +7.55   +31.13%
      14              28  1569      濱川                    0.00          0.00    65.23%     49.85    50.20    48.20    48.90       61.50    66.40    61.00    64.20    +15.30   +31.29%
      15             142  7717      萊德光電-KY             194.00         52.50    63.24%    493.50   510.00   456.00   466.00      606.00   621.00   586.00   595.00   +129.00   +27.68%
      16             256  4304      勝昱                    0.00          0.00    62.36%     17.40    17.45    16.55    16.65       20.80    20.80    20.80    20.80     +4.15   +24.92%
      17             184  3624      光頡                   21.00         10.50    62.12%     99.70   103.00    96.20    96.60      133.50   136.00   122.00   122.00    +25.40   +26.29%
      18              83  3297      杭特                    0.00          0.00    61.45%     27.25    27.35    27.10    27.10       38.90    38.90    34.00    34.00     +6.90   +25.46%
      19              96  3508      位速                    0.00          0.00    60.20%     21.10    22.20    21.10    21.20       26.70    27.70    25.95    26.50     +5.30   +25.00%
      20             348  5202      力新                    0.00          0.00    58.85%     11.85    11.90    11.75    11.80       14.85    14.90    14.25    14.50     +2.70   +22.88%
      21             191  3264      欣銓                   61.00          9.50    58.69%    234.00   242.00   222.50   225.00      289.00   289.50   274.50   276.50    +51.50   +22.89%
      22             769  3219      倚強科                   9.80          0.00    58.01%     94.30    97.00    85.70    89.00      104.50   108.50    99.70   108.50    +19.50   +21.91%
      23             110  3178      公準                    0.00          0.00    57.73%     61.00    61.00    59.50    59.50       77.30    81.60    72.50    72.50    +13.00   +21.85%
      24             197  5464      霖宏                    0.00          0.00    57.48%     76.80    81.50    75.30    75.30       91.00    92.40    90.10    91.30    +16.00   +21.25%
      25             437  4542      科嶠                   82.50         24.50    57.38%    288.00   293.50   275.00   275.00      318.00   332.50   310.00   332.50    +57.50   +20.91%
      26             273  3609      三一東林                  0.00          0.00    56.67%     19.45    19.80    19.15    19.55       24.45    25.80    23.50    23.55     +4.00   +20.46%
      27              93  6227      茂綸                   11.50          0.00    56.16%    111.50   113.00   111.50   112.00      133.00   141.50   132.00   135.00    +23.00   +20.54%
      28              45  5355      佳總                    0.00          0.00    56.07%      5.95     5.95     5.76     5.76        6.99     7.00     6.62     6.95     +1.19   +20.66%
      29              22  6199      天品                    0.00          0.00    55.86%     96.20    97.10    95.30    96.50      115.00   118.50   114.50   116.50    +20.00   +20.73%
      30             149  3287      廣寰科                   0.00          0.00    55.73%     36.00    37.15    35.30    35.55       42.30    43.70    41.00    42.60     +7.05   +19.83%
      31              69  3324      雙鴻                  440.00        180.00    55.52%   1425.00  1425.00  1300.00  1340.00     1580.00  1630.00  1545.00  1600.00   +260.00   +19.40%
      32              75  7792      安葆                   60.00         16.50    55.36%    315.00   323.00   313.50   316.50      345.00   378.00   332.00   378.00    +61.50   +19.43%
      33              87  5251      天鉞電                   0.00          0.00    54.92%     26.10    26.10    25.45    25.50       31.35    31.60    30.25    30.35     +4.85   +19.02%
      34             187  4903      聯光通                   0.00          0.00    54.90%     36.55    36.60    35.50    35.50       42.05    43.65    40.60    42.05     +6.55   +18.45%
      35              47  3580      友威科                   0.00          0.00    54.33%     88.00    89.80    85.40    85.50      101.50   104.00    99.50   101.50    +16.00   +18.71%
      36             204  3664      安瑞-KY                 0.00          0.00    54.05%      6.80     7.18     6.67     7.02        8.00     8.50     8.00     8.25     +1.23   +17.52%
      37             205  6147      頎邦                   42.00          9.50    53.81%    191.50   200.00   186.00   186.50      230.00   233.00   218.00   219.00    +32.50   +17.43%
      38              80  4951      精拓科                   0.00          0.00    53.66%     79.80    80.50    78.40    79.30      109.50   109.50    92.10    92.90    +13.60   +17.15%
      39             163  6204      艾華                   10.00          0.00    53.64%     90.10    90.80    87.40    87.80      110.00   111.00   102.00   103.00    +15.20   +17.31%
      40              72  9960      邁達康                   0.00          0.00    53.64%     30.30    31.00    29.45    30.00       32.95    35.35    32.60    35.25     +5.25   +17.50%
==========================================================================================================================================================================
✅ 共 40 筆


══════════════════════════════════════════════════════════════════════════════════════════════════════════════
  🔄 第  6/10 次  2026/09/07 ～ 2026/09/21
══════════════════════════════════════════════════════════════════════════════════════════════════════════════

==========================================================================================================================================================================
📊 ROI 每日報酬率累計排名 (2026/09/07 ~ 2026/09/21)
==========================================================================================================================================================================
    實資排名          累計天數排名  代號        名稱                 累計漲停(元)       累計跌停(元)       強度%  (09/07)開盤      最高      最低      收盤    (09/21)開盤      最高      最低      收盤      賺賠    賺賠率
--------------------------------------------------------------------------------------------------------------------------------------------------------------------------
       1              12  8227      巨有科技                118.50         14.00   100.00%    160.50   169.50   158.00   164.00      282.00   287.50   271.50   287.50   +123.50   +75.30%
       2              29  2221      大甲                   34.50          0.00    91.08%     90.00    90.60    83.70    86.70      136.00   140.00   136.00   140.00    +53.30   +61.48%
       3              13  3467      台灣精材                  0.00          0.00    84.26%     51.00    51.20    50.00    50.50       78.00    78.00    75.10    77.40    +26.90   +53.27%
       4              38  6218      豪勉                    0.00          0.00    83.82%     43.20    45.50    42.70    44.55       66.10    67.70    66.10    67.70    +23.15   +51.96%
       5              42  6140      訊達                    0.00          0.00    80.75%     16.50    16.70    16.25    16.25       23.95    23.95    23.05    23.95     +7.70   +47.38%
       6              69  6221      晉泰                    0.00          0.00    78.51%     21.45    21.45    21.30    21.40       28.65    31.00    28.35    31.00     +9.60   +44.86%
       7              58  7772      耀穎                   49.50          0.00    77.41%    119.50   119.50   119.50   119.50      152.00   171.00   147.00   171.00    +51.50   +43.10%
       8              19  6945      圓祥生技                 20.20          0.00    75.32%     97.00    97.00    95.20    95.30      131.00   137.00   124.50   135.00    +39.70   +41.66%
       9             122  6148      驊宏資                   0.00          0.00    75.24%     29.40    29.40    28.00    28.45       41.95    42.10    39.15    40.00    +11.55   +40.60%
      10              56  6538      倉和                  162.50         38.00    75.00%    295.50   315.00   281.50   305.00      412.00   426.50   400.00   426.50   +121.50   +39.84%
      11              96  3624      光頡                   21.00          0.00    71.88%     95.10   102.00    93.80    96.90      130.00   138.00   129.00   132.50    +35.60   +36.74%
      12              63  3441      聯一光                  43.00          0.00    71.18%    140.00   141.50   129.00   131.00      190.00   190.00   175.00   177.50    +46.50   +35.50%
      13              55  3297      杭特                    0.00          0.00    69.48%     27.30    27.60    27.05    27.25       35.35    36.40    34.55    36.40     +9.15   +33.58%
      14             253  4924      欣厚-KY                 0.00          0.00    66.67%     12.80    13.10    12.55    13.10       15.35    17.05    15.30    17.05     +3.95   +30.15%
      15             119  5202      力新                    0.00          0.00    65.35%     12.00    12.00    11.75    11.75       15.40    15.90    14.90    15.15     +3.40   +28.94%
      16              98  3609      三一東林                  0.00          0.00    62.79%     18.60    19.15    18.25    19.10       21.90    24.05    21.75    24.05     +4.95   +25.92%
      17             146  6179      亞通                    0.00          0.00    62.44%     29.85    30.30    28.70    30.10       38.50    39.90    37.35    37.35     +7.25   +24.09%
      18              41  4951      精拓科                   0.00          0.00    62.23%     80.10    80.10    79.10    79.30       99.70    99.70    99.70    99.70    +20.40   +25.73%
      19             135  3264      欣銓                   61.00          9.50    62.00%    230.00   233.00   227.00   227.00      274.00   284.00   266.00   284.00    +57.00   +25.11%
      20             140  4556      旭然                    0.00          0.00    61.56%     73.20    73.80    70.50    70.50       84.00    91.50    83.20    87.30    +16.80   +23.83%
      21             108  3508      位速                    0.00          0.00    60.52%     20.80    21.15    20.70    21.10       23.75    26.10    23.35    26.10     +5.00   +23.70%
      22             177  6620      漢達                   36.00         11.50    59.85%    114.50   118.00   107.50   113.00      151.50   152.00   135.00   137.50    +24.50   +21.68%
      23              44  4923      力士                    0.00          0.00    59.82%     52.50    53.00    50.80    50.90       60.80    66.70    60.10    62.40    +11.50   +22.59%
      24             105  3178      公準                    0.00          0.00    59.75%     62.30    62.30    61.00    61.90       70.80    75.90    69.60    75.90    +14.00   +22.62%
      25              65  1569      濱川                    0.00          0.00    58.43%     50.60    51.20    48.20    50.20       61.00    61.00    57.60    61.00    +10.80   +21.51%
      26              70  5251      天鉞電                   0.00          0.00    58.29%     26.00    26.10    25.50    26.10       31.90    32.95    31.15    31.70     +5.60   +21.46%
      27             408  7717      萊德光電-KY             194.00         80.50    58.15%    492.50   494.00   492.00   494.00      605.00   622.00   565.00   592.00    +98.00   +19.84%
      28              95  5465      富驊                    0.00          0.00    57.80%     24.55    24.55    24.20    24.30       29.35    29.35    29.35    29.35     +5.05   +20.78%
      29             115  4174      浩鼎                    0.00          0.00    56.83%     25.10    25.30    24.90    24.95       27.75    29.90    27.70    29.90     +4.95   +19.84%
      30              86  3066      李洲                    0.00          0.00    56.81%     25.00    25.00    24.00    24.00       30.10    30.50    28.25    28.70     +4.70   +19.58%
      31             185  6425      易發                    0.00          0.00    56.69%     62.90    63.50    62.50    62.90       70.80    75.00    70.40    75.00    +12.10   +19.24%
      32             417  5464      霖宏                    0.00          0.00    56.45%     74.00    76.40    74.00    76.40       92.70    93.50    90.50    90.60    +14.20   +18.59%
      33             186  6683      雍智科技                400.00        135.00    56.38%   1455.00  1495.00  1395.00  1410.00     1655.00  1740.00  1625.00  1675.00   +265.00   +18.79%
      34              88  6234      高僑                    0.00          0.00    56.07%     34.45    36.30    34.20    35.75       39.60    42.35    38.90    42.35     +6.60   +18.46%
      35             168  3287      廣寰科                   0.00          0.00    56.04%     36.30    36.30    35.45    35.45       43.00    45.00    42.00    42.10     +6.65   +18.76%
      36             157  6204      艾華                   10.00          0.00    55.94%     93.30    93.80    91.00    91.10      113.50   120.00   107.00   108.00    +16.90   +18.55%
      37             142  5230      雷笛克光學                 0.00          0.00    55.93%     17.80    18.35    17.50    17.80       20.35    22.50    20.10    21.15     +3.35   +18.82%
      38              22  6199      天品                    0.00          0.00    55.61%     96.10    97.20    95.00    96.20      112.50   118.50   105.50   114.50    +18.30   +19.02%
      39             106  6227      茂綸                   11.50          0.00    55.49%    115.00   115.00   111.00   111.50      131.00   133.50   128.00   132.00    +20.50   +18.39%
      40              84  4714      永捷                    0.00          0.00    54.94%     10.70    10.70    10.55    10.55       12.20    12.60    11.85    12.45     +1.90   +18.01%
==========================================================================================================================================================================
✅ 共 40 筆


══════════════════════════════════════════════════════════════════════════════════════════════════════════════
  🔄 第  7/10 次  2026/09/04 ～ 2026/09/18
══════════════════════════════════════════════════════════════════════════════════════════════════════════════

==========================================================================================================================================================================
📊 ROI 每日報酬率累計排名 (2026/09/04 ~ 2026/09/18)
==========================================================================================================================================================================
    實資排名          累計天數排名  代號        名稱                 累計漲停(元)       累計跌停(元)       強度%  (09/04)開盤      最高      最低      收盤    (09/18)開盤      最高      最低      收盤      賺賠    賺賠率
--------------------------------------------------------------------------------------------------------------------------------------------------------------------------
       1              10  8227      巨有科技                118.50         14.00   100.00%    159.00   160.00   155.00   158.50      263.00   279.00   252.00   279.00   +120.50   +76.03%
       2              14  3467      台灣精材                  0.00          0.00    81.73%     52.80    52.80    50.90    51.10       76.00    77.40    73.40    77.40    +26.30   +51.47%
       3              46  6221      晉泰                    0.00          0.00    78.56%     21.50    21.55    21.30    21.45       31.30    31.50    30.50    31.50    +10.05   +46.85%
       4              36  6218      豪勉                    0.00          0.00    77.56%     43.25    43.75    41.50    42.25       57.20    61.60    56.10    61.60    +19.35   +45.80%
       5              50  7772      耀穎                   44.50          0.00    75.51%    109.00   109.00   109.00   109.00      148.00   160.50   147.00   155.50    +46.50   +42.66%
       6              73  2221      大甲                   22.00          0.00    74.02%     95.70    98.50    90.30    90.80      124.00   127.50   119.00   127.50    +36.70   +40.42%
       7             174  6148      驊宏資                   0.00          0.00    72.41%     27.75    28.80    27.75    28.65       36.25    39.85    35.90    39.85    +11.20   +39.09%
       8              56  6620      漢達                   36.00          0.00    72.01%    105.00   107.50    97.10   107.50      147.00   155.00   140.50   149.00    +41.50   +38.60%
       9              16  6945      圓祥生技                 20.20          0.00    70.78%     95.70    97.00    95.00    95.60      119.50   132.00   114.00   132.00    +36.40   +38.08%
      10              97  3624      光頡                   21.00          0.00    68.76%     87.60    93.20    87.60    93.20      122.00   126.50   117.00   126.00    +32.80   +35.19%
      11             127  7717      萊德光電-KY             238.50         80.50    68.42%    416.00   449.50   416.00   449.50      601.00   624.00   594.00   600.00   +150.50   +33.48%
      12             122  5464      霖宏                    0.00          0.00    67.72%     69.30    70.20    68.30    69.50       91.00    95.90    90.10    92.70    +23.20   +33.38%
      13             100  6140      訊達                    0.00          0.00    65.21%     16.55    16.85    16.50    16.70       20.25    21.80    20.00    21.80     +5.10   +30.54%
      14              61  3441      聯一光                  43.00         12.00    64.77%    134.00   143.00   129.50   143.00      185.00   187.00   177.00   185.50    +42.50   +29.72%
      15              79  5202      力新                    0.00          0.00    64.63%     11.85    11.85    11.75    11.80       13.90    15.40    13.90    15.40     +3.60   +30.51%
      16             250  4924      欣厚-KY                 0.00          0.00    64.23%     11.20    11.95    10.90    11.95       13.80    15.65    13.80    15.50     +3.55   +29.71%
      17              58  6538      倉和                  124.00         38.00    64.04%    261.50   300.00   257.50   300.00      352.50   388.00   348.50   388.00    +88.00   +29.33%
      18              60  6179      亞通                    0.00          0.00    63.77%     29.40    30.00    29.05    29.60       41.60    41.90    37.75    37.90     +8.30   +28.04%
      19              66  6147      頎邦                   42.00          9.50    60.05%    198.00   202.50   181.00   182.50      217.00   229.00   213.00   229.00    +46.50   +25.48%
      20             342  8064      東捷                   44.50         11.50    57.85%    104.50   112.00   104.00   112.00      127.50   136.00   125.00   136.00    +24.00   +21.43%
      21             116  6683      雍智科技                450.00        135.00    57.70%   1420.00  1460.00  1335.00  1360.00     1600.00  1670.00  1570.00  1670.00   +310.00   +22.79%
      22             241  3354      律勝                    0.00          0.00    57.04%     24.65    24.65    23.70    24.00       29.35    30.00    29.10    29.20     +5.20   +21.67%
      23              82  3297      杭特                    0.00          0.00    56.13%     26.90    27.30    26.15    27.30       30.75    33.10    30.25    33.10     +5.80   +21.25%
      24              59  5251      天鉞電                   0.00          0.00    56.10%     26.00    26.15    25.80    26.05       30.25    32.60    29.70    31.70     +5.65   +21.69%
      25             164  6173      信昌電                  83.50         24.50    55.71%    260.00   265.00   254.50   260.50      309.00   314.00   300.00   314.00    +53.50   +20.54%
      26              84  3066      李洲                    0.00          0.00    55.67%     25.10    25.60    24.20    24.70       28.55    30.75    27.50    29.90     +5.20   +21.05%
      27             106  6204      艾華                   10.00          0.00    54.86%     89.90    92.00    87.80    91.60      107.00   110.00   101.50   110.00    +18.40   +20.09%
      28             208  6925      意藍                    0.00          0.00    54.81%     50.00    50.80    50.00    50.00       56.80    62.30    56.80    59.90     +9.90   +19.80%
      29              62  6811      宏碁資訊                 39.50          0.00    54.50%    222.00   222.00   219.00   222.00      250.00   272.50   250.00   266.50    +44.50   +20.05%
      30             269  3529      力旺                  810.00        350.00    54.43%   2420.00  2515.00  2355.00  2385.00     2770.00  2890.00  2760.00  2845.00   +460.00   +19.29%
      31             190  3264      欣銓                   45.50          9.50    53.24%    231.00   232.00   224.50   227.00      251.00   268.50   250.50   268.50    +41.50   +18.28%
      32              83  4923      力士                    0.00          0.00    53.20%     52.00    52.00    50.40    51.50       55.80    60.80    55.80    60.80     +9.30   +18.06%
      33             345  1591      駿吉-KY                 0.00          0.00    52.06%     35.20    35.95    35.10    35.75       39.10    42.90    39.10    41.70     +5.95   +16.64%
      34              48  5355      佳總                    0.00          0.00    52.01%      5.99     5.99     5.77     5.95        6.93     6.99     6.82     6.99     +1.04   +17.48%
      35              21  6199      天品                    0.00          0.00    51.70%     95.20    96.40    94.70    96.10      105.00   113.00   103.50   113.00    +16.90   +17.59%
      36             104  3609      三一東林                  0.00          0.00    51.61%     17.70    18.75    17.60    18.75       21.85    22.30    21.60    21.90     +3.15   +16.80%
      37             301  6617      共信-KY                24.50          0.00    51.23%    113.00   124.00   113.00   123.00      143.00   144.50   139.50   143.00    +20.00   +16.26%
      38              68  6840      東研信超                  0.00          0.00    51.10%     90.50    93.40    89.20    92.80      104.00   111.00   101.50   108.00    +15.20   +16.38%
      39             142  6227      茂綸                   11.50          0.00    50.97%    113.50   117.00   111.50   113.50      138.00   139.50   130.00   132.00    +18.50   +16.30%
      40             197  3623      富晶通                   0.00          0.00    50.96%     24.75    24.80    23.50    23.90       28.65    28.65    27.75    27.75     +3.85   +16.11%
==========================================================================================================================================================================
✅ 共 40 筆


══════════════════════════════════════════════════════════════════════════════════════════════════════════════
  🔄 第  8/10 次  2026/09/03 ～ 2026/09/17
══════════════════════════════════════════════════════════════════════════════════════════════════════════════

==========================================================================================================================================================================
📊 ROI 每日報酬率累計排名 (2026/09/03 ~ 2026/09/17)
==========================================================================================================================================================================
    實資排名          累計天數排名  代號        名稱                 累計漲停(元)       累計跌停(元)       強度%  (09/03)開盤      最高      最低      收盤    (09/17)開盤      最高      最低      收盤      賺賠    賺賠率
--------------------------------------------------------------------------------------------------------------------------------------------------------------------------
       1              11  8227      巨有科技                 97.50         14.00   100.00%    160.50   163.00   156.00   156.50      273.00   281.00   258.00   258.00   +101.50   +64.86%
       2              41  6620      漢達                   45.50          0.00    87.48%     92.90   103.50    92.00    98.00      143.00   147.00   143.00   147.00    +49.00   +50.00%
       3              22  3441      聯一光                  56.00         12.00    86.04%    142.00   144.00   130.00   130.00      198.50   201.00   188.50   192.50    +62.50   +48.08%
       4              53  7772      耀穎                   44.50          0.00    84.63%     91.50    99.50    90.50    99.50      133.00   146.00   133.00   146.00    +46.50   +46.73%
       5             118  7717      萊德光電-KY             258.00         80.50    80.66%    425.00   429.50   409.00   409.00      544.00   579.00   530.00   579.00   +170.00   +41.56%
       6              31  6179      亞通                    0.00          0.00    80.07%     30.00    30.10    29.10    29.20       38.00    41.45    37.75    41.45    +12.25   +41.95%
       7              34  3467      台灣精材                  0.00          0.00    79.17%     49.95    51.90    49.50    51.80       72.80    78.70    70.80    73.50    +21.70   +41.89%
       8              92  3624      光頡                   21.00          0.00    76.94%     89.50    89.90    84.80    84.80      124.50   130.00   115.00   118.00    +33.20   +39.15%
       9             110  6221      晉泰                    0.00          0.00    70.92%     21.55    21.70    21.50    21.50       29.60    29.60    28.10    28.65     +7.15   +33.26%
      10              82  6218      豪勉                    0.00          0.00    68.93%     43.75    44.70    41.75    42.60       56.00    58.90    53.70    56.00    +13.40   +31.46%
      11             153  5464      霖宏                    0.00          0.00    68.86%     69.70    71.90    68.00    69.00       99.00    99.80    89.60    90.10    +21.10   +30.58%
      12             236  4924      欣厚-KY                 0.00          0.00    68.77%      9.97    10.90     9.97    10.90       14.80    14.80    13.55    14.25     +3.35   +30.73%
      13             202  6148      驊宏資                   0.00          0.00    68.36%     28.00    28.25    27.75    27.75       37.00    38.45    35.95    36.25     +8.50   +30.63%
      14              57  6538      倉和                  116.00         38.00    67.39%    273.00   273.00   273.00   273.00      377.00   392.50   344.00   353.00    +80.00   +29.30%
      15             299  8064      東捷                   54.50         11.50    67.04%    105.50   114.50   101.50   102.00      123.00   130.00   123.00   130.00    +28.00   +27.45%
      16             205  2221      大甲                   10.50          0.00    65.03%     84.20    91.50    84.20    91.50      110.50   116.00   108.00   116.00    +24.50   +26.78%
      17              47  6945      圓祥生技                 20.20          0.00    64.39%     98.20    99.90    93.00    97.40      119.50   130.00   118.00   124.00    +26.60   +27.31%
      18              79  6872      浩宇生醫                  0.00          0.00    64.32%     16.50    16.90    16.30    16.90       23.00    23.40    21.00    21.00     +4.10   +24.26%
      19             143  6173      信昌電                  92.50         24.50    63.84%    258.50   258.50   237.50   241.00      315.00   325.00   295.00   303.50    +62.50   +25.93%
      20             215  4556      旭然                    0.00          0.00    63.58%     70.40    70.40    66.00    66.30       81.50    85.00    80.60    82.80    +16.50   +24.89%
      21             117  6617      共信-KY                34.00          0.00    63.54%    119.50   119.50   113.50   113.50      138.00   149.00   137.50   143.00    +29.50   +25.99%
      22              43  3609      三一東林                  0.00          0.00    60.26%     18.00    18.20    17.80    18.00       21.80    22.75    21.50    22.20     +4.20   +23.33%
      23             267  3354      律勝                    0.00          0.00    58.76%     26.25    26.60    24.15    24.15       30.65    31.70    29.25    29.25     +5.10   +21.12%
      24              74  6227      茂綸                   11.50          0.00    58.12%    118.00   118.00   113.00   113.00      132.50   145.50   132.50   137.50    +24.50   +21.68%
      25             145  6140      訊達                    0.00          0.00    57.15%     16.75    16.75    16.55    16.55       20.45    20.90    19.60    19.85     +3.30   +19.94%
      26             165  3623      富晶通                   0.00          0.00    54.76%     23.30    24.30    23.30    24.00       29.25    29.50    28.15    28.40     +4.40   +18.33%
      27             214  5202      力新                    0.00          0.00    54.51%     12.00    12.00    11.85    11.85       13.60    14.05    13.55    14.00     +2.15   +18.14%
      28             208  4908      前鼎                   51.00         23.50    52.95%    220.00   229.50   200.50   204.50      245.00   262.00   232.50   238.00    +33.50   +16.38%
      29             289  3529      力旺                  730.00        350.00    52.90%   2410.00  2485.00  2330.00  2330.00     2735.00  2810.00  2660.00  2710.00   +380.00   +16.31%
      30             368  6588      東典光電                 19.50          0.00    52.06%    107.00   111.00   101.50   103.00      115.50   121.00   114.50   118.50    +15.50   +15.05%
      31              69  5355      佳總                    0.00          0.00    51.53%      5.76     5.99     5.76     5.99        7.09     7.09     6.51     6.93     +0.94   +15.69%
      32             795  7709      榮田                    0.00          0.00    50.63%     75.20    75.20    70.30    70.30       81.80    81.90    80.00    80.10     +9.80   +13.94%
      33              63  6785      昱展新藥                  0.00          0.00    50.14%     91.20    92.70    90.60    90.70       95.00   104.00    94.10   104.00    +13.30   +14.66%
      34             189  3066      李洲                    0.00          0.00    50.12%     26.20    26.90    24.75    24.75       25.80    28.30    25.60    28.30     +3.55   +14.34%
      35              60  1569      濱川                    0.00          0.00    49.97%     48.00    48.10    45.15    45.40       51.00    53.00    50.40    52.00     +6.60   +14.54%
      36             403  6683      雍智科技                355.00        160.00    49.89%   1470.00  1475.00  1360.00  1385.00     1605.00  1695.00  1530.00  1575.00   +190.00   +13.72%
      37             128  5209      新鼎                   15.00          0.00    49.70%    155.00   155.50   154.00   154.00      174.50   176.00   173.00   176.00    +22.00   +14.29%
      38              32  6021      美好證                   0.00          0.00    49.65%     39.10    39.75    39.10    39.35       44.90    45.30    44.05    45.10     +5.75   +14.61%
      39             123  5251      天鉞電                   0.00          0.00    49.47%     26.95    26.95    26.05    26.05       30.15    30.95    29.45    29.70     +3.65   +14.01%
      40             517  6925      意藍                    0.00          0.00    49.40%     50.50    50.50    50.00    50.00       57.50    61.80    56.60    56.70     +6.70   +13.40%
==========================================================================================================================================================================
✅ 共 40 筆


══════════════════════════════════════════════════════════════════════════════════════════════════════════════
  🔄 第  9/10 次  2026/09/02 ～ 2026/09/16
══════════════════════════════════════════════════════════════════════════════════════════════════════════════

==========================================================================================================================================================================
📊 ROI 每日報酬率累計排名 (2026/09/02 ~ 2026/09/16)
==========================================================================================================================================================================
    實資排名          累計天數排名  代號        名稱                 累計漲停(元)       累計跌停(元)       強度%  (09/02)開盤      最高      最低      收盤    (09/16)開盤      最高      最低      收盤      賺賠    賺賠率
--------------------------------------------------------------------------------------------------------------------------------------------------------------------------
       1               9  8227      巨有科技                 97.50          0.00   100.00%    161.50   167.00   160.50   160.50      250.50   274.00   248.00   272.00   +111.50   +69.47%
       2              27  6538      倉和                  140.50         10.50    88.18%    248.50   248.50   248.50   248.50      370.50   398.50   365.00   380.50   +132.00   +53.12%
       3              35  6872      浩宇生醫                  0.00          0.00    87.49%     14.45    15.40    14.35    15.40       22.90    23.65    22.50    23.10     +7.70   +50.00%
       4              60  7772      耀穎                   31.50          0.00    84.06%     91.50    92.00    88.80    90.50      135.00   135.00   129.50   133.00    +42.50   +46.96%
       5              81  4924      欣厚-KY                 0.00          0.00    83.23%     10.10    10.10     9.92     9.92       14.85    14.85    14.00    14.50     +4.58   +46.17%
       6              34  3467      台灣精材                  0.00          0.00    81.29%     49.10    50.50    49.10    49.55       71.20    76.50    68.00    71.60    +22.05   +44.50%
       7              47  6620      漢達                   32.50          0.00    78.52%     87.90    95.40    87.70    95.40      119.00   134.00   118.50   134.00    +38.60   +40.46%
       8              94  3624      光頡                   21.00          0.00    76.55%     89.80    92.90    89.00    89.00      125.00   127.00   121.00   123.00    +34.00   +38.20%
       9              87  5464      霖宏                    0.00          0.00    74.16%     68.80    70.00    68.00    69.30       85.20    93.70    84.10    93.70    +24.40   +35.21%
      10              66  3441      聯一光                  56.00         21.50    73.56%    133.00   140.00   130.00   139.50      170.00   186.00   170.00   186.00    +46.50   +33.33%
      11              72  6221      晉泰                    0.00          0.00    73.33%     21.50    21.70    21.50    21.60       30.95    30.95    28.80    29.10     +7.50   +34.72%
      12             126  6148      驊宏資                   0.00          0.00    70.15%     28.00    28.10    27.70    28.00       37.60    38.90    36.35    36.65     +8.65   +30.89%
      13             220  2221      大甲                    0.00          0.00    67.09%     78.50    85.40    78.10    83.20       96.10   105.50    95.60   105.50    +22.30   +26.80%
      14              67  6179      亞通                    0.00          0.00    66.78%     30.20    30.50    29.35    29.75       34.40    38.00    34.40    37.70     +7.95   +26.72%
      15              98  6140      訊達                    0.00          0.00    66.34%     16.90    16.90    16.70    16.75       22.00    22.00    20.55    21.25     +4.50   +26.87%
      16             388  7717      萊德光電-KY             206.00         94.50    65.74%    423.00   434.00   421.00   423.00      500.00   527.00   492.00   527.00   +104.00   +24.59%
      17             197  6218      豪勉                    0.00          0.00    64.05%     41.95    45.35    41.95    43.55       50.20    54.10    48.50    54.10    +10.55   +24.23%
      18              70  6945      圓祥生技                 20.20          0.00    62.56%     96.50    97.90    95.00    97.60      114.50   120.00   110.50   120.00    +22.40   +22.95%
      19             142  6173      信昌電                  92.50         32.50    61.77%    255.00   263.50   253.50   260.50      304.00   323.00   295.00   315.00    +54.50   +20.92%
      20              86  3623      富晶通                   0.00          0.00    61.63%     22.85    23.30    22.85    23.30       26.15    28.65    25.60    28.40     +5.10   +21.89%
      21              57  3609      三一東林                  0.00          0.00    60.41%     18.15    18.15    17.55    18.00       20.75    22.30    20.30    21.70     +3.70   +20.56%
      22             300  3354      律勝                    0.00          0.00    58.12%     23.55    26.05    23.55    26.05       28.10    30.50    27.85    30.50     +4.45   +17.08%
      23             634  4556      旭然                    0.00          0.00    58.00%     71.70    72.40    70.00    70.00       85.00    87.50    80.40    81.40    +11.40   +16.29%
      24              68  8472      夠麻吉                   0.00          0.00    56.45%     67.50    67.80    67.50    67.70       77.40    81.70    77.40    78.90    +11.20   +16.54%
      25             278  5202      力新                    0.00          0.00    56.26%     11.95    12.00    11.90    12.00       14.35    14.85    13.60    13.95     +1.95   +16.25%
      26             686  8064      東捷                   43.00         11.50    55.28%    105.00   107.00   104.00   104.50      109.00   118.50   109.00   118.50    +14.00   +13.40%
      27             431  6617      共信-KY                34.00          0.00    55.26%    120.00   122.00   116.50   120.50      127.50   138.00   126.00   138.00    +17.50   +14.52%
      28              84  3297      杭特                    0.00          0.00    54.96%     28.80    28.80    27.60    27.60       33.00    33.90    31.80    31.80     +4.20   +15.22%
      29             545  7828      創新服務                545.00        295.00    54.66%   1780.00  1810.00  1740.00  1760.00     1860.00  2020.00  1855.00  2005.00   +245.00   +13.92%
      30             355  6925      意藍                    0.00          0.00    54.48%     50.50    50.60    50.30    50.60       58.40    60.20    56.90    57.80     +7.20   +14.23%
      31             188  6227      茂綸                   11.50          0.00    54.48%    113.00   118.00   113.00   116.00      134.50   134.50   128.00   133.00    +17.00   +14.66%
      32              23  6021      美好證                   0.00          0.00    54.40%     38.65    39.05    38.65    39.00       43.40    45.00    43.30    44.90     +5.90   +15.13%
      33              96  5355      佳總                    0.00          0.00    54.01%      5.66     6.00     5.66     6.00        6.48     7.10     6.46     6.85     +0.85   +14.17%
      34             143  6147      頎邦                   22.50          9.50    53.84%    180.00   186.50   178.50   182.50      201.50   207.50   197.50   207.50    +25.00   +13.70%
      35              97  5251      天鉞電                   0.00          0.00    53.30%     26.70    26.70    26.10    26.55       31.20    32.05    29.60    30.15     +3.60   +13.56%
      36             480  3529      力旺                  720.00        415.00    53.23%   2595.00  2600.00  2395.00  2395.00     2650.00  2740.00  2625.00  2700.00   +305.00   +12.73%
      37              25  5201      凱衛                    0.00          0.00    52.20%     26.00    26.25    25.65    25.65       30.90    30.90    28.00    28.90     +3.25   +12.67%
      38             761  7709      榮田                    0.00          0.00    52.05%     72.70    75.00    72.00    73.60       81.00    83.00    80.50    81.80     +8.20   +11.14%
      39             114  6560      欣普羅                   0.00          0.00    51.71%     31.00    31.80    30.50    31.25       33.60    35.00    33.00    35.00     +3.75   +12.00%
      40             420  6291      沛亨                  115.00         63.00    51.67%    423.50   465.50   423.50   440.00      446.00   490.50   446.00   490.50    +50.50   +11.48%
==========================================================================================================================================================================
✅ 共 40 筆


══════════════════════════════════════════════════════════════════════════════════════════════════════════════
  🔄 第 10/10 次  2026/09/01 ～ 2026/09/15
══════════════════════════════════════════════════════════════════════════════════════════════════════════════

==========================================================================================================================================================================
📊 ROI 每日報酬率累計排名 (2026/09/01 ~ 2026/09/15)
==========================================================================================================================================================================
    實資排名          累計天數排名  代號        名稱                 累計漲停(元)       累計跌停(元)       強度%  (09/01)開盤      最高      最低      收盤    (09/15)開盤      最高      最低      收盤      賺賠    賺賠率
--------------------------------------------------------------------------------------------------------------------------------------------------------------------------
       1              23  6872      浩宇生醫                  0.00          0.00   100.00%     13.80    14.15    13.80    14.00       22.00    23.10    22.00    22.90     +8.90   +63.57%
       2              22  6538      倉和                  147.50         10.50    96.99%    224.00   226.00   224.00   226.00      372.50   376.00   364.00   365.00   +139.00   +61.50%
       3              29  8227      巨有科技                 75.00          0.00    90.24%    161.00   172.00   160.00   164.00      239.00   253.00   239.00   249.50    +85.50   +52.13%
       4              31  3467      台灣精材                  0.00          0.00    84.01%     47.95    49.20    47.95    49.10       70.80    70.80    70.80    70.80    +21.70   +44.20%
       5              96  7772      耀穎                   31.50          0.00    83.83%     88.50    93.00    88.50    91.00      126.00   133.00   121.50   130.00    +39.00   +42.86%
       6              57  6620      漢達                   20.50          0.00    81.65%    102.00   102.00    86.80    86.80      127.50   132.50   122.00   122.00    +35.20   +40.55%
       7              94  3624      光頡                   21.00          0.00    78.68%     88.50    93.40    88.50    90.20      122.50   129.50   120.00   123.50    +33.30   +36.92%
       8             222  4924      欣厚-KY                 0.00          0.00    77.40%     10.05    10.05     9.90     9.99       13.50    13.50    13.50    13.50     +3.51   +35.14%
       9              81  6148      驊宏資                   0.00          0.00    75.96%     28.00    28.15    27.90    28.00       37.50    37.50    35.70    37.50     +9.50   +33.93%
      10              86  6221      晉泰                    0.00          0.00    73.21%     21.70    21.70    21.55    21.55       28.15    28.15    28.15    28.15     +6.60   +30.63%
      11              72  3441      聯一光                  39.50         21.50    71.60%    137.00   139.00   130.00   133.00      162.00   176.50   159.00   169.50    +36.50   +27.44%
      12             301  2221      大甲                    0.00          0.00    67.68%     76.00    80.00    75.70    77.70       88.30    98.80    88.20    96.10    +18.40   +23.68%
      13             118  5464      霖宏                    0.00          0.00    67.13%     74.30    74.30    69.00    69.00       89.40    89.40    85.00    85.20    +16.20   +23.48%
      14             528  4556      旭然                    0.00          0.00    65.49%     70.10    72.10    70.00    70.60       92.00    95.20    84.40    85.00    +14.40   +20.40%
      15              30  8472      夠麻吉                   0.00          0.00    63.70%     65.00    67.60    65.00    66.70       79.00    82.30    79.00    80.20    +13.50   +20.24%
      16             263  6925      意藍                    0.00          0.00    62.96%     51.50    51.50    50.10    50.90       60.70    60.70    60.70    60.70     +9.80   +19.25%
      17             277  6870      騰雲                   71.00         10.00    62.39%    259.00   277.00   259.00   277.00      306.00   334.50   306.00   329.00    +52.00   +18.77%
      18             324  6140      訊達                    0.00          0.00    62.17%     16.95    17.00    16.95    16.95       20.05    20.05    20.05    20.05     +3.10   +18.29%
      19             273  6218      豪勉                    0.00          0.00    62.12%     40.60    41.95    40.35    41.60       44.75    49.25    44.15    49.25     +7.65   +18.39%
      20             381  3354      律勝                    0.00          0.00    61.97%     24.05    24.65    23.70    23.70       27.45    30.20    27.30    27.75     +4.05   +17.09%
      21             148  5202      力新                    0.00          0.00    61.69%     12.05    12.05    12.00    12.00       12.80    14.15    12.75    14.15     +2.15   +17.92%
      22              17  5201      凱衛                    0.00          0.00    60.46%     26.25    26.25    25.65    26.00       29.85    31.20    29.85    30.50     +4.50   +17.31%
      23             125  6227      茂綸                   11.50          0.00    60.43%    112.00   115.50   111.50   113.50      127.00   134.50   124.50   132.50    +19.00   +16.74%
      24             171  6179      亞通                    0.00          0.00    59.90%     30.45    30.60    29.55    30.20       33.90    35.40    33.15    34.85     +4.65   +15.40%
      25              98  3609      三一東林                  0.00          0.00    58.95%     17.55    18.55    17.55    18.05       20.00    20.75    19.30    20.75     +2.70   +14.96%
      26             548  6441      廣錠                    0.00          0.00    58.80%     21.25    21.70    21.25    21.35       23.85    24.45    23.60    24.30     +2.95   +13.82%
      27             430  6173      信昌電                  72.00         32.50    57.58%    255.50   270.50   254.00   261.50      299.00   308.00   289.50   294.50    +33.00   +12.62%
      28             201  4198      欣大健康                  0.00          0.00    57.42%     43.95    44.00    43.95    43.95       49.50    49.95    49.50    49.90     +5.95   +13.54%
      29              77  6945      圓祥生技                  9.70          0.00    57.16%     98.70    99.30    96.00    96.50      100.00   109.50   100.00   109.50    +13.00   +13.47%
      30             714  7717      萊德光電-KY             158.50         94.50    57.03%    430.00   443.50   424.50   429.50      478.50   503.00   472.00   479.50    +50.00   +11.64%
      31              33  6021      美好證                   0.00          0.00    56.41%     38.80    39.35    38.80    39.10       44.80    44.90    43.80    44.20     +5.10   +13.04%
      32             444  6690      安碁資訊                 27.50          0.00    55.86%    165.00   165.50   164.00   164.00      201.00   201.00   182.50   183.50    +19.50   +11.89%
      33             789  8431      匯鑽科                   0.00          0.00    55.80%     53.00    55.30    53.00    54.40       61.50    63.00    60.00    60.10     +5.70   +10.48%
      34             149  3623      富晶通                   0.00          0.00    55.65%     22.70    23.30    22.55    23.30       26.85    27.05    26.00    26.05     +2.75   +11.80%
      35             682  7709      榮田                    0.00          0.00    55.61%     68.60    77.40    68.60    72.50       83.60    83.60    80.00    80.20     +7.70   +10.62%
      36             105  5355      佳總                    0.00          0.00    55.49%      5.74     5.86     5.73     5.86        6.01     6.54     6.01     6.54     +0.68   +11.60%
      37              43  3522      御嵿                    0.00          0.00    55.16%     11.75    11.85    11.60    11.60       12.85    13.05    12.70    12.95     +1.35   +11.64%
      38              78  4442      竣邦-KY                 0.00          0.00    55.11%     51.50    51.60    50.70    50.70       56.80    57.00    55.70    56.60     +5.90   +11.64%
      39             203  3297      杭特                    0.00          0.00    54.84%     27.65    28.15    27.65    27.80       28.80    30.85    28.40    30.85     +3.05   +10.97%
      40             252  5209      新鼎                   15.00          0.00    54.73%    155.50   155.50   154.00   155.50      175.00   175.00   171.50   172.50    +17.00   +10.93%
==========================================================================================================================================================================
✅ 共 40 筆
