
██████████████████████████████████████████████████████████████████████████████████████████████████████████████
  📅 天數組合: 3 日  →  輸出檔: s12_03.txt
██████████████████████████████████████████████████████████████████████████████████████████████████████████████

🔁 共執行 3 次，每次區間長度 3 個交易日

══════════════════════════════════════════════════════════════════════════════════════════════════════════════
  🔄 第  1/3 次  2026/09/23 ～ 2026/09/30
══════════════════════════════════════════════════════════════════════════════════════════════════════════════

==========================================================================================================================================================================
📊 累計漲跌停強度排名 (2026/09/23 ~ 2026/09/30)
==========================================================================================================================================================================
    實資排名        累計天數排名  代號        名稱                 累計漲停(元)       累計跌停(元)       強度%  (09/23)開盤      最高      最低      收盤    (09/30)開盤      最高      最低      收盤      賺賠    賺賠率
--------------------------------------------------------------------------------------------------------------------------------------------------------------------------
       1            24  3653      健策                 1090.00        120.00   435.96%   6005.00  6410.00  5930.00  6410.00     6980.00  7080.00  6720.00  6800.00   +390.00    +6.08%
       2            10  3665      貿聯-KY               350.00          0.00   157.30%   2290.00  2340.00  2240.00  2340.00     2500.00  2685.00  2485.00  2595.00   +255.00   +10.90%
       3            38  8046      南電                  175.00          0.00    78.65%   1185.00  1225.00  1150.00  1210.00     1285.00  1340.00  1250.00  1340.00   +130.00   +10.74%
       4            10  6515      穎崴                  485.00        320.00    74.16%   5815.00  6070.00  5715.00  5995.00     5690.00  5985.00  5655.00  5930.00    -65.00    -1.08%
       5            33  2404      漢唐                  215.00         65.00    67.42%   1160.00  1250.00  1140.00  1250.00     1230.00  1300.00  1230.00  1290.00    +40.00    +3.20%
       6            57  7822      倍利科                 133.00          0.00    59.78%    888.00   892.00   866.00   883.00      998.00  1025.00   989.00   998.00   +115.00   +13.02%
       7            79  3563      牧德                   96.00          0.00    43.15%    720.00   774.00   715.00   753.00      811.00   825.00   784.00   807.00    +54.00    +7.17%
       8            92  6691      洋基工程                 97.00         13.00    37.75%    639.00   651.00   632.00   646.00      666.00   719.00   665.00   719.00    +73.00   +11.30%
       9            42  6533      晶心科                  82.50          0.00    37.08%    259.00   264.00   249.50   251.00      316.00   333.50   301.00   333.50    +82.50   +32.87%
      10            28  2368      金像電                 115.00         35.00    35.96%   1085.00  1140.00  1030.00  1140.00     1115.00  1160.00  1070.00  1120.00    -20.00    -1.75%
      11            18  6213      聯茂                   79.00          0.00    35.51%    542.00   547.00   525.00   541.00      624.00   649.00   622.00   623.00    +82.00   +15.16%
      12            48  6526      達發                  102.00         26.00    34.16%    777.00   840.00   761.00   840.00      830.00   855.00   819.00   840.00     +0.00    +0.00%
      13            48  6957      裕慶-KY                75.50          0.00    33.93%    300.00   305.00   295.00   295.50      365.00   371.00   356.00   371.00    +75.50   +25.55%
      14            52  2383      台光電                 205.00        130.00    33.71%   4910.00  5110.00  4860.00  5020.00     4990.00  5030.00  4935.00  4935.00    -85.00    -1.69%
      15            35  3189      景碩                   71.00          0.00    31.91%    905.00   922.00   881.00   906.00      961.00   972.00   937.00   970.00    +64.00    +7.06%
      16            29  6933      AMAX-KY              66.50          0.00    29.89%    320.00   350.00   320.00   350.00      380.50   392.00   371.00   371.00    +21.00    +6.00%
      17            26  6672      騰輝電子-KY              64.00          0.00    28.76%    302.00   310.00   298.00   307.00      337.50   369.00   335.50   369.00    +62.00   +20.20%
      18            94  3037      欣興                   75.00         20.00    24.72%   1120.00  1200.00  1115.00  1160.00     1175.00  1190.00  1155.00  1175.00    +15.00    +1.29%
      19            62  6446      藥華藥                  75.00         20.00    24.72%   1170.00  1195.00  1160.00  1175.00     1210.00  1240.00  1200.00  1215.00    +40.00    +3.40%
      20            87  6196      帆宣                   71.00         21.00    22.47%    538.00   558.00   534.00   549.00      552.00   588.00   551.00   585.00    +36.00    +6.56%
      21            30  3017      奇鋐                  200.00        155.00    20.22%   3425.00  3590.00  3410.00  3470.00     3455.00  3575.00  3405.00  3435.00    -35.00    -1.01%
      22            33  6944      兆聯實業                 45.00          0.00    20.22%    727.00   738.00   723.00   731.00      780.00   795.00   774.00   775.00    +44.00    +6.02%
      23            39  8039      台虹                   42.00          0.00    18.88%    264.00   264.00   253.00   256.00      279.50   300.50   277.50   300.50    +44.50   +17.38%
      24            86  6139      亞翔                   62.00         21.00    18.43%    725.00   750.00   720.00   736.00      741.00   762.00   740.00   756.00    +20.00    +2.72%
      25            80  3016      嘉晶                   40.00          0.00    17.98%    145.00   145.50   141.50   145.50      170.00   172.50   165.00   169.00    +23.50   +16.15%
      26            36  7799      禾榮科                  71.50         33.00    17.30%    508.00   558.00   508.00   531.00      509.00   539.00   503.00   539.00     +8.00    +1.51%
      27            44  8028      昇陽半導體                31.00          0.00    13.93%    264.00   265.00   254.00   258.00      292.00   292.00   281.00   282.50    +24.50    +9.50%
      28            15  6409      旭隼                   30.00          0.00    13.48%    900.00   900.00   882.00   883.00      888.00   915.00   877.00   907.00    +24.00    +2.72%
      29            50  6789      采鈺                   28.50          0.00    12.81%    473.00   474.00   461.00   468.00      485.50   503.00   480.00   494.00    +26.00    +5.56%
      30            17  6861      睿生光電                 28.50          0.00    12.81%    267.00   290.00   265.00   273.00      294.00   313.50   294.00   313.50    +40.50   +14.84%
      31            57  3532      台勝科                  27.50          0.00    12.36%    442.00   460.00   430.50   445.00      459.50   488.50   453.00   471.00    +26.00    +5.84%
      32            19  4770      上品                   25.00          0.00    11.24%    261.50   275.00   256.50   275.00      288.00   288.50   277.50   282.00     +7.00    +2.55%
      33            64  3661      世芯-KY               110.00         85.00    11.24%   3790.00  3845.00  3715.00  3760.00     3745.00  3810.00  3730.00  3740.00    -20.00    -0.53%
      34            27  3533      嘉澤                   80.00         55.00    11.24%   1755.00  1760.00  1660.00  1690.00     1730.00  1785.00  1705.00  1770.00    +80.00    +4.73%
      35            11  6414      樺漢                   24.00          0.00    10.79%    379.50   380.00   370.50   371.50      400.00   410.00   392.00   392.00    +20.50    +5.52%
      36            50  3167      大量                   85.00         62.00    10.34%    873.00   903.00   860.00   890.00      902.00   906.00   879.00   887.00     -3.00    -0.34%
      37            19  2395      研華                   21.00          0.00     9.44%    715.00   721.00   695.00   701.00      731.00   746.00   726.00   726.00    +25.00    +3.57%
      38            69  2408      南亞科                  31.00         12.00     8.54%    514.00   526.00   513.00   515.00      511.00   520.00   507.00   519.00     +4.00    +0.78%
      39            24  6257      矽格                   17.50          0.00     7.87%    250.50   252.00   238.00   247.00      239.00   260.00   238.50   254.00     +7.00    +2.83%
      40            59  3026      禾伸堂                  42.00         26.00     7.19%    791.00   803.00   760.00   768.00      815.00   822.00   790.00   791.00    +23.00    +2.99%
==========================================================================================================================================================================
✅ 共 40 筆


══════════════════════════════════════════════════════════════════════════════════════════════════════════════
  🔄 第  2/3 次  2026/09/22 ～ 2026/09/29
══════════════════════════════════════════════════════════════════════════════════════════════════════════════

==========================================================================================================================================================================
📊 累計漲跌停強度排名 (2026/09/22 ~ 2026/09/29)
==========================================================================================================================================================================
    實資排名        累計天數排名  代號        名稱                 累計漲停(元)       累計跌停(元)       強度%  (09/22)開盤      最高      最低      收盤    (09/29)開盤      最高      最低      收盤      賺賠    賺賠率
--------------------------------------------------------------------------------------------------------------------------------------------------------------------------
       1            38  3653      健策                 1130.00         25.00    80.10%   5985.00  6050.00  5780.00  5830.00     7000.00  7160.00  6850.00  6895.00  +1065.00   +18.27%
       2            37  3443      創意                  910.00        600.00    22.47%   8370.00  8375.00  8370.00  8375.00     8410.00  8415.00  7925.00  7925.00   -450.00    -5.37%
       3            39  8046      南電                  210.00          0.00    15.22%   1125.00  1165.00  1120.00  1165.00     1210.00  1280.00  1200.00  1270.00   +105.00    +9.01%
       4            63  3037      欣興                  165.00         20.00    10.51%   1120.00  1120.00  1105.00  1120.00     1170.00  1185.00  1130.00  1165.00    +45.00    +4.02%
       5            10  3665      貿聯-KY               200.00         55.00    10.51%   2335.00  2345.00  2215.00  2245.00     2385.00  2465.00  2375.00  2445.00   +200.00    +8.91%
       6            15  3189      景碩                  138.00          0.00    10.00%    875.00   909.00   875.00   909.00      960.00   969.00   939.00   955.00    +46.00    +5.06%
       7            59  3563      牧德                  134.00          0.00     9.71%    667.00   715.00   667.00   711.00      773.00   815.00   773.00   794.00    +83.00   +11.67%
       8            66  7822      倍利科                 126.00          0.00     9.13%    853.00   880.00   845.00   865.00      930.00   986.00   925.00   976.00   +111.00   +12.83%
       9            23  3533      嘉澤                  175.00         55.00     8.70%   1745.00  1745.00  1745.00  1745.00     1680.00  1765.00  1680.00  1710.00    -35.00    -2.01%
      10            50  6805      富世達                 185.00         85.00     7.25%   2500.00  2565.00  2470.00  2500.00     2455.00  2550.00  2420.00  2515.00    +15.00    +0.60%
      11            51  3167      大量                  143.00         46.00     7.03%    815.00   868.00   812.00   864.00      936.00   946.00   895.00   903.00    +39.00    +4.51%
      12            45  6526      達發                  116.00         26.00     6.52%    736.00   796.00   733.00   764.00      825.00   833.00   800.00   814.00    +50.00    +6.54%
      13            67  2404      漢唐                  155.00         65.00     6.52%   1140.00  1175.00  1130.00  1140.00     1250.00  1255.00  1180.00  1220.00    +80.00    +7.02%
      14            30  8996      高力                  205.00        125.00     5.80%   1520.00  1655.00  1490.00  1655.00     1505.00  1625.00  1480.00  1585.00    -70.00    -4.23%
      15            28  2368      金像電                 115.00         35.00     5.80%   1070.00  1075.00  1025.00  1040.00     1100.00  1125.00  1070.00  1120.00    +80.00    +7.69%
      16            18  6213      聯茂                   79.00          0.00     5.73%    545.00   574.00   539.00   543.00      620.00   628.00   588.00   620.00    +77.00   +14.18%
      17            29  6933      AMAX-KY              66.50          0.00     4.82%    326.00   330.50   317.00   318.50      385.50   395.00   375.50   378.00    +59.50   +18.68%
      18            67  6957      裕慶-KY                55.00          0.00     3.99%    297.50   312.00   292.00   303.00      334.50   337.50   307.50   337.50    +34.50   +11.39%
      19            75  6944      兆聯實業                 55.00          0.00     3.99%    719.00   735.00   715.00   722.00      763.00   795.00   760.00   776.00    +54.00    +7.48%
      20            26  6533      晶心科                  52.50          0.00     3.81%    268.50   278.50   254.50   254.50      272.50   303.50   268.00   303.50    +49.00   +19.25%
      21           114  3016      嘉晶                   52.00          0.00     3.77%    125.00   132.50   124.50   132.50      165.00   176.00   161.50   172.50    +40.00   +30.19%
      22            80  6446      藥華藥                  65.00         20.00     3.26%   1150.00  1180.00  1125.00  1160.00     1160.00  1200.00  1160.00  1195.00    +35.00    +3.02%
      23            71  1560      中砂                   52.00         15.00     2.68%    935.00   960.00   929.00   950.00      960.00   977.00   955.00   956.00     +6.00    +0.63%
      24            44  8028      昇陽半導體                31.00          0.00     2.25%    262.00   274.00   257.00   263.50      270.50   295.50   269.50   289.00    +25.50    +9.68%
      25            13  6672      騰輝電子-KY              30.50          0.00     2.21%    315.00   315.00   300.00   302.00      330.50   335.50   321.00   335.50    +33.50   +11.09%
      26             7  5234      達興材料                 29.00          0.00     2.10%    298.00   299.00   294.50   296.50      294.50   322.00   294.00   322.00    +25.50    +8.60%
      27            46  4958      臻鼎-KY                42.00         16.00     1.88%    480.00   505.00   480.00   489.00      479.00   499.50   472.50   498.50     +9.50    +1.94%
      28            19  4770      上品                   25.00          0.00     1.81%    260.50   262.00   248.00   250.00      277.00   295.00   277.00   286.50    +36.50   +14.60%
      29            27  2383      台光電                 190.00        165.00     1.81%   5100.00  5100.00  4855.00  4860.00     4910.00  5055.00  4870.00  4920.00    +60.00    +1.23%
      30            11  6414      樺漢                   24.00          0.00     1.74%    380.00   380.00   376.00   376.00      380.50   409.50   377.50   398.00    +22.00    +5.85%
      31            64  6789      采鈺                   23.00          0.00     1.67%    464.00   484.00   464.00   468.50      465.00   482.00   463.00   478.50    +10.00    +2.13%
      32            19  2395      研華                   21.00          0.00     1.52%    719.00   720.00   702.00   703.00      714.00   754.00   712.00   730.00    +27.00    +3.84%
      33            20  6861      睿生光電                 21.00          0.00     1.52%    247.00   270.50   242.50   267.00      271.00   288.00   270.50   285.00    +18.00    +6.74%
      34            69  3661      世芯-KY               105.00         85.00     1.45%   3760.00  3950.00  3670.00  3715.00     3750.00  3795.00  3675.00  3685.00    -30.00    -0.81%
      35            24  6278      台表科                  19.00          0.00     1.38%    202.00   213.50   200.00   213.50      209.00   221.50   209.00   216.00     +2.50    +1.17%
      36            86  6691      洋基工程                 32.00         13.00     1.38%    641.00   649.00   634.00   635.00      657.00   665.00   645.00   654.00    +19.00    +2.99%
      37            25  3055      蔚華科                  18.50          0.00     1.34%    196.00   206.50   189.50   206.50      196.00   207.50   191.50   203.50     -3.00    -1.45%
      38            55  3711      日月光投控                30.00         12.00     1.30%    691.00   711.00   690.00   693.00      685.00   693.00   678.00   687.00     -6.00    -0.87%
      39            66  6139      亞翔                   38.00         21.00     1.23%    729.00   731.00   715.00   715.00      753.00   759.00   726.00   732.00    +17.00    +2.38%
      40            15  4551      智伸科                  16.00          0.00     1.16%    159.50   162.00   156.00   157.00      162.50   179.50   162.00   179.50    +22.50   +14.33%
==========================================================================================================================================================================
✅ 共 40 筆


══════════════════════════════════════════════════════════════════════════════════════════════════════════════
  🔄 第  3/3 次  2026/09/21 ～ 2026/09/24
══════════════════════════════════════════════════════════════════════════════════════════════════════════════

==========================================================================================================================================================================
📊 累計漲跌停強度排名 (2026/09/21 ~ 2026/09/24)
==========================================================================================================================================================================
    實資排名        累計天數排名  代號        名稱                 累計漲停(元)       累計跌停(元)       強度%  (09/21)開盤      最高      最低      收盤    (09/24)開盤      最高      最低      收盤      賺賠    賺賠率
--------------------------------------------------------------------------------------------------------------------------------------------------------------------------
       1            21  3653      健策                 1395.00          0.00    31.12%   5765.00  5890.00  5700.00  5790.00     6560.00  6920.00  6215.00  6920.00  +1130.00   +19.52%
       2            37  3443      創意                 1375.00          0.00    30.67%   7395.00  7755.00  7030.00  7615.00     8300.00  8545.00  8205.00  8525.00   +910.00   +11.95%
       3             8  2454      聯發科                 570.00          0.00    12.72%   4800.00  5035.00  4780.00  5010.00     5105.00  5360.00  5105.00  5285.00   +275.00    +5.49%
       4            24  6805      富世達                 305.00         70.00     5.24%   2325.00  2445.00  2300.00  2415.00     2570.00  2615.00  2505.00  2530.00   +115.00    +4.76%
       5            64  3661      世芯-KY               230.00          0.00     5.13%   3700.00  3700.00  3580.00  3665.00     3730.00  3785.00  3715.00  3770.00   +105.00    +2.86%
       6            50  3037      欣興                  204.00          0.00     4.55%    999.00  1055.00   999.00  1020.00     1155.00  1190.00  1145.00  1185.00   +165.00   +16.18%
       7            56  2308      台達電                 175.00          0.00     3.90%   1750.00  1885.00  1740.00  1875.00     1875.00  1935.00  1875.00  1910.00    +35.00    +1.87%
       8            20  2383      台光電                 190.00         35.00     3.46%   4900.00  4945.00  4795.00  4895.00     5025.00  5170.00  4980.00  5050.00   +155.00    +3.17%
       9            53  2404      漢唐                  155.00          0.00     3.46%   1125.00  1160.00  1090.00  1130.00     1255.00  1285.00  1205.00  1285.00   +155.00   +13.72%
      10            38  6526      達發                  149.00          0.00     3.32%    700.00   734.00   688.00   724.00      845.00   862.00   818.00   840.00   +116.00   +16.02%
      11            38  8046      南電                  180.00         40.00     3.12%   1110.00  1150.00  1050.00  1060.00     1210.00  1270.00  1190.00  1240.00   +180.00   +16.98%
      12            15  3189      景碩                  138.00          0.00     3.08%    849.00   878.00   824.00   827.00      938.00   996.00   929.00   962.00   +135.00   +16.32%
      13            17  3665      貿聯-KY               185.00         55.00     2.90%   2225.00  2320.00  2190.00  2300.00     2410.00  2470.00  2285.00  2340.00    +40.00    +1.74%
      14            38  3017      奇鋐                  165.00         40.00     2.79%   3480.00  3495.00  3365.00  3415.00     3460.00  3600.00  3455.00  3555.00   +140.00    +4.10%
      15            43  3167      大量                  143.00         28.00     2.57%    834.00   836.00   805.00   806.00      889.00   968.00   871.00   949.00   +143.00   +17.74%
      16            37  8996      高力                  225.00        125.00     2.23%   1430.00  1520.00  1405.00  1505.00     1555.00  1560.00  1480.00  1530.00    +25.00    +1.66%
      17            10  3533      嘉澤                  155.00         55.00     2.23%   1600.00  1615.00  1570.00  1590.00     1660.00  1735.00  1660.00  1690.00   +100.00    +6.29%
      18            73  3563      牧德                  109.00         11.00     2.19%    677.00   677.00   660.00   660.00      760.00   777.00   739.00   769.00   +109.00   +16.52%
      19            20  6213      聯茂                   91.00          0.00     2.03%    515.00   542.00   510.00   542.00      595.00   595.00   592.00   595.00    +53.00    +9.78%
      20            24  2368      金像電                 125.00         35.00     2.01%   1020.00  1050.00  1000.00  1045.00     1135.00  1150.00  1075.00  1105.00    +60.00    +5.74%
      21            64  7822      倍利科                  70.00          0.00     1.56%    850.00   851.00   836.00   850.00      879.00   926.00   878.00   920.00    +70.00    +8.24%
      22            60  1560      中砂                   70.00          0.00     1.56%    903.00   916.00   861.00   914.00      950.00   975.00   945.00   971.00    +57.00    +6.24%
      23            33  3711      日月光投控                55.00          0.00     1.23%    655.00   674.00   655.00   663.00      685.00   699.00   680.00   699.00    +36.00    +5.43%
      24            80  6957      裕慶-KY                44.00          0.00     0.98%    274.50   295.00   272.50   290.00      298.50   307.00   287.00   307.00    +17.00    +5.86%
      25            39  6933      AMAX-KY              66.50         24.50     0.94%    345.00   348.00   316.00   317.50      367.50   385.00   355.00   385.00    +67.50   +21.26%
      26            90  3016      嘉晶                   39.50          0.00     0.88%    118.00   123.00   115.50   120.50      147.50   160.00   147.00   160.00    +39.50   +32.78%
      27            44  7749      意騰-KY                39.00          0.00     0.87%    361.00   380.00   360.50   377.50      405.00   405.00   392.50   395.50    +18.00    +4.77%
      28            58  6944      兆聯實業                 39.00          0.00     0.87%    708.00   724.00   705.00   712.00      730.00   762.00   730.00   760.00    +48.00    +6.74%
      29            44  6861      睿生光電                 37.50          0.00     0.84%    235.00   252.00   234.00   246.00      266.50   290.00   266.00   279.50    +33.50   +13.62%
      30            44  2395      研華                   37.00          0.00     0.83%    688.00   712.00   688.00   706.00      703.00   728.00   702.00   722.00    +16.00    +2.27%
      31            47  3055      蔚華科                  35.50          0.00     0.79%    168.00   188.00   167.00   188.00      201.50   208.00   195.50   199.00    +11.00    +5.85%
      32            36  2345      智邦                   75.00         40.00     0.78%   1840.00  1880.00  1810.00  1840.00     1880.00  1905.00  1855.00  1895.00    +55.00    +2.99%
      33            13  6672      騰輝電子-KY              30.50          0.00     0.68%    306.50   316.00   304.00   310.00      315.00   337.50   315.00   337.50    +27.50    +8.87%
      34            53  6196      帆宣                   30.00          0.00     0.67%    549.00   549.00   532.00   535.00      547.00   566.00   541.00   565.00    +30.00    +5.61%
      35            60  6902      GOGOLOOK             28.50          0.00     0.64%    155.00   155.00   155.00   155.00      170.00   183.00   167.50   176.50    +21.50   +13.87%
      36            58  7768      頌勝科技                 26.00          0.00     0.58%    289.00   306.00   283.50   299.50      292.00   312.00   292.00   304.50     +5.00    +1.67%
      37            19  4770      上品                   25.00          0.00     0.56%    254.00   263.50   246.00   257.50      285.00   290.00   272.00   281.50    +24.00    +9.32%
      38            18  6533      晶心科                  25.00          0.00     0.56%    269.00   270.50   260.00   263.50      251.00   276.00   250.00   276.00    +12.50    +4.74%
      39            63  6139      亞翔                   38.00         15.00     0.51%    740.00   745.00   717.00   718.00      733.00   755.00   725.00   753.00    +35.00    +4.87%
      40            43  3026      禾伸堂                  42.00         23.00     0.42%    800.00   825.00   780.00   791.00      768.00   820.00   765.00   810.00    +19.00    +2.40%
==========================================================================================================================================================================
✅ 共 40 筆
