
██████████████████████████████████████████████████████████████████████████████████████████████████████████████
  📅 天數組合: 5 日  →  輸出檔: s13_05.txt
██████████████████████████████████████████████████████████████████████████████████████████████████████████████

🔁 共執行 5 次，每次區間長度 6 個交易日

══════════════════════════════════════════════════════════════════════════════════════════════════════════════
  🔄 第  1/5 次  2026/09/21 ～ 2026/09/30
══════════════════════════════════════════════════════════════════════════════════════════════════════════════

==========================================================================================================================================================================
📊 動能效率優先權分數排名 (2026/09/21 ~ 2026/09/30)
==========================================================================================================================================================================
    實資排名          累計天數排名  代號        名稱                 累計漲停(元)       累計跌停(元)       強度%  (09/21)開盤      最高      最低      收盤    (09/30)開盤      最高      最低      收盤      賺賠    賺賠率
--------------------------------------------------------------------------------------------------------------------------------------------------------------------------
       1               1  6861      睿生光電                 66.00          0.00   100.00%    235.00   252.00   234.00   246.00      294.00   313.50   294.00   313.50    +67.50   +27.44%
       2               2  3016      嘉晶                   52.00          0.00    75.50%    118.00   123.00   115.50   120.50      170.00   172.50   165.00   169.00    +48.50   +40.25%
       3               4  6533      晶心科                  82.50          0.00    72.90%    269.00   270.50   260.00   263.50      316.00   333.50   301.00   333.50    +70.00   +26.57%
       4               3  3055      蔚華科                  35.50          0.00    64.32%    168.00   188.00   167.00   188.00      201.00   211.00   195.00   209.50    +21.50   +11.44%
       5               5  6526      達發                  175.00         26.00    57.99%    700.00   734.00   688.00   724.00      830.00   855.00   819.00   840.00   +116.00   +16.02%
       6               9  7822      倍利科                 148.00          0.00    54.37%    850.00   851.00   836.00   850.00      998.00  1025.00   989.00   998.00   +148.00   +17.41%
       7               6  6672      騰輝電子-KY              64.00          0.00    53.91%    306.50   316.00   304.00   310.00      337.50   369.00   335.50   369.00    +59.00   +19.03%
       8               7  2404      漢唐                  225.00         65.00    51.04%   1125.00  1160.00  1090.00  1130.00     1230.00  1300.00  1230.00  1290.00   +160.00   +14.16%
       9              13  6225      天瀚                    0.00          0.00    50.70%     57.90    60.10    55.60    56.90       60.10    60.90    60.10    60.90     +4.00    +7.03%
      10              12  3653      健策                 1395.00        120.00    49.99%   5765.00  5890.00  5700.00  5790.00     6980.00  7080.00  6720.00  6800.00  +1010.00   +17.44%
      11               8  6957      裕慶-KY               108.00          0.00    48.78%    274.50   295.00   272.50   290.00      365.00   371.00   356.00   371.00    +81.00   +27.93%
      12              14  8046      南電                  280.00         40.00    45.82%   1110.00  1150.00  1050.00  1060.00     1285.00  1340.00  1250.00  1340.00   +280.00   +26.42%
      13              11  2241      艾姆勒                   0.00          0.00    45.39%     35.05    37.35    34.50    37.35       43.50    47.90    43.45    46.15     +8.80   +23.56%
      14              10  8996      高力                  300.00        125.00    45.23%   1430.00  1520.00  1405.00  1505.00     1600.00  1665.00  1565.00  1605.00   +100.00    +6.64%
      15              15  3037      欣興                  214.00         20.00    42.13%    999.00  1055.00   999.00  1020.00     1175.00  1190.00  1155.00  1175.00   +155.00   +15.20%
      16              16  8039      台虹                   42.00          0.00    40.45%    270.00   272.00   262.50   265.00      279.50   300.50   277.50   300.50    +35.50   +13.40%
      17              20  1727      中華化                  10.50          9.50    38.83%    107.00   109.50   100.50   103.00      117.00   117.00   108.00   109.00     +6.00    +5.83%
      18              17  1709      和益                    0.00          0.00    36.58%     39.20    43.10    39.05    43.10       44.10    48.40    44.00    48.40     +5.30   +12.30%
      19              19  6166      凌華                   11.00          0.00    35.59%    115.00   125.50   114.50   125.50      139.00   140.00   132.50   133.00     +7.50    +5.98%
      20              18  2466      冠西電                  11.00          0.00    35.39%    104.50   110.00   104.50   110.00      115.00   124.50   115.00   124.50    +14.50   +13.18%
      21              25  2342      茂矽                    0.00          0.00    34.43%     41.15    41.75    40.45    41.00       49.15    51.40    49.10    50.30     +9.30   +22.68%
      22              22  2030      彰源                    0.00          0.00    33.76%     24.80    24.80    23.95    24.80       36.60    36.70    36.00    36.70    +11.90   +47.98%
      23              23  6805      富世達                 305.00        145.00    33.71%   2325.00  2445.00  2300.00  2415.00     2580.00  2720.00  2440.00  2455.00    +40.00    +1.66%
      24              24  6456      GIS-KY                0.00          0.00    33.64%     66.70    71.90    65.90    71.90       91.50    95.70    89.50    92.00    +20.10   +27.96%
      25              29  3563      牧德                  147.00         11.00    33.00%    677.00   677.00   660.00   660.00      811.00   825.00   784.00   807.00   +147.00   +22.27%
      26              21  8150      南茂                   10.00          0.00    32.71%     96.00   103.00    94.80   103.00      106.00   114.50   105.50   114.50    +11.50   +11.17%
      27              27  6196      帆宣                   71.00         21.00    32.54%    549.00   549.00   532.00   535.00      552.00   588.00   551.00   585.00    +50.00    +9.35%
      28              33  6944      兆聯實業                 55.00          0.00    32.29%    708.00   724.00   705.00   712.00      780.00   795.00   774.00   775.00    +63.00    +8.85%
      29              26  3605      宏致                   15.00         12.00    31.13%    154.00   169.00   151.00   169.00      183.00   183.50   168.50   170.50     +1.50    +0.89%
      30              48  1303      南亞                   10.50          0.00    30.80%    238.50   245.00   235.00   239.50      250.50   265.00   245.50   255.50    +16.00    +6.68%
      31              31  2254      巨鎧精密-創                0.00          0.00    30.72%     76.80    78.80    76.80    78.80       92.20    93.10    92.10    92.60    +13.80   +17.51%
      32              42  2305      全友                    0.00          0.00    30.57%     59.10    61.90    55.50    58.80       70.00    72.50    66.40    68.70     +9.90   +16.84%
      33              67  8028      昇陽半導體                31.00          0.00    30.56%    262.00   268.00   254.50   257.50      292.00   292.00   281.00   282.50    +25.00    +9.71%
      34              28  7749      意騰-KY                39.00          9.50    30.53%    361.00   380.00   360.50   377.50      391.00   397.00   388.50   391.00    +13.50    +3.58%
      35              32  1809      中釉                    0.00          0.00    30.20%     38.60    39.90    38.20    39.00       45.10    48.60    45.05    47.85     +8.85   +22.69%
      36              30  3665      貿聯-KY               440.00         55.00    29.91%   2225.00  2320.00  2190.00  2300.00     2500.00  2685.00  2485.00  2595.00   +295.00   +12.83%
      37              34  1560      中砂                   70.00         15.00    29.88%    903.00   916.00   861.00   914.00      958.00   971.00   953.00   963.00    +49.00    +5.36%
      38              40  6278      台表科                  19.00          0.00    29.65%    197.00   198.00   193.50   194.50      220.00   223.00   214.00   218.00    +23.50   +12.08%
      39              36  6691      洋基工程                 97.00         31.00    29.59%    650.00   650.00   631.00   632.00      666.00   719.00   665.00   719.00    +87.00   +13.77%
      40              46  6405      悅城                    0.00          0.00    29.54%     40.30    42.25    40.30    41.60       50.10    50.10    50.10    50.10     +8.50   +20.43%
==========================================================================================================================================================================
✅ 共 40 筆


══════════════════════════════════════════════════════════════════════════════════════════════════════════════
  🔄 第  2/5 次  2026/09/18 ～ 2026/09/29
══════════════════════════════════════════════════════════════════════════════════════════════════════════════

==========================================================================================================================================================================
📊 動能效率優先權分數排名 (2026/09/18 ~ 2026/09/29)
==========================================================================================================================================================================
    實資排名          累計天數排名  代號        名稱                 累計漲停(元)       累計跌停(元)       強度%  (09/18)開盤      最高      最低      收盤    (09/29)開盤      最高      最低      收盤      賺賠    賺賠率
--------------------------------------------------------------------------------------------------------------------------------------------------------------------------
       1               1  6861      睿生光電                 58.00          0.00   100.00%    216.00   229.50   216.00   229.50      271.00   288.00   270.50   285.00    +55.50   +24.18%
       2               2  6526      達發                  211.00         26.00    73.69%    643.00   691.00   640.00   691.00      825.00   833.00   800.00   814.00   +123.00   +17.80%
       3               5  3016      嘉晶                   52.00          0.00    71.41%    116.50   119.00   115.00   116.50      165.00   176.00   161.50   172.50    +56.00   +48.07%
       4               6  3055      蔚華科                  45.50          0.00    68.20%    166.00   173.50   163.50   171.00      196.00   207.50   191.50   203.50    +32.50   +19.01%
       5               3  6533      晶心科                  71.50          0.00    67.53%    255.00   276.00   250.00   270.50      272.50   303.50   268.00   303.50    +33.00   +12.20%
       6               7  8996      高力                  410.00        125.00    60.27%   1350.00  1430.00  1330.00  1430.00     1505.00  1625.00  1480.00  1585.00   +155.00   +10.84%
       7               4  2404      漢唐                  250.00         65.00    57.59%   1040.00  1130.00  1040.00  1125.00     1250.00  1255.00  1180.00  1220.00    +95.00    +8.44%
       8               8  3653      健策                 1565.00         25.00    56.84%   5520.00  5650.00  5415.00  5525.00     7000.00  7160.00  6850.00  6895.00  +1370.00   +24.80%
       9              18  7822      倍利科                 126.00          0.00    49.39%    856.00   861.00   839.00   850.00      930.00   986.00   925.00   976.00   +126.00   +14.82%
      10              12  6805      富世達                 510.00         85.00    48.75%   2195.00  2295.00  2155.00  2295.00     2455.00  2550.00  2420.00  2515.00   +220.00    +9.59%
      11              13  3605      宏致                   29.00          0.00    48.66%    149.50   154.00   142.00   154.00      182.00   190.50   179.00   182.50    +28.50   +18.51%
      12              15  8028      昇陽半導體                44.00          0.00    46.97%    250.00   258.00   242.50   257.00      270.50   295.50   269.50   289.00    +32.00   +12.45%
      13              16  3037      欣興                  245.00         20.00    46.48%    973.00   990.00   971.00   981.00     1170.00  1185.00  1130.00  1165.00   +184.00   +18.76%
      14               9  6715      嘉基                   57.50         16.50    44.30%    398.00   433.00   394.00   433.00      460.00   468.50   442.00   452.00    +19.00    +4.39%
      15              14  6278      台表科                  31.00          0.00    43.07%    187.00   196.00   186.00   196.00      209.00   221.50   209.00   216.00    +20.00   +10.20%
      16              10  7768      頌勝科技                 49.50          0.00    42.08%    266.50   286.00   264.00   286.00      304.50   307.50   297.00   304.00    +18.00    +6.29%
      17              30  6225      天瀚                    0.00          0.00    42.05%     62.80    62.80    60.00    60.00       46.35    55.40    46.35    55.40     -4.60    -7.67%
      18              24  1727      中華化                  10.50          0.00    41.98%    105.00   109.50   102.00   106.00      113.00   122.00   104.00   118.50    +12.50   +11.79%
      19              19  6944      兆聯實業                 77.00          0.00    41.83%    690.00   715.00   689.00   708.00      763.00   795.00   760.00   776.00    +68.00    +9.60%
      20              26  6166      凌華                   11.00          0.00    40.40%    113.50   114.50   112.00   114.50      131.00   143.50   130.00   135.00    +20.50   +17.90%
      21              28  2241      艾姆勒                   0.00          0.00    38.28%     33.90    34.60    33.75    34.45       43.00    44.50    41.20    44.00     +9.55   +27.72%
      22              17  1560      中砂                  151.00         15.00    38.26%    855.00   896.00   813.00   896.00      960.00   977.00   955.00   956.00    +60.00    +6.70%
      23              11  3443      創意                 2025.00        600.00    37.26%   6600.00  7150.00  6510.00  7150.00     8410.00  8415.00  7925.00  7925.00   +775.00   +10.84%
      24              25  2368      金像電                 210.00         35.00    36.21%    978.00  1020.00   969.00  1020.00     1100.00  1125.00  1070.00  1120.00   +100.00    +9.80%
      25              33  6957      裕慶-KY                74.50          0.00    35.96%    274.50   279.00   267.50   270.50      334.50   337.50   307.50   337.50    +67.00   +24.77%
      26              35  3563      牧德                  146.00         11.00    35.74%    675.00   676.00   665.00   671.00      773.00   815.00   773.00   794.00   +123.00   +18.33%
      27              27  2030      彰源                    0.00          0.00    35.02%     23.75    24.95    23.45    24.95       33.40    33.40    33.40    33.40     +8.45   +33.87%
      28              23  3035      智原                   23.50          0.00    34.76%    184.00   193.00   182.50   190.50      208.00   217.00   204.50   210.00    +19.50   +10.24%
      29              40  8046      南電                  245.00         40.00    34.75%   1105.00  1120.00  1065.00  1100.00     1210.00  1280.00  1200.00  1270.00   +170.00   +15.45%
      30              21  3665      貿聯-KY               490.00         55.00    33.59%   2060.00  2210.00  2045.00  2210.00     2385.00  2465.00  2375.00  2445.00   +235.00   +10.63%
      31              38  2342      茂矽                    0.00          0.00    31.89%     40.10    41.20    39.90    41.05       47.00    53.00    46.85    50.10     +9.05   +22.05%
      32              58  4551      智伸科                  16.00          0.00    31.63%    159.50   160.50   157.00   159.50      162.50   179.50   162.00   179.50    +20.00   +12.54%
      33              34  3167      大量                  160.00         74.00    31.27%    833.00   855.00   810.00   834.00      936.00   946.00   895.00   903.00    +69.00    +8.27%
      34              47  2305      全友                    0.00          0.00    31.19%     57.70    59.00    53.80    58.70       61.70    69.10    61.10    69.10    +10.40   +17.72%
      35              46  6456      GIS-KY                0.00          0.00    31.07%     65.10    65.90    64.20    65.40       85.00    89.40    84.10    89.40    +24.00   +36.70%
      36              32  3031      佰鴻                    0.00          0.00    30.53%     27.00    28.70    26.10    28.45       30.35    31.65    30.30    31.25     +2.80    +9.84%
      37              56  2379      瑞昱                   51.00         12.00    30.27%    724.00   728.00   716.00   727.00      715.00   778.00   715.00   760.00    +33.00    +4.54%
      38              37  3094      聯傑                    0.00          0.00    30.17%     48.80    51.70    48.60    51.70       53.00    59.70    52.70    59.70     +8.00   +15.47%
      39              45  2254      巨鎧精密-創                0.00          0.00    29.83%     75.20    76.80    74.70    76.80       89.20    92.10    89.20    91.80    +15.00   +19.53%
      40              20  6902      GOGOLOOK             41.00         14.00    29.78%    131.50   141.00   131.50   141.00      173.00   175.00   162.00   162.50    +21.50   +15.25%
==========================================================================================================================================================================
✅ 共 40 筆


══════════════════════════════════════════════════════════════════════════════════════════════════════════════
  🔄 第  3/5 次  2026/09/17 ～ 2026/09/24
══════════════════════════════════════════════════════════════════════════════════════════════════════════════

==========================================================================================================================================================================
📊 動能效率優先權分數排名 (2026/09/17 ~ 2026/09/24)
==========================================================================================================================================================================
    實資排名          累計天數排名  代號        名稱                 累計漲停(元)       累計跌停(元)       強度%  (09/17)開盤      最高      最低      收盤    (09/24)開盤      最高      最低      收盤      賺賠    賺賠率
--------------------------------------------------------------------------------------------------------------------------------------------------------------------------
       1               2  6526      達發                  211.00          0.00   100.00%    639.00   649.00   629.00   629.00      845.00   862.00   818.00   840.00   +211.00   +33.55%
       2               1  3443      創意                 2355.00          0.00    89.55%   6315.00  6610.00  6205.00  6500.00     8300.00  8545.00  8205.00  8525.00  +2025.00   +31.15%
       3               6  3653      健策                 1680.00          0.00    89.46%   5400.00  5605.00  5320.00  5355.00     6560.00  6920.00  6215.00  6920.00  +1565.00   +29.23%
       4               4  2404      漢唐                  250.00          0.00    82.20%   1040.00  1055.00  1025.00  1030.00     1255.00  1285.00  1205.00  1285.00   +255.00   +24.76%
       5               3  1560      中砂                  225.00          0.00    80.77%    750.00   815.00   750.00   815.00      950.00   975.00   945.00   971.00   +156.00   +19.14%
       6               7  6805      富世達                 555.00         70.00    73.14%   2095.00  2200.00  2080.00  2090.00     2570.00  2615.00  2505.00  2530.00   +440.00   +21.05%
       7              10  3016      嘉晶                   39.50          0.00    71.18%    116.00   122.00   113.50   115.50      147.50   160.00   147.00   160.00    +44.50   +38.53%
       8               9  3055      蔚華科                  45.50          0.00    70.78%    168.00   169.50   160.50   161.00      201.50   208.00   195.50   199.00    +38.00   +23.60%
       9               8  8996      高力                  355.00        125.00    69.01%   1330.00  1360.00  1285.00  1300.00     1555.00  1560.00  1480.00  1530.00   +230.00   +17.69%
      10               5  6533      晶心科                  66.50          0.00    66.24%    232.00   251.50   232.00   251.50      251.00   276.00   250.00   276.00    +24.50    +9.74%
      11              11  6957      裕慶-KY                59.50          0.00    62.70%    260.00   280.50   260.00   274.00      298.50   307.00   287.00   307.00    +33.00   +12.04%
      12              16  6861      睿生光電                 58.00         14.00    62.64%    224.00   229.50   207.50   209.00      266.50   290.00   266.00   279.50    +70.50   +33.73%
      13              17  3605      宏致                   29.00          0.00    60.82%    145.00   152.50   137.50   140.00      179.50   186.50   178.50   183.50    +43.50   +31.07%
      14              12  6715      嘉基                   57.50          0.00    59.15%    406.00   432.00   391.50   394.00      462.50   472.50   459.00   468.50    +74.50   +18.91%
      15              14  7768      頌勝科技                 49.50          0.00    57.47%    262.00   265.00   261.00   262.50      292.00   312.00   292.00   304.50    +42.00   +16.00%
      16              15  6902      GOGOLOOK             41.00          0.00    55.03%    126.00   128.50   125.50   128.50      170.00   183.00   167.50   176.50    +48.00   +37.35%
      17              18  1727      中華化                  10.50          0.00    52.99%     98.70   105.00    97.70   105.00      114.00   125.00   109.00   115.50    +10.50   +10.00%
      18              20  7822      倍利科                 110.00          0.00    52.89%    821.00   866.00   821.00   850.00      879.00   926.00   878.00   920.00    +70.00    +8.24%
      19              13  4770      上品                   46.50          0.00    52.41%    223.50   242.50   223.50   242.00      285.00   290.00   272.00   281.50    +39.50   +16.32%
      20              19  2030      彰源                    0.00          0.00    51.43%     22.60    23.55    22.60    23.50       28.10    30.40    27.90    30.40     +6.90   +29.36%
      21              28  2241      艾姆勒                   0.00          0.00    49.19%     33.70    34.05    33.50    33.70       41.85    44.90    41.85    43.60     +9.90   +29.38%
      22              29  6166      凌華                   11.00          0.00    48.52%    111.50   114.00   111.50   112.00      126.50   133.00   125.00   132.00    +20.00   +17.86%
      23              33  3563      牧德                  138.00         11.00    46.85%    651.00   676.00   649.00   659.00      760.00   777.00   739.00   769.00   +110.00   +16.69%
      24              37  3167      大量                  160.00         28.00    46.83%    830.00   843.00   795.00   817.00      889.00   968.00   871.00   949.00   +132.00   +16.16%
      25              24  6278      台表科                  31.00          0.00    46.65%    185.50   190.00   183.50   184.00      207.50   214.50   204.50   212.00    +28.00   +15.22%
      26              30  6944      兆聯實業                 61.00          0.00    46.39%    693.00   697.00   685.00   686.00      730.00   762.00   730.00   760.00    +74.00   +10.79%
      27              25  3035      智原                   23.50          0.00    46.34%    175.00   182.00   175.00   179.00      202.00   207.50   199.50   206.50    +27.50   +15.36%
      28              22  3031      佰鴻                    0.00          0.00    46.28%     24.75    26.65    24.55    26.65       28.30    31.05    28.25    30.45     +3.80   +14.26%
      29              21  3665      貿聯-KY               400.00         55.00    45.03%   2035.00  2085.00  1985.00  2010.00     2410.00  2470.00  2285.00  2340.00   +330.00   +16.42%
      30              23  8028      昇陽半導體                35.00          0.00    44.77%    237.50   249.50   235.50   244.00      256.50   272.50   253.00   269.00    +25.00   +10.25%
      31              26  7799      禾榮科                  86.00         47.00    42.70%    462.50   502.00   461.50   502.00      523.00   525.00   480.00   498.00     -4.00    -0.80%
      32              44  7749      意騰-KY                39.00          0.00    41.89%    358.00   361.50   353.00   358.00      405.00   405.00   392.50   395.50    +37.50   +10.47%
      33              38  6933      AMAX-KY              97.50         24.50    40.79%    324.00   345.50   316.50   345.50      367.50   385.00   355.00   385.00    +39.50   +11.43%
      34              51  3037      欣興                  245.00         21.00    40.21%    979.00   993.00   940.00   940.00     1155.00  1190.00  1145.00  1185.00   +245.00   +26.06%
      35              45  2254      巨鎧精密-創                0.00          0.00    38.86%     74.20    75.20    72.80    75.20       86.80    89.40    86.20    88.80    +13.60   +18.09%
      36              36  4956      光鋐                    0.00          0.00    38.64%     36.10    38.75    35.60    38.75       43.55    47.85    43.20    44.50     +5.75   +14.84%
      37              32  3437      榮創                    0.00          0.00    38.23%     18.80    20.35    18.75    20.35       21.10    22.70    21.10    22.00     +1.65    +8.11%
      38              59  6225      天瀚                    0.00          0.00    38.09%     59.20    63.00    58.90    60.20       41.60    50.80    41.60    50.40     -9.80   -16.28%
      39              35  6168      宏齊                    0.00          0.00    37.47%     32.15    35.35    31.60    35.35       41.50    44.00    41.10    44.00     +8.65   +24.47%
      40              34  2033      佳大                    0.00          0.00    37.24%     27.95    30.85    27.80    30.85       37.65    38.30    35.50    36.80     +5.95   +19.29%
==========================================================================================================================================================================
✅ 共 40 筆


══════════════════════════════════════════════════════════════════════════════════════════════════════════════
  🔄 第  4/5 次  2026/09/16 ～ 2026/09/23
══════════════════════════════════════════════════════════════════════════════════════════════════════════════

==========================================================================================================================================================================
📊 動能效率優先權分數排名 (2026/09/16 ~ 2026/09/23)
==========================================================================================================================================================================
    實資排名          累計天數排名  代號        名稱                 累計漲停(元)       累計跌停(元)       強度%  (09/16)開盤      最高      最低      收盤    (09/23)開盤      最高      最低      收盤      賺賠    賺賠率
--------------------------------------------------------------------------------------------------------------------------------------------------------------------------
       1               3  6526      達發                  211.00          0.00   100.00%    627.00   637.00   625.00   629.00      777.00   840.00   761.00   840.00   +211.00   +33.55%
       2               2  8996      高力                  435.00        115.00    95.27%   1230.00  1300.00  1230.00  1300.00     1640.00  1640.00  1515.00  1540.00   +240.00   +18.46%
       3               5  6805      富世達                 575.00          0.00    89.50%   2035.00  2070.00  2010.00  2045.00     2490.00  2750.00  2475.00  2600.00   +555.00   +27.14%
       4               1  6715      嘉基                   93.00          0.00    87.93%    354.00   393.00   339.50   393.00      451.00   479.50   440.50   459.50    +66.50   +16.92%
       5               4  3443      創意                 2350.00          0.00    86.55%   6070.00  6295.00  6050.00  6170.00     8325.00  8540.00  8200.00  8385.00  +2215.00   +35.90%
       6               7  3605      宏致                   41.50          0.00    77.89%    130.00   140.00   129.00   140.00      174.50   188.50   174.50   180.00    +40.00   +28.57%
       7              11  3055      蔚華科                  45.50          0.00    76.36%    161.00   167.00   158.00   164.00      206.50   226.00   200.50   203.50    +39.50   +24.09%
       8               6  7799      禾榮科                 127.50         14.00    72.19%    430.00   457.00   424.00   457.00      508.00   558.00   508.00   531.00    +74.00   +16.19%
       9              12  2404      漢唐                  215.00          0.00    68.48%   1040.00  1060.00  1030.00  1035.00     1160.00  1250.00  1140.00  1250.00   +215.00   +20.77%
      10               8  6957      裕慶-KY                61.50          0.00    67.95%    246.00   260.00   246.00   258.50      300.00   305.00   295.00   295.50    +37.00   +14.31%
      11              10  1560      中砂                  209.00          0.00    66.48%    740.00   754.00   739.00   741.00      955.00   992.00   947.00   955.00   +214.00   +28.88%
      12              13  3665      貿聯-KY               415.00         55.00    62.63%   1980.00  2030.00  1935.00  1995.00     2290.00  2340.00  2240.00  2340.00   +345.00   +17.29%
      13              14  4770      上品                   46.50          0.00    56.57%    220.00   225.50   220.00   220.50      261.50   275.00   256.50   275.00    +54.50   +24.72%
      14              18  1727      中華化                  10.50          0.00    55.13%     91.50    98.70    90.90    95.60      105.00   116.50   103.00   116.50    +20.90   +21.86%
      15               9  6933      AMAX-KY              91.00         24.50    54.45%    286.00   314.50   282.50   314.50      320.00   350.00   320.00   350.00    +35.50   +11.29%
      16              25  7749      意騰-KY                39.00          0.00    52.02%    351.00   362.00   350.50   359.00      377.00   411.50   377.00   402.00    +43.00   +11.98%
      17              35  6861      睿生光電                 58.00         14.00    51.04%    227.50   233.50   219.00   223.00      267.00   290.00   265.00   273.00    +50.00   +22.42%
      18              19  2033      佳大                    0.00          0.00    48.50%     26.00    28.05    25.80    28.05       39.70    40.25    36.20    37.30     +9.25   +32.98%
      19              17  4956      光鋐                    0.00          0.00    48.38%     31.80    35.25    31.80    35.25       42.35    46.40    42.10    43.55     +8.30   +23.55%
      20              24  1709      和益                    0.00          0.00    48.33%     35.95    39.05    35.90    39.05       47.50    50.50    45.50    48.30     +9.25   +23.69%
      21              15  7610      聯友金屬-創              305.00        135.00    47.22%   1685.00  1810.00  1630.00  1730.00     1905.00  1905.00  1825.00  1825.00    +95.00    +5.49%
      22              16  6426      統新                  109.00         18.00    46.58%    303.00   330.00   303.00   330.00      359.00   391.50   357.00   391.50    +61.50   +18.64%
      23              38  2241      艾姆勒                   0.00          0.00    46.26%     33.50    34.00    32.80    33.65       40.80    44.00    39.40    43.65    +10.00   +29.72%
      24              22  3031      佰鴻                    0.00          0.00    45.96%     22.80    24.60    22.80    24.25       27.95    29.30    27.35    28.30     +4.05   +16.70%
      25              21  2305      全友                    0.00          0.00    45.82%     44.50    49.40    44.10    49.40       61.30    65.60    60.40    63.60    +14.20   +28.74%
      26              34  2030      彰源                    0.00          0.00    44.92%     22.50    22.70    22.35    22.70       27.60    29.95    26.35    27.65     +4.95   +21.81%
      27              30  7768      頌勝科技                 37.00          0.00    44.14%    252.00   262.00   252.00   260.00      292.00   293.50   289.00   292.00    +32.00   +12.31%
      28              20  2493      揚博                   47.00         23.50    43.63%    173.00   188.00   170.50   188.00      195.00   199.50   189.00   197.00     +9.00    +4.79%
      29              46  3563      牧德                  122.00         11.00    43.38%    648.00   653.00   640.00   642.00      720.00   774.00   715.00   753.00   +111.00   +17.29%
      30              36  3035      智原                   23.50          0.00    42.49%    170.50   174.50   170.50   173.50      203.00   209.00   201.00   204.00    +30.50   +17.58%
      31              23  6168      宏齊                    0.00          0.00    42.19%     29.40    32.15    29.40    32.15       43.50    43.50    40.20    41.20     +9.05   +28.15%
      32              40  3016      嘉晶                   25.00          0.00    42.05%    110.50   116.00   107.50   115.50      145.00   145.50   141.50   145.50    +30.00   +25.97%
      33              28  2424      隴華                    0.00          0.00    42.04%      7.70     8.76     7.70     8.60        8.04     8.10     8.04     8.10     -0.50    -5.81%
      34              37  6902      GOGOLOOK             41.00          0.00    41.36%    124.50   125.50   123.00   125.50      170.50   176.50   167.50   168.50    +43.00   +34.26%
      35              27  3437      榮創                    0.00          0.00    41.09%     17.50    18.70    17.50    18.50       21.30    23.00    21.30    21.60     +3.10   +16.76%
      36              32  6742      澤米                    0.00          0.00    40.76%     44.80    46.65    44.80    46.60       52.30    57.80    52.30    55.20     +8.60   +18.45%
      37              66  6166      凌華                   11.00          0.00    40.02%    110.50   110.50   107.50   109.50      128.00   135.00   126.50   126.50    +17.00   +15.53%
      38              48  2254      巨鎧精密-創                0.00          0.00    39.51%     73.10    77.00    73.00    74.20       82.30    87.10    82.10    86.60    +12.40   +16.71%
      39              33  3094      聯傑                    0.00          0.00    39.32%     42.25    45.00    42.25    44.55       53.00    57.80    51.60    54.30     +9.75   +21.89%
      40              67  6278      台表科                  31.00          0.00    38.95%    187.50   188.00   182.50   183.00      212.50   218.00   204.50   209.00    +26.00   +14.21%
==========================================================================================================================================================================
✅ 共 40 筆


══════════════════════════════════════════════════════════════════════════════════════════════════════════════
  🔄 第  5/5 次  2026/09/15 ～ 2026/09/22
══════════════════════════════════════════════════════════════════════════════════════════════════════════════

==========================================================================================================================================================================
📊 動能效率優先權分數排名 (2026/09/15 ~ 2026/09/22)
==========================================================================================================================================================================
    實資排名          累計天數排名  代號        名稱                 累計漲停(元)       累計跌停(元)       強度%  (09/15)開盤      最高      最低      收盤    (09/22)開盤      最高      最低      收盤      賺賠    賺賠率
--------------------------------------------------------------------------------------------------------------------------------------------------------------------------
       1               1  6715      嘉基                  104.50          0.00   100.00%    333.50   380.00   333.50   357.50      451.50   469.50   445.00   451.50    +94.00   +26.29%
       2               3  3055      蔚華科                  45.50          0.00    68.95%    161.00   162.50   156.50   157.50      196.00   206.50   189.50   206.50    +49.00   +31.11%
       3               2  6957      裕慶-KY                61.50          0.00    65.11%    244.00   245.00   238.00   245.00      297.50   312.00   292.00   303.00    +58.00   +23.67%
       4               5  3665      貿聯-KY               345.00         55.00    58.60%   1940.00  2020.00  1925.00  1980.00     2335.00  2345.00  2215.00  2245.00   +265.00   +13.38%
       5               7  3605      宏致                   41.50          0.00    58.53%    124.50   129.50   122.00   127.50      177.00   177.00   165.00   171.50    +44.00   +34.51%
       6               4  8996      高力                  435.00         15.00    56.44%   1245.00  1260.00  1200.00  1220.00     1520.00  1655.00  1490.00  1655.00   +435.00   +35.66%
       7               6  7799      禾榮科                 104.50         14.00    53.64%    410.00   424.00   408.00   415.50      522.00   534.00   503.00   508.00    +92.50   +22.26%
       8               8  6526      達發                  135.00          0.00    50.45%    637.00   637.00   623.00   623.00      736.00   796.00   733.00   764.00   +141.00   +22.63%
       9              12  2033      佳大                    0.00          0.00    42.39%     26.70    27.05    25.45    25.50       35.00    37.30    34.60    37.30    +11.80   +46.27%
      10              15  3443      創意                 2340.00        365.00    42.34%   6400.00  6455.00  6035.00  6035.00     8370.00  8375.00  8370.00  8375.00  +2340.00   +38.77%
      11               9  2404      漢唐                  125.00          0.00    41.86%   1015.00  1050.00  1015.00  1035.00     1140.00  1175.00  1130.00  1140.00   +105.00   +10.14%
      12              10  7749      意騰-KY                30.50          0.00    39.33%    339.00   354.50   338.50   352.50      384.00   384.50   374.00   380.00    +27.50    +7.80%
      13              13  6902      GOGOLOOK             41.00          0.00    39.06%    124.00   126.00   122.50   124.50      167.00   170.50   161.50   169.50    +45.00   +36.14%
      14              17  6168      宏齊                    0.00          0.00    38.81%     29.65    30.20    29.20    29.25       45.00    45.60    42.10    44.00    +14.75   +50.43%
      15              18  1709      和益                    0.00          0.00    38.30%     36.00    36.35    34.30    35.50       43.10    47.40    41.35    45.95    +10.45   +29.44%
      16              11  2424      隴華                    0.00          0.00    37.67%      7.70     7.98     7.70     7.97        7.90     8.46     7.90     8.25     +0.28    +3.51%
      17              19  1560      中砂                  209.00         18.00    37.37%    746.00   752.00   735.00   735.00      935.00   960.00   929.00   950.00   +215.00   +29.25%
      18              24  7768      頌勝科技                 37.00          0.00    37.35%    252.00   255.00   252.00   252.50      301.00   311.00   293.50   293.50    +41.00   +16.24%
      19              26  6861      睿生光電                 58.00         14.00    36.78%    235.50   242.50   222.00   228.00      247.00   270.50   242.50   267.00    +39.00   +17.11%
      20              21  3031      佰鴻                    0.00          0.00    36.46%     23.35    23.55    23.00    23.00       28.10    28.75    27.30    28.70     +5.70   +24.78%
      21              14  2308      台達電                 305.00         25.00    36.00%   1590.00  1715.00  1585.00  1670.00     1965.00  1965.00  1900.00  1900.00   +230.00   +13.77%
      22              34  4956      光鋐                    0.00          0.00    35.84%     33.10    33.40    32.05    32.05       47.00    47.10    42.20    42.20    +10.15   +31.67%
      23              16  2493      揚博                   47.00         23.50    35.82%    170.50   174.50   169.50   171.00      185.00   201.00   182.50   194.50    +23.50   +13.74%
      24              20  8103      瀚荃                   12.00          0.00    34.61%    111.00   116.50   111.00   114.00      130.50   130.50   121.50   122.50     +8.50    +7.46%
      25              28  6278      台表科                  31.00          0.00    34.27%    186.00   187.00   180.50   180.50      202.00   213.50   200.00   213.50    +33.00   +18.28%
      26              25  2305      全友                    0.00          0.00    34.27%     45.60    48.05    44.20    44.95       57.50    60.00    56.80    60.00    +15.05   +33.48%
      27              33  2030      彰源                    0.00          0.00    33.88%     23.25    23.25    22.10    22.20       24.30    27.25    24.30    27.25     +5.05   +22.75%
      28              32  2449      京元電子                 52.00          0.00    33.78%    260.50   261.50   256.50   257.00      314.00   330.00   312.00   317.00    +60.00   +23.35%
      29              55  6166      凌華                   11.00          0.00    33.24%    112.00   112.00   108.00   109.00      126.50   133.00   125.00   127.00    +18.00   +16.51%
      30              27  3035      智原                   23.50          0.00    33.22%    172.50   172.50   169.00   170.00      196.00   210.00   195.50   203.00    +33.00   +19.41%
      31              23  6668      中揚光                   0.00          0.00    32.88%     41.50    45.50    40.80    42.70       50.00    51.50    48.95    49.40     +6.70   +15.69%
      32              41  6257      矽格                   34.50          0.00    32.69%    210.00   214.50   207.50   207.50      257.00   263.00   248.50   249.00    +41.50   +20.00%
      33              40  4770      上品                   21.50          0.00    32.60%    226.50   226.50   219.00   220.00      260.50   262.00   248.00   250.00    +30.00   +13.64%
      34              36  2241      艾姆勒                   0.00          0.00    32.36%     33.65    34.00    33.25    33.35       38.00    41.05    36.85    41.05     +7.70   +23.09%
      35              37  3016      嘉晶                   12.00          0.00    32.18%    113.00   119.00   107.50   110.00      125.00   132.50   124.50   132.50    +22.50   +20.45%
      36              60  6805      富世達                 475.00        140.00    32.11%   2175.00  2195.00  2010.00  2025.00     2500.00  2565.00  2470.00  2500.00   +475.00   +23.46%
      37              22  8028      昇陽半導體                24.00          0.00    31.81%    221.00   231.50   220.00   226.50      262.00   274.00   257.00   263.50    +37.00   +16.34%
      38              48  8466      美吉吉-KY                0.00          0.00    31.43%     13.50    13.75    13.50    13.60       16.35    16.80    15.90    16.00     +2.40   +17.65%
      39              30  2254      巨鎧精密-創                0.00          0.00    31.27%     70.90    74.40    70.90    73.10       79.10    82.10    79.10    82.10     +9.00   +12.31%
      40              46  3437      榮創                    0.00          0.00    31.14%     17.95    17.95    17.50    17.50       22.30    22.40    21.50    21.60     +4.10   +23.43%
==========================================================================================================================================================================
✅ 共 40 筆
