
██████████████████████████████████████████████████████████████████████████████████████████████████████████████
  📅 天數組合: 3 日  →  輸出檔: s13_03.txt
██████████████████████████████████████████████████████████████████████████████████████████████████████████████

🔁 共執行 3 次，每次區間長度 4 個交易日

══════════════════════════════════════════════════════════════════════════════════════════════════════════════
  🔄 第  1/3 次  2026/09/23 ～ 2026/09/30
══════════════════════════════════════════════════════════════════════════════════════════════════════════════

==========================================================================================================================================================================
📊 動能效率優先權分數排名 (2026/09/23 ~ 2026/09/30)
==========================================================================================================================================================================
    實資排名          累計天數排名  代號        名稱                 累計漲停(元)       累計跌停(元)       強度%  (09/23)開盤      最高      最低      收盤    (09/30)開盤      最高      最低      收盤      賺賠    賺賠率
--------------------------------------------------------------------------------------------------------------------------------------------------------------------------
       1               1  6533      晶心科                  82.50          0.00   100.00%    259.00   264.00   249.50   251.00      316.00   333.50   301.00   333.50    +82.50   +32.87%
       2               2  8046      南電                  175.00          0.00    76.47%   1185.00  1225.00  1150.00  1210.00     1285.00  1340.00  1250.00  1340.00   +130.00   +10.74%
       3               3  6672      騰輝電子-KY              64.00          0.00    69.57%    302.00   310.00   298.00   307.00      337.50   369.00   335.50   369.00    +62.00   +20.20%
       4               5  6225      天瀚                    0.00          0.00    63.80%     46.20    46.20    46.20    46.20       60.10    60.90    60.10    60.90    +14.70   +31.82%
       5               4  3016      嘉晶                   40.00          0.00    63.73%    145.00   145.50   141.50   145.50      170.00   172.50   165.00   169.00    +23.50   +16.15%
       6               8  8039      台虹                   42.00          0.00    53.45%    264.00   264.00   253.00   256.00      279.50   300.50   277.50   300.50    +44.50   +17.38%
       7              10  7822      倍利科                 133.00          0.00    52.91%    888.00   892.00   866.00   883.00      998.00  1025.00   989.00   998.00   +115.00   +13.02%
       8               7  6691      洋基工程                 97.00         13.00    50.49%    639.00   651.00   632.00   646.00      666.00   719.00   665.00   719.00    +73.00   +11.30%
       9               6  2404      漢唐                  215.00         65.00    48.48%   1160.00  1250.00  1140.00  1250.00     1230.00  1300.00  1230.00  1290.00    +40.00    +3.20%
      10               9  1727      中華化                  10.50          9.50    46.84%    105.00   116.50   103.00   116.50      117.00   117.00   108.00   109.00     -7.50    -6.44%
      11              13  6861      睿生光電                 28.50          0.00    44.66%    267.00   290.00   265.00   273.00      294.00   313.50   294.00   313.50    +40.50   +14.84%
      12              11  9110      越南控-DR                0.00          0.00    44.32%      2.52     2.92     2.52     2.92        2.70     2.99     2.70     2.99     +0.07    +2.40%
      13              12  3653      健策                 1090.00        120.00    44.15%   6005.00  6410.00  5930.00  6410.00     6980.00  7080.00  6720.00  6800.00   +390.00    +6.08%
      14              14  6196      帆宣                   71.00         21.00    41.93%    538.00   558.00   534.00   549.00      552.00   588.00   551.00   585.00    +36.00    +6.56%
      15              17  1303      南亞                   10.50          0.00    41.05%    232.00   235.00   223.00   227.50      250.50   265.00   245.50   255.50    +28.00   +12.31%
      16              18  3665      貿聯-KY               350.00          0.00    39.71%   2290.00  2340.00  2240.00  2340.00     2500.00  2685.00  2485.00  2595.00   +255.00   +10.90%
      17              16  3563      牧德                   96.00          0.00    39.49%    720.00   774.00   715.00   753.00      811.00   825.00   784.00   807.00    +54.00    +7.17%
      18              20  2342      茂矽                    0.00          0.00    37.87%     42.65    46.35    42.45    46.35       49.15    51.40    49.10    50.30     +3.95    +8.52%
      19              15  6933      AMAX-KY              66.50          0.00    37.85%    320.00   350.00   320.00   350.00      380.50   392.00   371.00   371.00    +21.00    +6.00%
      20              19  2241      艾姆勒                   0.00          0.00    37.71%     40.80    44.00    39.40    43.65       43.50    47.90    43.45    46.15     +2.50    +5.73%
      21              27  8028      昇陽半導體                31.00          0.00    36.13%    264.00   265.00   254.00   258.00      292.00   292.00   281.00   282.50    +24.50    +9.50%
      22              24  2340      台亞                    0.00          0.00    35.06%     34.25    37.30    34.25    34.35       38.50    41.50    37.70    40.80     +6.45   +18.78%
      23              21  3167      大量                   85.00         62.00    34.92%    873.00   903.00   860.00   890.00      902.00   906.00   879.00   887.00     -3.00    -0.34%
      24              26  3591      艾笛森                   0.00          0.00    33.93%     24.00    25.55    24.00    24.60       26.45    27.80    26.45    27.45     +2.85   +11.59%
      25              28  3094      聯傑                    0.00          0.00    33.06%     53.00    57.80    51.60    54.30       62.10    62.50    59.00    61.60     +7.30   +13.44%
      26              22  6526      達發                  102.00         26.00    32.96%    777.00   840.00   761.00   840.00      830.00   855.00   819.00   840.00     +0.00    +0.00%
      27              23  3042      晶技                   14.50          0.00    32.74%    186.50   201.50   179.00   198.00      208.50   218.50   206.00   210.00    +12.00    +6.06%
      28              35  4551      智伸科                  16.00          0.00    32.22%    159.00   168.00   159.00   163.50      183.50   188.00   173.50   174.50    +11.00    +6.73%
      29              25  3037      欣興                   75.00         20.00    31.55%   1120.00  1200.00  1115.00  1160.00     1175.00  1190.00  1155.00  1175.00    +15.00    +1.29%
      30              30  5292      華懋                   11.50          0.00    31.30%    217.00   219.00   210.00   218.50      216.50   234.00   216.50   230.00    +11.50    +5.26%
      31              29  3532      台勝科                  27.50          0.00    31.22%    442.00   460.00   430.50   445.00      459.50   488.50   453.00   471.00    +26.00    +5.84%
      32              34  4545      銘鈺                    0.00          0.00    31.15%     33.65    33.65    33.35    33.40       35.80    39.10    35.80    39.10     +5.70   +17.07%
      33              54  1597      直得                   13.00          0.00    31.04%    137.00   138.00   132.50   133.50      148.50   155.00   146.00   146.50    +13.00    +9.74%
      34              31  2466      冠西電                  11.00          0.00    30.97%    117.00   120.00   112.00   113.50      115.00   124.50   115.00   124.50    +11.00    +9.69%
      35              36  6957      裕慶-KY                75.50          0.00    30.58%    300.00   305.00   295.00   295.50      365.00   371.00   356.00   371.00    +75.50   +25.55%
      36              43  3673      TPK-KY                0.00          0.00    30.55%     66.30    67.50    64.80    64.80       69.10    75.50    68.90    75.50    +10.70   +16.51%
      37              40  2305      全友                    0.00          0.00    30.34%     61.30    65.60    60.40    63.60       70.00    72.50    66.40    68.70     +5.10    +8.02%
      38              33  2025      千興                    0.00          0.00    30.33%     12.55    12.65    12.45    12.65       13.50    14.65    13.40    14.65     +2.00   +15.81%
      39              45  3518      柏騰                    0.00          0.00    29.78%     32.15    32.80    31.85    32.45       40.50    41.10    40.05    41.10     +8.65   +26.66%
      40              37  6456      GIS-KY                0.00          0.00    29.69%     76.50    80.90    76.50    78.60       91.50    95.70    89.50    92.00    +13.40   +17.05%
==========================================================================================================================================================================
✅ 共 40 筆


══════════════════════════════════════════════════════════════════════════════════════════════════════════════
  🔄 第  2/3 次  2026/09/22 ～ 2026/09/29
══════════════════════════════════════════════════════════════════════════════════════════════════════════════

==========================================================================================================================================================================
📊 動能效率優先權分數排名 (2026/09/22 ~ 2026/09/29)
==========================================================================================================================================================================
    實資排名          累計天數排名  代號        名稱                 累計漲停(元)       累計跌停(元)       強度%  (09/22)開盤      最高      最低      收盤    (09/29)開盤      最高      最低      收盤      賺賠    賺賠率
--------------------------------------------------------------------------------------------------------------------------------------------------------------------------
       1               1  3016      嘉晶                   52.00          0.00   100.00%    125.00   132.50   124.50   132.50      165.00   176.00   161.50   172.50    +40.00   +30.19%
       2               3  8046      南電                  210.00          0.00    75.17%   1125.00  1165.00  1120.00  1165.00     1210.00  1280.00  1200.00  1270.00   +105.00    +9.01%
       3               8  6533      晶心科                  52.50          0.00    72.40%    268.50   278.50   254.50   254.50      272.50   303.50   268.00   303.50    +49.00   +19.25%
       4               2  3563      牧德                  134.00          0.00    71.84%    667.00   715.00   667.00   711.00      773.00   815.00   773.00   794.00    +83.00   +11.67%
       5               7  7822      倍利科                 126.00          0.00    70.97%    853.00   880.00   845.00   865.00      930.00   986.00   925.00   976.00   +111.00   +12.83%
       6               4  6861      睿生光電                 21.00          0.00    66.66%    247.00   270.50   242.50   267.00      271.00   288.00   270.50   285.00    +18.00    +6.74%
       7              10  6225      天瀚                    0.00          0.00    66.55%     51.30    51.30    51.30    51.30       46.35    55.40    46.35    55.40     +4.10    +7.99%
       8               5  3167      大量                  143.00         46.00    63.24%    815.00   868.00   812.00   864.00      936.00   946.00   895.00   903.00    +39.00    +4.51%
       9               6  1727      中華化                  10.50          0.00    62.51%    103.00   107.00    99.60   106.00      113.00   122.00   104.00   118.50    +12.50   +11.79%
      10              11  3653      健策                 1130.00         25.00    58.84%   5985.00  6050.00  5780.00  5830.00     7000.00  7160.00  6850.00  6895.00  +1065.00   +18.27%
      11              16  8028      昇陽半導體                31.00          0.00    52.56%    262.00   274.00   257.00   263.50      270.50   295.50   269.50   289.00    +25.50    +9.68%
      12               9  6526      達發                  116.00         26.00    52.10%    736.00   796.00   733.00   764.00      825.00   833.00   800.00   814.00    +50.00    +6.54%
      13              12  2404      漢唐                  155.00         65.00    51.96%   1140.00  1175.00  1130.00  1140.00     1250.00  1255.00  1180.00  1220.00    +80.00    +7.02%
      14              13  6933      AMAX-KY              66.50          0.00    48.33%    326.00   330.50   317.00   318.50      385.50   395.00   375.50   378.00    +59.50   +18.68%
      15              22  4551      智伸科                  16.00          0.00    46.27%    159.50   162.00   156.00   157.00      162.50   179.50   162.00   179.50    +22.50   +14.33%
      16              14  2241      艾姆勒                   0.00          0.00    44.43%     38.00    41.05    36.85    41.05       43.00    44.50    41.20    44.00     +2.95    +7.19%
      17              23  6944      兆聯實業                 55.00          0.00    43.92%    719.00   735.00   715.00   722.00      763.00   795.00   760.00   776.00    +54.00    +7.48%
      18              15  2030      彰源                    0.00          0.00    43.26%     24.30    27.25    24.30    27.25       33.40    33.40    33.40    33.40     +6.15   +22.57%
      19              19  3037      欣興                  165.00         20.00    42.97%   1120.00  1120.00  1105.00  1120.00     1170.00  1185.00  1130.00  1165.00    +45.00    +4.02%
      20              20  2342      茂矽                    0.00          0.00    42.18%     41.25    43.00    41.25    42.15       47.00    53.00    46.85    50.10     +7.95   +18.86%
      21              21  2305      全友                    0.00          0.00    42.06%     57.50    60.00    56.80    60.00       61.70    69.10    61.10    69.10     +9.10   +15.17%
      22              17  6278      台表科                  19.00          0.00    41.67%    202.00   213.50   200.00   213.50      209.00   221.50   209.00   216.00     +2.50    +1.17%
      23              28  4195      基米-創                  0.00          0.00    41.26%     13.00    13.20    12.85    12.90       14.40    15.80    14.40    15.80     +2.90   +22.48%
      24              33  5234      達興材料                 29.00          0.00    39.59%    298.00   299.00   294.50   296.50      294.50   322.00   294.00   322.00    +25.50    +8.60%
      25              18  8996      高力                  205.00        125.00    37.96%   1520.00  1655.00  1490.00  1655.00     1505.00  1625.00  1480.00  1585.00    -70.00    -4.23%
      26              45  6672      騰輝電子-KY              30.50          0.00    36.72%    315.00   315.00   300.00   302.00      330.50   335.50   321.00   335.50    +33.50   +11.09%
      27              25  3035      智原                   12.00          0.00    36.34%    196.00   210.00   195.50   203.00      208.00   217.00   204.50   210.00     +7.00    +3.45%
      28              30  2254      巨鎧精密-創                0.00          0.00    36.03%     79.10    82.10    79.10    82.10       89.20    92.10    89.20    91.80     +9.70   +11.81%
      29              34  2032      新鋼                    0.00          0.00    36.01%     17.00    17.80    16.90    17.45       18.90    20.40    18.80    19.90     +2.45   +14.04%
      30              26  3189      景碩                  138.00          0.00    35.88%    875.00   909.00   875.00   909.00      960.00   969.00   939.00   955.00    +46.00    +5.06%
      31              35  3031      佰鴻                    0.00          0.00    35.70%     28.10    28.75    27.30    28.70       30.35    31.65    30.30    31.25     +2.55    +8.89%
      32              40  6691      洋基工程                 32.00         13.00    35.43%    641.00   649.00   634.00   635.00      657.00   665.00   645.00   654.00    +19.00    +2.99%
      33              32  6805      富世達                 185.00         85.00    35.02%   2500.00  2565.00  2470.00  2500.00     2455.00  2550.00  2420.00  2515.00    +15.00    +0.60%
      34              29  3055      蔚華科                  18.50          0.00    34.58%    196.00   206.50   189.50   206.50      196.00   207.50   191.50   203.50     -3.00    -1.45%
      35              62  1303      南亞                   10.50          0.00    34.55%    245.00   251.50   230.50   231.50      236.00   248.00   235.50   247.00    +15.50    +6.70%
      36              39  6957      裕慶-KY                55.00          0.00    34.40%    297.50   312.00   292.00   303.00      334.50   337.50   307.50   337.50    +34.50   +11.39%
      37              44  6405      悅城                    0.00          0.00    34.24%     41.60    44.50    41.40    41.95       41.10    45.55    40.95    45.55     +3.60    +8.58%
      38              31  8438      昶昕                    0.00          0.00    34.16%     68.70    75.50    68.50    74.60       76.90    83.40    76.60    80.00     +5.40    +7.24%
      39              41  3518      柏騰                    0.00          0.00    34.08%     31.85    33.25    31.85    32.25       35.00    37.40    35.00    37.40     +5.15   +15.97%
      40              24  2493      揚博                   11.50          0.00    34.08%    185.00   201.00   182.50   194.50      190.00   202.00   190.00   196.00     +1.50    +0.77%
==========================================================================================================================================================================
✅ 共 40 筆


══════════════════════════════════════════════════════════════════════════════════════════════════════════════
  🔄 第  3/3 次  2026/09/21 ～ 2026/09/24
══════════════════════════════════════════════════════════════════════════════════════════════════════════════

==========================================================================================================================================================================
📊 動能效率優先權分數排名 (2026/09/21 ~ 2026/09/24)
==========================================================================================================================================================================
    實資排名          累計天數排名  代號        名稱                 累計漲停(元)       累計跌停(元)       強度%  (09/21)開盤      最高      最低      收盤    (09/24)開盤      最高      最低      收盤      賺賠    賺賠率
--------------------------------------------------------------------------------------------------------------------------------------------------------------------------
       1               1  6861      睿生光電                 37.50          0.00   100.00%    235.00   252.00   234.00   246.00      266.50   290.00   266.00   279.50    +33.50   +13.62%
       2               3  3016      嘉晶                   39.50          0.00    91.92%    118.00   123.00   115.50   120.50      147.50   160.00   147.00   160.00    +39.50   +32.78%
       3               2  6526      達發                  149.00          0.00    90.96%    700.00   734.00   688.00   724.00      845.00   862.00   818.00   840.00   +116.00   +16.02%
       4               4  3653      健策                 1395.00          0.00    89.85%   5765.00  5890.00  5700.00  5790.00     6560.00  6920.00  6215.00  6920.00  +1130.00   +19.52%
       5               6  2404      漢唐                  155.00          0.00    70.62%   1125.00  1160.00  1090.00  1130.00     1255.00  1285.00  1205.00  1285.00   +155.00   +13.72%
       6               5  3055      蔚華科                  35.50          0.00    68.62%    168.00   188.00   167.00   188.00      201.50   208.00   195.50   199.00    +11.00    +5.85%
       7               8  3037      欣興                  204.00          0.00    68.18%    999.00  1055.00   999.00  1020.00     1155.00  1190.00  1145.00  1185.00   +165.00   +16.18%
       8               7  8996      高力                  225.00        125.00    61.30%   1430.00  1520.00  1405.00  1505.00     1555.00  1560.00  1480.00  1530.00    +25.00    +1.66%
       9              10  2241      艾姆勒                   0.00          0.00    60.45%     35.05    37.35    34.50    37.35       41.85    44.90    41.85    43.60     +6.25   +16.73%
      10               9  6166      凌華                   11.00          0.00    59.98%    115.00   125.50   114.50   125.50      126.50   133.00   125.00   132.00     +6.50    +5.18%
      11              11  3605      宏致                   15.00          0.00    58.12%    154.00   169.00   151.00   169.00      179.50   186.50   178.50   183.50    +14.50    +8.58%
      12              12  6957      裕慶-KY                44.00          0.00    57.72%    274.50   295.00   272.50   290.00      298.50   307.00   287.00   307.00    +17.00    +5.86%
      13              14  1727      中華化                  10.50          0.00    57.69%    107.00   109.50   100.50   103.00      114.00   125.00   109.00   115.50    +12.50   +12.14%
      14              15  3443      創意                 1375.00          0.00    56.14%   7395.00  7755.00  7030.00  7615.00     8300.00  8545.00  8205.00  8525.00   +910.00   +11.95%
      15              13  6805      富世達                 305.00         70.00    55.78%   2325.00  2445.00  2300.00  2415.00     2570.00  2615.00  2505.00  2530.00   +115.00    +4.76%
      16              18  3167      大量                  143.00         28.00    53.69%    834.00   836.00   805.00   806.00      889.00   968.00   871.00   949.00   +143.00   +17.74%
      17              17  2030      彰源                    0.00          0.00    53.36%     24.80    24.80    23.95    24.80       28.10    30.40    27.90    30.40     +5.60   +22.58%
      18              16  7749      意騰-KY                39.00          0.00    52.56%    361.00   380.00   360.50   377.50      405.00   405.00   392.50   395.50    +18.00    +4.77%
      19              19  7822      倍利科                  70.00          0.00    52.38%    850.00   851.00   836.00   850.00      879.00   926.00   878.00   920.00    +70.00    +8.24%
      20              20  6225      天瀚                    0.00          0.00    51.90%     57.90    60.10    55.60    56.90       41.60    50.80    41.60    50.40     -6.50   -11.42%
      21              25  3042      晶技                   14.50          0.00    47.62%    186.50   186.50   183.00   183.50      196.00   212.00   189.00   203.00    +19.50   +10.63%
      22              21  1560      中砂                   70.00          0.00    47.40%    903.00   916.00   861.00   914.00      950.00   975.00   945.00   971.00    +57.00    +6.24%
      23              27  2454      聯發科                 570.00          0.00    46.14%   4800.00  5035.00  4780.00  5010.00     5105.00  5360.00  5105.00  5285.00   +275.00    +5.49%
      24              28  7768      頌勝科技                 26.00          0.00    46.09%    289.00   306.00   283.50   299.50      292.00   312.00   292.00   304.50     +5.00    +1.67%
      25              23  6715      嘉基                   18.50          0.00    45.80%    433.00   475.00   433.00   451.50      462.50   472.50   459.00   468.50    +17.00    +3.77%
      26              24  6456      GIS-KY                0.00          0.00    45.80%     66.70    71.90    65.90    71.90       78.00    82.50    75.60    81.30     +9.40   +13.07%
      27              30  6944      兆聯實業                 39.00          0.00    45.69%    708.00   724.00   705.00   712.00      730.00   762.00   730.00   760.00    +48.00    +6.74%
      28              26  3563      牧德                  109.00         11.00    45.36%    677.00   677.00   660.00   660.00      760.00   777.00   739.00   769.00   +109.00   +16.52%
      29              29  2254      巨鎧精密-創                0.00          0.00    44.47%     76.80    78.80    76.80    78.80       86.80    89.40    86.20    88.80    +10.00   +12.69%
      30              31  4566      時碩工業                  0.00          0.00    44.34%     64.60    65.90    64.20    65.90       67.00    74.30    66.90    74.30     +8.40   +12.75%
      31              22  1709      和益                    0.00          0.00    43.38%     39.20    43.10    39.05    43.10       45.85    46.45    43.50    43.50     +0.40    +0.93%
      32              32  3189      景碩                  138.00          0.00    43.32%    849.00   878.00   824.00   827.00      938.00   996.00   929.00   962.00   +135.00   +16.32%
      33              38  6672      騰輝電子-KY              30.50          0.00    43.16%    306.50   316.00   304.00   310.00      315.00   337.50   315.00   337.50    +27.50    +8.87%
      34              34  2342      茂矽                    0.00          0.00    42.69%     41.15    41.75    40.45    41.00       47.20    50.90    46.55    48.20     +7.20   +17.56%
      35              36  6902      GOGOLOOK             28.50          0.00    42.47%    155.00   155.00   155.00   155.00      170.00   183.00   167.50   176.50    +21.50   +13.87%
      36              41  3031      佰鴻                    0.00          0.00    41.22%     27.95    29.85    27.30    28.10       28.30    31.05    28.25    30.45     +2.35    +8.36%
      37              49  6933      AMAX-KY              66.50         24.50    41.03%    345.00   348.00   316.00   317.50      367.50   385.00   355.00   385.00    +67.50   +21.26%
      38              37  6278      台表科                  19.00          0.00    40.73%    197.00   198.00   193.50   194.50      207.50   214.50   204.50   212.00    +17.50    +9.00%
      39              35  2466      冠西電                   0.00          0.00    40.71%    104.50   110.00   104.50   110.00      113.50   120.50   113.00   119.50     +9.50    +8.64%
      40              46  1809      中釉                    0.00          0.00    40.25%     38.60    39.90    38.20    39.00       42.35    45.35    42.30    45.35     +6.35   +16.28%
==========================================================================================================================================================================
✅ 共 40 筆
