
██████████████████████████████████████████████████████████████████████████████████████████████████████████████
  📅 天數組合: 5 日  →  輸出檔: s14_05.txt
██████████████████████████████████████████████████████████████████████████████████████████████████████████████

🔁 共執行 5 次，每次區間長度 6 個交易日

══════════════════════════════════════════════════════════════════════════════════════════════════════════════
  🔄 第  1/5 次  2026/09/21 ～ 2026/09/30
══════════════════════════════════════════════════════════════════════════════════════════════════════════════

==========================================================================================================================================================================
📊 ROI 每日報酬率累計排名 (2026/09/21 ~ 2026/09/30)
==========================================================================================================================================================================
    實資排名          累計天數排名  代號        名稱                 累計漲停(元)       累計跌停(元)       強度%  (09/21)開盤      最高      最低      收盤    (09/30)開盤      最高      最低      收盤      賺賠    賺賠率
--------------------------------------------------------------------------------------------------------------------------------------------------------------------------
       1               1  2030      彰源                    0.00          0.00   100.00%     24.80    24.80    23.95    24.80       36.60    36.70    36.00    36.70    +11.90   +47.98%
       2              25  3016      嘉晶                   52.00          0.00    97.71%    118.00   123.00   115.50   120.50      170.00   172.50   165.00   169.00    +48.50   +40.25%
       3              21  8201      無敵                    0.00          0.00    95.63%     12.00    12.00    12.00    12.00       15.50    16.05    15.50    16.05     +4.05   +33.75%
       4               6  3518      柏騰                    0.00          0.00    94.25%     31.10    32.30    30.95    31.65       40.50    41.10    40.05    41.10     +9.45   +29.86%
       5              27  6957      裕慶-KY                88.50          0.00    93.66%    274.50   295.00   272.50   290.00      365.00   371.00   356.00   371.00    +81.00   +27.93%
       6               5  6456      GIS-KY                0.00          0.00    93.54%     66.70    71.90    65.90    71.90       91.50    95.70    89.50    92.00    +20.10   +27.96%
       7               4  6861      睿生光電                 49.50          0.00    93.40%    235.00   252.00   234.00   246.00      294.00   313.50   294.00   313.50    +67.50   +27.44%
       8             192  6533      晶心科                  82.50          0.00    93.35%    269.00   270.50   260.00   263.50      316.00   333.50   301.00   333.50    +70.00   +26.57%
       9               3  8046      南電                  280.00          0.00    93.00%   1110.00  1150.00  1050.00  1060.00     1285.00  1340.00  1250.00  1340.00   +280.00   +26.42%
      10              60  2033      佳大                    0.00          0.00    92.58%     33.05    35.25    32.00    33.95       38.85    42.35    38.65    42.35     +8.40   +24.74%
      11              14  2020      美亞                    0.00          0.00    92.55%     21.50    21.60    21.40    21.40       26.70    26.70    26.65    26.70     +5.30   +24.77%
      12              32  1617      榮星                    0.00          0.00    92.28%     18.55    20.10    18.45    19.40       22.75    24.05    22.40    24.05     +4.65   +23.97%
      13              28  4195      基米-創                  0.00          0.00    92.24%     13.20    13.20    13.00    13.00       17.35    17.35    16.00    16.10     +3.10   +23.85%
      14              16  2241      艾姆勒                   0.00          0.00    92.07%     35.05    37.35    34.50    37.35       43.50    47.90    43.45    46.15     +8.80   +23.56%
      15              18  1809      中釉                    0.00          0.00    91.77%     38.60    39.90    38.20    39.00       45.10    48.60    45.05    47.85     +8.85   +22.69%
      16              17  2342      茂矽                    0.00          0.00    91.73%     41.15    41.75    40.45    41.00       49.15    51.40    49.10    50.30     +9.30   +22.68%
      17               8  3563      牧德                  147.00          0.00    91.54%    677.00   677.00   660.00   660.00      811.00   825.00   784.00   807.00   +147.00   +22.27%
      18              73  3593      力銘                    0.00          0.00    91.35%      9.48     9.49     9.07     9.07       10.75    11.00    10.30    11.00     +1.93   +21.28%
      19              92  6405      悅城                    0.00          0.00    91.07%     40.30    42.25    40.30    41.60       50.10    50.10    50.10    50.10     +8.50   +20.43%
      20             118  6672      騰輝電子-KY              64.00          0.00    90.61%    306.50   316.00   304.00   310.00      337.50   369.00   335.50   369.00    +59.00   +19.03%
      21              10  2032      新鋼                    0.00          0.00    90.53%     17.05    17.05    16.80    17.00       20.15    21.00    19.95    20.30     +3.30   +19.41%
      22              42  2340      台亞                    0.00          0.00    90.24%     34.40    34.70    34.00    34.50       38.50    41.50    37.70    40.80     +6.30   +18.26%
      23               9  2025      千興                    0.00          0.00    90.11%     12.40    12.40    12.25    12.40       13.50    14.65    13.40    14.65     +2.25   +18.15%
      24             132  3653      健策                 1130.00        120.00    89.97%   5765.00  5890.00  5700.00  5790.00     6980.00  7080.00  6720.00  6800.00  +1010.00   +17.44%
      25              90  3189      景碩                  153.00          0.00    89.86%    849.00   878.00   824.00   827.00      961.00   972.00   937.00   970.00   +143.00   +17.29%
      26             406  6933      AMAX-KY              66.50          0.00    89.83%    345.00   348.00   316.00   317.50      380.50   392.00   371.00   371.00    +53.50   +16.85%
      27              13  2254      巨鎧精密-創                0.00          0.00    89.80%     76.80    78.80    76.80    78.80       92.20    93.10    92.10    92.60    +13.80   +17.51%
      28               7  7822      倍利科                 148.00          0.00    89.77%    850.00   851.00   836.00   850.00      998.00  1025.00   989.00   998.00   +148.00   +17.41%
      29              65  8438      昶昕                    0.00          0.00    89.74%     68.10    69.70    68.10    69.00       80.00    81.00    78.60    80.80    +11.80   +17.10%
      30             193  2305      全友                    0.00          0.00    89.70%     59.10    61.90    55.50    58.80       70.00    72.50    66.40    68.70     +9.90   +16.84%
      31             250  2409      友達                    0.00          0.00    89.45%     31.85    33.35    31.80    33.35       36.00    38.55    35.65    38.55     +5.20   +15.59%
      32              83  6526      達發                  142.00         26.00    89.43%    700.00   734.00   688.00   724.00      830.00   855.00   819.00   840.00   +116.00   +16.02%
      33              11  2034      允強                    0.00          0.00    89.12%     21.50    21.55    21.15    21.45       24.10    25.00    23.80    24.80     +3.35   +15.62%
      34             550  4545      銘鈺                    0.00          0.00    89.08%     33.50    34.15    33.50    34.00       35.80    39.10    35.80    39.10     +5.10   +15.00%
      35              68  3037      欣興                  175.00         20.00    89.07%    999.00  1055.00   999.00  1020.00     1175.00  1190.00  1155.00  1175.00   +155.00   +15.20%
      36              87  3673      TPK-KY                0.00          0.00    88.98%     64.90    66.80    64.30    65.70       69.10    75.50    68.90    75.50     +9.80   +14.92%
      37             109  6213      聯茂                   79.00          0.00    88.98%    515.00   542.00   510.00   542.00      624.00   649.00   622.00   623.00    +81.00   +14.94%
      38              29  2444      兆勁                    0.00          0.00    88.84%     13.60    13.85    13.60    13.85       15.30    16.50    15.05    15.90     +2.05   +14.80%
      39              44  2404      漢唐                  225.00         65.00    88.79%   1125.00  1160.00  1090.00  1130.00     1230.00  1300.00  1230.00  1290.00   +160.00   +14.16%
      40              31  3042      晶技                   14.50          0.00    88.72%    186.50   186.50   183.00   183.50      208.50   218.50   206.00   210.00    +26.50   +14.44%
==========================================================================================================================================================================
✅ 共 40 筆


══════════════════════════════════════════════════════════════════════════════════════════════════════════════
  🔄 第  2/5 次  2026/09/18 ～ 2026/09/29
══════════════════════════════════════════════════════════════════════════════════════════════════════════════

==========================================================================================================================================================================
📊 ROI 每日報酬率累計排名 (2026/09/18 ~ 2026/09/29)
==========================================================================================================================================================================
    實資排名          累計天數排名  代號        名稱                 累計漲停(元)       累計跌停(元)       強度%  (09/18)開盤      最高      最低      收盤    (09/29)開盤      最高      最低      收盤      賺賠    賺賠率
--------------------------------------------------------------------------------------------------------------------------------------------------------------------------
       1               1  3016      嘉晶                   52.00          0.00   100.00%    116.50   119.00   115.00   116.50      165.00   176.00   161.50   172.50    +56.00   +48.07%
       2               2  6456      GIS-KY                0.00          0.00    97.51%     65.10    65.90    64.20    65.40       85.00    89.40    84.10    89.40    +24.00   +36.70%
       3              13  2030      彰源                    0.00          0.00    96.94%     23.75    24.95    23.45    24.95       33.40    33.40    33.40    33.40     +8.45   +33.87%
       4               6  2241      艾姆勒                   0.00          0.00    95.45%     33.90    34.60    33.75    34.45       43.00    44.50    41.20    44.00     +9.55   +27.72%
       5              28  6957      裕慶-KY                74.50          0.00    94.74%    274.50   279.00   267.50   270.50      334.50   337.50   307.50   337.50    +67.00   +24.77%
       6              10  3653      健策                 1395.00         25.00    94.74%   5520.00  5650.00  5415.00  5525.00     7000.00  7160.00  6850.00  6895.00  +1370.00   +24.80%
       7               4  6861      睿生光電                 37.50          0.00    94.53%    216.00   229.50   216.00   229.50      271.00   288.00   270.50   285.00    +55.50   +24.18%
       8              30  6213      聯茂                  116.00          0.00    94.24%    503.00   525.00   501.00   505.00      620.00   628.00   588.00   620.00   +115.00   +22.77%
       9               8  2342      茂矽                    0.00          0.00    94.02%     40.10    41.20    39.90    41.05       47.00    53.00    46.85    50.10     +9.05   +22.05%
      10             133  8201      無敵                    0.00          0.00    93.89%     11.80    12.35    11.75    12.05       14.60    14.60    14.20    14.60     +2.55   +21.16%
      11               5  3518      柏騰                    0.00          0.00    93.76%     31.50    31.50    30.80    30.90       35.00    37.40    35.00    37.40     +6.50   +21.04%
      12             130  4195      基米-創                  0.00          0.00    93.64%     13.10    13.25    13.10    13.15       14.40    15.80    14.40    15.80     +2.65   +20.15%
      13              21  2444      兆勁                    0.00          0.00    93.38%     12.55    12.75    12.20    12.60       14.60    15.20    14.45    15.05     +2.45   +19.44%
      14             256  3055      蔚華科                  35.50          0.00    93.37%    166.00   173.50   163.50   171.00      196.00   207.50   191.50   203.50    +32.50   +19.01%
      15               3  2254      巨鎧精密-創                0.00          0.00    93.32%     75.20    76.80    74.70    76.80       89.20    92.10    89.20    91.80    +15.00   +19.53%
      16              55  1721      國慶科技                  0.00          0.00    93.22%     22.40    22.40    21.60    22.00       24.30    26.45    24.15    26.10     +4.10   +18.64%
      17              23  3037      欣興                  204.00         20.00    93.21%    973.00   990.00   971.00   981.00     1170.00  1185.00  1130.00  1165.00   +184.00   +18.76%
      18              12  3605      宏致                   15.00          0.00    93.14%    149.50   154.00   142.00   154.00      182.00   190.50   179.00   182.50    +28.50   +18.51%
      19              29  3563      牧德                  134.00         11.00    93.08%    675.00   676.00   665.00   671.00      773.00   815.00   773.00   794.00   +123.00   +18.33%
      20              32  1617      榮星                    0.00          0.00    93.03%     18.70    18.85    18.35    18.55       21.00    21.90    20.95    21.90     +3.35   +18.06%
      21              70  6526      達發                  149.00         26.00    93.01%    643.00   691.00   640.00   691.00      825.00   833.00   800.00   814.00   +123.00   +17.80%
      22              16  6166      凌華                   11.00          0.00    92.98%    113.50   114.50   112.00   114.50      131.00   143.50   130.00   135.00    +20.50   +17.90%
      23              63  2305      全友                    0.00          0.00    92.96%     57.70    59.00    53.80    58.70       61.70    69.10    61.10    69.10    +10.40   +17.72%
      24              34  6168      宏齊                    0.00          0.00    92.71%     37.15    38.85    35.85    38.85       44.40    45.55    44.30    45.20     +6.35   +16.34%
      25              53  8438      昶昕                    0.00          0.00    92.69%     69.50    69.50    67.80    68.50       76.90    83.40    76.60    80.00    +11.50   +16.79%
      26              22  1809      中釉                    0.00          0.00    92.65%     38.00    39.10    37.50    38.60       45.10    47.25    43.05    45.00     +6.40   +16.58%
      27              77  3094      聯傑                    0.00          0.00    92.57%     48.80    51.70    48.60    51.70       53.00    59.70    52.70    59.70     +8.00   +15.47%
      28              31  2032      新鋼                    0.00          0.00    92.56%     17.05    17.15    16.85    17.10       18.90    20.40    18.80    19.90     +2.80   +16.37%
      29             155  6902      GOGOLOOK             28.50         14.00    92.53%    131.50   141.00   131.50   141.00      173.00   175.00   162.00   162.50    +21.50   +15.25%
      30             284  2409      友達                    0.00          0.00    92.53%     30.75    30.80    29.50    30.35       34.40    35.80    33.80    35.05     +4.70   +15.49%
      31              36  8046      南電                  210.00         40.00    92.39%   1105.00  1120.00  1065.00  1100.00     1210.00  1280.00  1200.00  1270.00   +170.00   +15.45%
      32              50  6674      鋐寶科技                  0.00          0.00    92.38%     15.70    15.80    15.45    15.80       18.35    18.35    18.25    18.25     +2.45   +15.51%
      33             311  3189      景碩                  138.00          0.00    92.22%    828.00   850.00   815.00   832.00      960.00   969.00   939.00   955.00   +123.00   +14.78%
      34              11  7822      倍利科                 126.00          0.00    92.12%    856.00   861.00   839.00   850.00      930.00   986.00   925.00   976.00   +126.00   +14.82%
      35              43  4770      上品                   25.00          0.00    92.03%    242.00   255.50   242.00   251.00      277.00   295.00   277.00   286.50    +35.50   +14.14%
      36             204  2033      佳大                    0.00          0.00    91.88%     32.45    33.90    31.50    33.90       36.80    39.95    36.50    38.50     +4.60   +13.57%
      37             200  4566      時碩工業                  0.00          0.00    91.86%     65.40    65.40    64.30    64.50       74.30    75.20    71.70    73.20     +8.70   +13.49%
      38              33  2020      美亞                    0.00          0.00    91.85%     21.50    21.70    21.40    21.40       22.50    24.30    22.50    24.30     +2.90   +13.55%
      39             220  3543      州巧                    0.00          0.00    91.82%     45.40    45.40    44.10    44.30       46.45    50.20    46.10    50.20     +5.90   +13.32%
      40              39  1709      和益                    0.00          0.00    91.76%     41.85    42.00    38.70    39.20       43.50    44.95    43.20    44.00     +4.80   +12.24%
==========================================================================================================================================================================
✅ 共 40 筆


══════════════════════════════════════════════════════════════════════════════════════════════════════════════
  🔄 第  3/5 次  2026/09/17 ～ 2026/09/24
══════════════════════════════════════════════════════════════════════════════════════════════════════════════

==========================================================================================================================================================================
📊 ROI 每日報酬率累計排名 (2026/09/17 ~ 2026/09/24)
==========================================================================================================================================================================
    實資排名          累計天數排名  代號        名稱                 累計漲停(元)       累計跌停(元)       強度%  (09/17)開盤      最高      最低      收盤    (09/24)開盤      最高      最低      收盤      賺賠    賺賠率
--------------------------------------------------------------------------------------------------------------------------------------------------------------------------
       1              12  3016      嘉晶                   39.50          0.00   100.00%    116.00   122.00   113.50   115.50      147.50   160.00   147.00   160.00    +44.50   +38.53%
       2              23  6902      GOGOLOOK             41.00          0.00    99.63%    126.00   128.50   125.50   128.50      170.00   183.00   167.50   176.50    +48.00   +37.35%
       3               1  6861      睿生光電                 58.00          0.00    98.35%    224.00   229.50   207.50   209.00      266.50   290.00   266.00   279.50    +70.50   +33.73%
       4              11  6526      達發                  211.00          0.00    98.32%    639.00   649.00   629.00   629.00      845.00   862.00   818.00   840.00   +211.00   +33.55%
       5              10  3443      創意                 2025.00          0.00    97.54%   6315.00  6610.00  6205.00  6500.00     8300.00  8545.00  8205.00  8525.00  +2025.00   +31.15%
       6               3  3605      宏致                   29.00          0.00    97.47%    145.00   152.50   137.50   140.00      179.50   186.50   178.50   183.50    +43.50   +31.07%
       7              36  2030      彰源                    0.00          0.00    96.94%     22.60    23.55    22.60    23.50       28.10    30.40    27.90    30.40     +6.90   +29.36%
       8              20  2241      艾姆勒                   0.00          0.00    96.90%     33.70    34.05    33.50    33.70       41.85    44.90    41.85    43.60     +9.90   +29.38%
       9               6  3653      健策                 1565.00          0.00    96.81%   5400.00  5605.00  5320.00  5355.00     6560.00  6920.00  6215.00  6920.00  +1565.00   +29.23%
      10               2  8150      南茂                    0.00          0.00    96.79%     88.10    90.10    86.30    86.70      106.00   114.00   105.00   112.00    +25.30   +29.18%
      11               4  3037      欣興                  245.00          0.00    95.66%    979.00   993.00   940.00   940.00     1155.00  1190.00  1145.00  1185.00   +245.00   +26.06%
      12              57  6168      宏齊                    0.00          0.00    95.41%     32.15    35.35    31.60    35.35       41.50    44.00    41.10    44.00     +8.65   +24.47%
      13              15  2404      漢唐                  250.00          0.00    95.29%   1040.00  1055.00  1025.00  1030.00     1255.00  1285.00  1205.00  1285.00   +255.00   +24.76%
      14              19  6456      GIS-KY                0.00          0.00    95.28%     65.30    68.00    64.60    65.10       78.00    82.50    75.60    81.30    +16.20   +24.88%
      15             223  3055      蔚華科                  45.50          0.00    95.00%    168.00   169.50   160.50   161.00      201.50   208.00   195.50   199.00    +38.00   +23.60%
      16              24  2342      茂矽                    0.00          0.00    94.13%     40.55    41.60    39.50    39.60       47.20    50.90    46.55    48.20     +8.60   +21.72%
      17               8  1809      中釉                    0.00          0.00    94.07%     37.15    38.50    37.15    37.30       42.35    45.35    42.30    45.35     +8.05   +21.58%
      18              49  2444      兆勁                    0.00          0.00    94.00%     11.65    12.50    11.65    12.20       14.50    15.15    14.40    14.80     +2.60   +21.31%
      19              61  6805      富世達                 510.00         70.00    93.95%   2095.00  2200.00  2080.00  2090.00     2570.00  2615.00  2505.00  2530.00   +440.00   +21.05%
      20              80  6213      聯茂                  101.00          0.00    93.64%    548.00   548.00   495.00   495.00      595.00   595.00   592.00   595.00   +100.00   +20.20%
      21             205  2033      佳大                    0.00          0.00    93.39%     27.95    30.85    27.80    30.85       37.65    38.30    35.50    36.80     +5.95   +19.29%
      22             142  3189      景碩                  165.00          0.00    93.37%    825.00   835.00   785.00   805.00      938.00   996.00   929.00   962.00   +157.00   +19.50%
      23              74  6443      元晶                    0.00          0.00    93.21%     23.90    24.85    23.70    23.75       28.65    29.40    28.00    28.25     +4.50   +18.95%
      24               9  1560      中砂                  151.00          0.00    93.19%    750.00   815.00   750.00   815.00      950.00   975.00   945.00   971.00   +156.00   +19.14%
      25              17  6715      嘉基                   57.50          0.00    93.11%    406.00   432.00   391.50   394.00      462.50   472.50   459.00   468.50    +74.50   +18.91%
      26             182  8996      高力                  355.00        125.00    92.98%   1330.00  1360.00  1285.00  1300.00     1555.00  1560.00  1480.00  1530.00   +230.00   +17.69%
      27              71  4919      新唐                   11.50          0.00    92.91%    116.50   118.50   114.50   115.00      132.00   138.50   130.00   136.00    +21.00   +18.26%
      28              58  6166      凌華                   11.00          0.00    92.72%    111.50   114.00   111.50   112.00      126.50   133.00   125.00   132.00    +20.00   +17.86%
      29               7  2254      巨鎧精密-創                0.00          0.00    92.70%     74.20    75.20    72.80    75.20       86.80    89.40    86.20    88.80    +13.60   +18.09%
      30               5  02001L    富邦蘋果正二N               0.00          0.00    92.64%    136.80   138.20   132.90   132.95      150.00   156.75   150.00   156.75    +23.80   +17.90%
      31              63  2449      京元電子                 52.00         13.00    92.62%    265.50   274.00   264.50   265.00      303.50   315.50   300.50   311.00    +46.00   +17.36%
      32              67  6674      鋐寶科技                  0.00          0.00    92.51%     15.75    15.80    15.65    15.65       18.35    18.40    18.30    18.35     +2.70   +17.25%
      33              13  2454      聯發科                 780.00          0.00    92.49%   4565.00  4700.00  4500.00  4500.00     5105.00  5360.00  5105.00  5285.00   +785.00   +17.44%
      34             155  6205      詮欣                    0.00          0.00    92.40%     61.80    65.10    61.80    63.30       74.00    78.50    72.70    73.60    +10.30   +16.27%
      35             483  3346      麗清                    0.00          0.00    92.30%     19.75    20.35    19.50    20.30       23.45    23.85    23.30    23.60     +3.30   +16.26%
      36              82  3563      牧德                  121.00         11.00    92.27%    651.00   676.00   649.00   659.00      760.00   777.00   739.00   769.00   +110.00   +16.69%
      37              73  8046      南電                  215.00         40.00    92.25%   1120.00  1130.00  1060.00  1065.00     1210.00  1270.00  1190.00  1240.00   +175.00   +16.43%
      38             190  2368      金像電                 195.00         35.00    92.25%   1035.00  1085.00   950.00   950.00     1135.00  1150.00  1075.00  1105.00   +155.00   +16.32%
      39             124  3665      貿聯-KY               385.00         55.00    92.24%   2035.00  2085.00  1985.00  2010.00     2410.00  2470.00  2285.00  2340.00   +330.00   +16.42%
      40              76  4770      上品                   25.00          0.00    92.19%    223.50   242.50   223.50   242.00      285.00   290.00   272.00   281.50    +39.50   +16.32%
==========================================================================================================================================================================
✅ 共 40 筆


══════════════════════════════════════════════════════════════════════════════════════════════════════════════
  🔄 第  4/5 次  2026/09/16 ～ 2026/09/23
══════════════════════════════════════════════════════════════════════════════════════════════════════════════

==========================================================================================================================================================================
📊 ROI 每日報酬率累計排名 (2026/09/16 ~ 2026/09/23)
==========================================================================================================================================================================
    實資排名          累計天數排名  代號        名稱                 累計漲停(元)       累計跌停(元)       強度%  (09/16)開盤      最高      最低      收盤    (09/23)開盤      最高      最低      收盤      賺賠    賺賠率
--------------------------------------------------------------------------------------------------------------------------------------------------------------------------
       1               5  3443      創意                 2215.00          0.00   100.00%   6070.00  6295.00  6050.00  6170.00     8325.00  8540.00  8200.00  8385.00  +2215.00   +35.90%
       2              21  6902      GOGOLOOK             41.00          0.00    99.66%    124.50   125.50   123.00   125.50      170.50   176.50   167.50   168.50    +43.00   +34.26%
       3              17  6526      達發                  211.00          0.00    99.44%    627.00   637.00   625.00   629.00      777.00   840.00   761.00   840.00   +211.00   +33.55%
       4              28  2033      佳大                    0.00          0.00    99.38%     26.00    28.05    25.80    28.05       39.70    40.25    36.20    37.30     +9.25   +32.98%
       5              27  2241      艾姆勒                   0.00          0.00    98.52%     33.50    34.00    32.80    33.65       40.80    44.00    39.40    43.65    +10.00   +29.72%
       6              48  6168      宏齊                    0.00          0.00    98.34%     29.40    32.15    29.40    32.15       43.50    43.50    40.20    41.20     +9.05   +28.15%
       7               4  1560      中砂                  209.00          0.00    98.33%    740.00   754.00   739.00   741.00      955.00   992.00   947.00   955.00   +214.00   +28.88%
       8               7  2305      全友                    0.00          0.00    98.28%     44.50    49.40    44.10    49.40       61.30    65.60    60.40    63.60    +14.20   +28.74%
       9              24  3605      宏致                   29.00          0.00    98.26%    130.00   140.00   129.00   140.00      174.50   188.50   174.50   180.00    +40.00   +28.57%
      10               2  2444      兆勁                    0.00          0.00    98.12%     11.55    11.95    11.45    11.65       14.75    15.50    14.30    14.95     +3.30   +28.33%
      11               3  6805      富世達                 555.00          0.00    97.83%   2035.00  2070.00  2010.00  2045.00     2490.00  2750.00  2475.00  2600.00   +555.00   +27.14%
      12              85  3016      嘉晶                   25.00          0.00    97.63%    110.50   116.00   107.50   115.50      145.00   145.50   141.50   145.50    +30.00   +25.97%
      13              63  4770      上品                   46.50          0.00    97.35%    220.00   225.50   220.00   220.50      261.50   275.00   256.50   275.00    +54.50   +24.72%
      14              47  4956      光鋐                    0.00          0.00    97.34%     31.80    35.25    31.80    35.25       42.35    46.40    42.10    43.55     +8.30   +23.55%
      15              43  1709      和益                    0.00          0.00    97.28%     35.95    39.05    35.90    39.05       47.50    50.50    45.50    48.30     +9.25   +23.69%
      16             257  3055      蔚華科                  45.50          0.00    97.22%    161.00   167.00   158.00   164.00      206.50   226.00   200.50   203.50    +39.50   +24.09%
      17              51  6861      睿生光電                 58.00         14.00    96.85%    227.50   233.50   219.00   223.00      267.00   290.00   265.00   273.00    +50.00   +22.42%
      18              45  8150      南茂                    0.00          0.00    96.82%     85.20    87.30    84.70    87.10      110.00   116.00   105.00   107.00    +19.90   +22.85%
      19              49  3094      聯傑                    0.00          0.00    96.76%     42.25    45.00    42.25    44.55       53.00    57.80    51.60    54.30     +9.75   +21.89%
      20               6  3653      健策                 1170.00          0.00    96.64%   5320.00  5540.00  5210.00  5240.00     6005.00  6410.00  5930.00  6410.00  +1170.00   +22.33%
      21             136  1727      中華化                  10.50          0.00    96.63%     91.50    98.70    90.90    95.60      105.00   116.50   103.00   116.50    +20.90   +21.86%
      22              29  2030      彰源                    0.00          0.00    96.53%     22.50    22.70    22.35    22.70       27.60    29.95    26.35    27.65     +4.95   +21.81%
      23              68  6456      GIS-KY                0.00          0.00    96.41%     62.30    65.20    62.20    64.80       76.50    80.90    76.50    78.60    +13.80   +21.30%
      24             124  2404      漢唐                  215.00          0.00    96.31%   1040.00  1060.00  1030.00  1035.00     1160.00  1250.00  1140.00  1250.00   +215.00   +20.77%
      25              55  3037      欣興                  220.00         21.00    96.26%    961.00   971.00   940.00   961.00     1120.00  1200.00  1115.00  1160.00   +199.00   +20.71%
      26             270  3346      麗清                    0.00          0.00    96.10%     19.55    19.90    19.40    19.75       23.50    24.70    23.20    23.65     +3.90   +19.75%
      27             232  8996      高力                  355.00        115.00    95.88%   1230.00  1300.00  1230.00  1300.00     1640.00  1640.00  1515.00  1540.00   +240.00   +18.46%
      28              64  8110      華東                    0.00          0.00    95.87%     40.70    42.10    40.70    41.90       49.60    51.40    48.60    49.70     +7.80   +18.62%
      29             182  6426      統新                   79.00         18.00    95.85%    303.00   330.00   303.00   330.00      359.00   391.50   357.00   391.50    +61.50   +18.64%
      30             258  6742      澤米                    0.00          0.00    95.73%     44.80    46.65    44.80    46.60       52.30    57.80    52.30    55.20     +8.60   +18.45%
      31              42  3717      聯嘉投控                  0.00          0.00    95.71%     21.00    22.15    21.00    21.95       25.55    27.75    25.35    26.05     +4.10   +18.68%
      32             161  2409      友達                    0.00          0.00    95.70%     28.20    29.60    28.15    29.40       36.65    36.65    33.40    34.70     +5.30   +18.03%
      33             164  6257      矽格                   34.50          0.00    95.46%    209.50   212.50   208.00   210.00      250.50   252.00   238.00   247.00    +37.00   +17.62%
      34             188  6205      詮欣                    0.00          0.00    95.43%     60.70    64.00    60.70    61.60       66.10    72.00    66.10    72.00    +10.40   +16.88%
      35              16  3035      智原                   23.50          0.00    95.39%    170.50   174.50   170.50   173.50      203.00   209.00   201.00   204.00    +30.50   +17.58%
      36             137  3665      貿聯-KY               400.00         55.00    95.38%   1980.00  2030.00  1935.00  1995.00     2290.00  2340.00  2240.00  2340.00   +345.00   +17.29%
      37             338  3437      榮創                    0.00          0.00    95.33%     17.50    18.70    17.50    18.50       21.30    23.00    21.30    21.60     +3.10   +16.76%
      38              88  3563      牧德                  122.00         11.00    95.33%    648.00   653.00   640.00   642.00      720.00   774.00   715.00   753.00   +111.00   +17.29%
      39              72  6715      嘉基                   57.50          0.00    95.25%    354.00   393.00   339.50   393.00      451.00   479.50   440.50   459.50    +66.50   +16.92%
      40             251  3031      佰鴻                    0.00          0.00    95.24%     22.80    24.60    22.80    24.25       27.95    29.30    27.35    28.30     +4.05   +16.70%
==========================================================================================================================================================================
✅ 共 40 筆


══════════════════════════════════════════════════════════════════════════════════════════════════════════════
  🔄 第  5/5 次  2026/09/15 ～ 2026/09/22
══════════════════════════════════════════════════════════════════════════════════════════════════════════════

==========================================================================================================================================================================
📊 ROI 每日報酬率累計排名 (2026/09/15 ~ 2026/09/22)
==========================================================================================================================================================================
    實資排名          累計天數排名  代號        名稱                 累計漲停(元)       累計跌停(元)       強度%  (09/15)開盤      最高      最低      收盤    (09/22)開盤      最高      最低      收盤      賺賠    賺賠率
--------------------------------------------------------------------------------------------------------------------------------------------------------------------------
       1               1  6168      宏齊                    0.00          0.00   100.00%     29.65    30.20    29.20    29.25       45.00    45.60    42.10    44.00    +14.75   +50.43%
       2               4  2033      佳大                    0.00          0.00    98.83%     26.70    27.05    25.45    25.50       35.00    37.30    34.60    37.30    +11.80   +46.27%
       3               2  3443      創意                 2340.00          0.00    96.44%   6400.00  6455.00  6035.00  6035.00     8370.00  8375.00  8370.00  8375.00  +2340.00   +38.77%
       4               5  6902      GOGOLOOK             41.00          0.00    95.67%    124.00   126.00   122.50   124.50      167.00   170.50   161.50   169.50    +45.00   +36.14%
       5              21  8996      高力                  435.00          0.00    95.49%   1245.00  1260.00  1200.00  1220.00     1520.00  1655.00  1490.00  1655.00   +435.00   +35.66%
       6              30  3605      宏致                   41.50          0.00    95.19%    124.50   129.50   122.00   127.50      177.00   177.00   165.00   171.50    +44.00   +34.51%
       7               8  2305      全友                    0.00          0.00    94.82%     45.60    48.05    44.20    44.95       57.50    60.00    56.80    60.00    +15.05   +33.48%
       8              45  4956      光鋐                    0.00          0.00    94.72%     33.10    33.40    32.05    32.05       47.00    47.10    42.20    42.20    +10.15   +31.67%
       9              11  2409      友達                    0.00          0.00    94.09%     28.35    28.75    27.75    27.90       34.90    36.65    34.00    36.65     +8.75   +31.36%
      10              56  3055      蔚華科                  45.50          0.00    94.06%    161.00   162.50   156.50   157.50      196.00   206.50   189.50   206.50    +49.00   +31.11%
      11              43  1709      和益                    0.00          0.00    93.87%     36.00    36.35    34.30    35.50       43.10    47.40    41.35    45.95    +10.45   +29.44%
      12              10  1560      中砂                  209.00          0.00    93.40%    746.00   752.00   735.00   735.00      935.00   960.00   929.00   950.00   +215.00   +29.25%
      13              65  6715      嘉基                   93.00          0.00    92.44%    333.50   380.00   333.50   357.50      451.50   469.50   445.00   451.50    +94.00   +26.29%
      14              59  3094      聯傑                    0.00          0.00    92.05%     43.95    44.00    42.20    42.25       56.20    56.20    52.50    52.60    +10.35   +24.50%
      15              42  6443      元晶                    0.00          0.00    91.99%     23.35    23.65    22.70    22.70       30.00    30.20    28.05    28.40     +5.70   +25.11%
      16              55  8150      南茂                    0.00          0.00    91.95%     86.00    88.10    84.40    84.40      105.50   110.50    99.50   105.50    +21.10   +25.00%
      17              69  3346      麗清                    0.00          0.00    91.88%     19.75    19.75    19.20    19.30       24.80    26.00    23.75    24.05     +4.75   +24.61%
      18              46  3031      佰鴻                    0.00          0.00    91.88%     23.35    23.55    23.00    23.00       28.10    28.75    27.30    28.70     +5.70   +24.78%
      19              33  2444      兆勁                    0.00          0.00    91.87%     11.55    11.80    11.50    11.65       14.50    15.15    13.25    14.55     +2.90   +24.89%
      20             174  3437      榮創                    0.00          0.00    91.55%     17.95    17.95    17.50    17.50       22.30    22.40    21.50    21.60     +4.10   +23.43%
      21              54  6957      裕慶-KY                61.50          0.00    91.44%    244.00   245.00   238.00   245.00      297.50   312.00   292.00   303.00    +58.00   +23.67%
      22               7  6805      富世達                 475.00          0.00    91.37%   2175.00  2195.00  2010.00  2025.00     2500.00  2565.00  2470.00  2500.00   +475.00   +23.46%
      23               6  2449      京元電子                 52.00          0.00    91.33%    260.50   261.50   256.50   257.00      314.00   330.00   312.00   317.00    +60.00   +23.35%
      24              85  2241      艾姆勒                   0.00          0.00    91.31%     33.65    34.00    33.25    33.35       38.00    41.05    36.85    41.05     +7.70   +23.09%
      25              47  2030      彰源                    0.00          0.00    91.15%     23.25    23.25    22.10    22.20       24.30    27.25    24.30    27.25     +5.05   +22.75%
      26             169  7799      禾榮科                 104.50         14.00    91.11%    410.00   424.00   408.00   415.50      522.00   534.00   503.00   508.00    +92.50   +22.26%
      27              72  6526      達發                  135.00          0.00    91.11%    637.00   637.00   623.00   623.00      736.00   796.00   733.00   764.00   +141.00   +22.63%
      28             210  6226      光鼎                    0.00          0.00    90.95%     33.95    36.30    33.05    36.30       44.95    44.95    43.50    44.20     +7.90   +21.76%
      29              70  8110      華東                    0.00          0.00    90.72%     41.70    41.70    40.50    40.50       53.00    53.10    48.70    48.95     +8.45   +20.86%
      30              87  3016      嘉晶                   12.00          0.00    90.34%    113.00   119.00   107.50   110.00      125.00   132.50   124.50   132.50    +22.50   +20.45%
      31             202  4919      新唐                   11.50          0.00    90.33%    112.00   114.00   110.00   111.00      127.00   138.00   126.50   133.50    +22.50   +20.27%
      32              53  3717      聯嘉投控                  0.00          0.00    90.26%     21.10    21.10    20.90    21.00       25.30    26.30    24.95    25.25     +4.25   +20.24%
      33              62  6257      矽格                   34.50          0.00    90.20%    210.00   214.50   207.50   207.50      257.00   263.00   248.50   249.00    +41.50   +20.00%
      34              25  4960      誠美材                   0.00          0.00    90.17%     20.00    20.10    19.50    19.50       23.60    24.95    23.15    23.40     +3.90   +20.00%
      35              15  2363      矽統                    0.00          0.00    90.11%     51.00    51.30    50.30    50.30       60.00    63.00    58.00    60.30    +10.00   +19.88%
      36             265  6742      澤米                    0.00          0.00    90.01%     45.95    45.95    44.20    44.20       55.00    55.60    52.00    52.70     +8.50   +19.23%
      37              73  6456      GIS-KY                0.00          0.00    90.00%     62.50    63.40    61.40    61.60       73.50    79.00    73.20    73.60    +12.00   +19.48%
      38             166  6426      統新                   73.50         18.00    89.91%    306.00   312.00   298.00   300.00      378.00   379.50   350.50   356.00    +56.00   +18.67%
      39              19  3035      智原                   23.50          0.00    89.91%    172.50   172.50   169.00   170.00      196.00   210.00   195.50   203.00    +33.00   +19.41%
      40              74  6133      金橋                    0.00          0.00    89.70%     23.75    23.75    22.95    22.95       28.25    28.45    26.20    27.20     +4.25   +18.52%
==========================================================================================================================================================================
✅ 共 40 筆
