
██████████████████████████████████████████████████████████████████████████████████████████████████████████████
  📅 天數組合: 3 日  →  輸出檔: s14_03.txt
██████████████████████████████████████████████████████████████████████████████████████████████████████████████

🔁 共執行 3 次，每次區間長度 4 個交易日

══════════════════════════════════════════════════════════════════════════════════════════════════════════════
  🔄 第  1/3 次  2026/09/23 ～ 2026/09/30
══════════════════════════════════════════════════════════════════════════════════════════════════════════════

==========================================================================================================================================================================
📊 ROI 每日報酬率累計排名 (2026/09/23 ~ 2026/09/30)
==========================================================================================================================================================================
    實資排名          累計天數排名  代號        名稱                 累計漲停(元)       累計跌停(元)       強度%  (09/23)開盤      最高      最低      收盤    (09/30)開盤      最高      最低      收盤      賺賠    賺賠率
--------------------------------------------------------------------------------------------------------------------------------------------------------------------------
       1               1  6533      晶心科                  82.50          0.00   100.00%    259.00   264.00   249.50   251.00      316.00   333.50   301.00   333.50    +82.50   +32.87%
       2               3  2030      彰源                    0.00          0.00    99.95%     27.60    29.95    26.35    27.65       36.60    36.70    36.00    36.70     +9.05   +32.73%
       3               5  8201      無敵                    0.00          0.00    99.92%     12.05    12.25    11.80    12.10       15.50    16.05    15.50    16.05     +3.95   +32.64%
       4               2  6225      天瀚                    0.00          0.00    99.62%     46.20    46.20    46.20    46.20       60.10    60.90    60.10    60.90    +14.70   +31.82%
       5               4  3518      柏騰                    0.00          0.00    97.76%     32.15    32.80    31.85    32.45       40.50    41.10    40.05    41.10     +8.65   +26.66%
       6               6  6957      裕慶-KY                75.50          0.00    97.36%    300.00   305.00   295.00   295.50      365.00   371.00   356.00   371.00    +75.50   +25.55%
       7               7  2020      美亞                    0.00          0.00    96.67%     21.50    21.70    21.45    21.60       26.70    26.70    26.65    26.70     +5.10   +23.61%
       8              19  4195      基米-創                  0.00          0.00    96.40%     12.90    13.15    12.80    13.10       17.35    17.35    16.00    16.10     +3.00   +22.90%
       9              58  6405      悅城                    0.00          0.00    95.58%     42.00    43.80    41.10    41.55       50.10    50.10    50.10    50.10     +8.55   +20.58%
      10              70  6672      騰輝電子-KY              64.00          0.00    95.44%    302.00   310.00   298.00   307.00      337.50   369.00   335.50   369.00    +62.00   +20.20%
      11             142  1617      榮星                    0.00          0.00    95.12%     19.70    21.05    19.20    20.15       22.75    24.05    22.40    24.05     +3.90   +19.35%
      12              21  2340      台亞                    0.00          0.00    94.83%     34.25    37.30    34.25    34.35       38.50    41.50    37.70    40.80     +6.45   +18.78%
      13              16  8039      台虹                   42.00          0.00    94.27%    264.00   264.00   253.00   256.00      279.50   300.50   277.50   300.50    +44.50   +17.38%
      14             130  4545      銘鈺                    0.00          0.00    94.20%     33.65    33.65    33.35    33.40       35.80    39.10    35.80    39.10     +5.70   +17.07%
      15              31  3149      正達                    0.00          0.00    94.18%     65.20    65.80    63.10    63.20       69.50    74.00    69.00    74.00    +10.80   +17.09%
      16              11  6456      GIS-KY                0.00          0.00    94.12%     76.50    80.90    76.50    78.60       91.50    95.70    89.50    92.00    +13.40   +17.05%
      17             227  3021      鴻名                    0.00          0.00    93.97%     25.35    25.55    24.45    24.50       30.90    31.00    28.00    28.45     +3.95   +16.12%
      18              14  3673      TPK-KY                0.00          0.00    93.93%     66.30    67.50    64.80    64.80       69.10    75.50    68.90    75.50    +10.70   +16.51%
      19             224  3016      嘉晶                   27.00          0.00    93.88%    145.00   145.50   141.50   145.50      170.00   172.50   165.00   169.00    +23.50   +16.15%
      20              90  1809      中釉                    0.00          0.00    93.77%     41.40    41.90    39.75    41.25       45.10    48.60    45.05    47.85     +6.60   +16.00%
      21              44  3593      力銘                    0.00          0.00    93.65%      8.80     9.68     8.80     9.50       10.75    11.00    10.30    11.00     +1.50   +15.79%
      22              13  2025      千興                    0.00          0.00    93.64%     12.55    12.65    12.45    12.65       13.50    14.65    13.40    14.65     +2.00   +15.81%
      23              20  2032      新鋼                    0.00          0.00    93.55%     17.50    17.65    17.25    17.55       20.15    21.00    19.95    20.30     +2.75   +15.67%
      24              76  6213      聯茂                   79.00          0.00    93.41%    542.00   547.00   525.00   541.00      624.00   649.00   622.00   623.00    +82.00   +15.16%
      25              12  6861      睿生光電                 28.50          0.00    93.27%    267.00   290.00   265.00   273.00      294.00   313.50   294.00   313.50    +40.50   +14.84%
      26              89  6133      金橋                    0.00          0.00    92.82%     26.75    27.40    25.80    26.05       29.40    30.45    28.20    29.60     +3.55   +13.63%
      27             166  2033      佳大                    0.00          0.00    92.81%     39.70    40.25    36.20    37.30       38.85    42.35    38.65    42.35     +5.05   +13.54%
      28              51  3094      聯傑                    0.00          0.00    92.74%     53.00    57.80    51.60    54.30       62.10    62.50    59.00    61.60     +7.30   +13.44%
      29              17  7822      倍利科                 115.00          0.00    92.48%    888.00   892.00   866.00   883.00      998.00  1025.00   989.00   998.00   +115.00   +13.02%
      30             211  6155      鈞寶                    0.00          0.00    92.40%     56.70    57.60    55.90    56.20       65.00    65.20    63.00    63.30     +7.10   +12.63%
      31               8  2034      允強                    0.00          0.00    92.36%     21.90    22.35    21.50    22.00       24.10    25.00    23.80    24.80     +2.80   +12.73%
      32              94  6120      達運                    0.00          0.00    92.22%     13.00    13.30    12.65    12.80       13.75    14.35    13.70    14.35     +1.55   +12.11%
      33              10  1303      南亞                   10.50          0.00    92.18%    232.00   235.00   223.00   227.50      250.50   265.00   245.50   255.50    +28.00   +12.31%
      34              28  3311      閎暉                    0.00          0.00    92.05%     36.80    37.40    36.60    36.70       38.00    41.95    38.00    41.05     +4.35   +11.85%
      35              46  2939      永邑-KY                 0.00          0.00    92.02%     19.95    19.95    19.50    19.60       20.05    22.00    20.05    21.90     +2.30   +11.73%
      36              33  3591      艾笛森                   0.00          0.00    91.94%     24.00    25.55    24.00    24.60       26.45    27.80    26.45    27.45     +2.85   +11.59%
      37             178  6691      洋基工程                 86.00         13.00    91.92%    639.00   651.00   632.00   646.00      666.00   719.00   665.00   719.00    +73.00   +11.30%
      38              67  6505      台塑化                   0.00          0.00    91.91%     87.90    88.50    86.50    87.30       94.00    98.60    93.00    97.30    +10.00   +11.45%
      39             167  3543      州巧                    0.00          0.00    91.90%     47.00    47.00    45.10    46.00       49.70    51.90    49.00    51.20     +5.20   +11.30%
      40              66  3701      大眾控                   0.00          0.00    91.88%     42.00    42.00    41.05    41.25       42.25    45.90    42.25    45.90     +4.65   +11.27%
==========================================================================================================================================================================
✅ 共 40 筆


══════════════════════════════════════════════════════════════════════════════════════════════════════════════
  🔄 第  2/3 次  2026/09/22 ～ 2026/09/29
══════════════════════════════════════════════════════════════════════════════════════════════════════════════

==========================================================================================================================================================================
📊 ROI 每日報酬率累計排名 (2026/09/22 ~ 2026/09/29)
==========================================================================================================================================================================
    實資排名          累計天數排名  代號        名稱                 累計漲停(元)       累計跌停(元)       強度%  (09/22)開盤      最高      最低      收盤    (09/29)開盤      最高      最低      收盤      賺賠    賺賠率
--------------------------------------------------------------------------------------------------------------------------------------------------------------------------
       1               1  3016      嘉晶                   40.00          0.00   100.00%    125.00   132.50   124.50   132.50      165.00   176.00   161.50   172.50    +40.00   +30.19%
       2               4  2030      彰源                    0.00          0.00    97.23%     24.30    27.25    24.30    27.25       33.40    33.40    33.40    33.40     +6.15   +22.57%
       3               5  4195      基米-創                  0.00          0.00    97.19%     13.00    13.20    12.85    12.90       14.40    15.80    14.40    15.80     +2.90   +22.48%
       4               2  6456      GIS-KY                0.00          0.00    96.75%     73.50    79.00    73.20    73.60       85.00    89.40    84.10    89.40    +15.80   +21.47%
       5             117  6533      晶心科                  52.50          0.00    96.03%    268.50   278.50   254.50   254.50      272.50   303.50   268.00   303.50    +49.00   +19.25%
       6             123  6933      AMAX-KY              66.50          0.00    95.82%    326.00   330.50   317.00   318.50      385.50   395.00   375.50   378.00    +59.50   +18.68%
       7             135  8201      無敵                    0.00          0.00    95.82%     12.00    12.30    11.80    12.30       14.60    14.60    14.20    14.60     +2.30   +18.70%
       8               3  2342      茂矽                    0.00          0.00    95.74%     41.25    43.00    41.25    42.15       47.00    53.00    46.85    50.10     +7.95   +18.86%
       9              53  3653      健策                 1090.00         25.00    95.59%   5985.00  6050.00  5780.00  5830.00     7000.00  7160.00  6850.00  6895.00  +1065.00   +18.27%
      10             163  3021      鴻名                    0.00          0.00    95.20%     26.50    26.50    25.30    25.30       29.40    29.60    28.70    29.60     +4.30   +17.00%
      11              36  3593      力銘                    0.00          0.00    95.07%      8.77     8.99     8.23     8.80       10.25    10.45    10.00    10.30     +1.50   +17.05%
      12              16  3518      柏騰                    0.00          0.00    94.64%     31.85    33.25    31.85    32.25       35.00    37.40    35.00    37.40     +5.15   +15.97%
      13             116  2305      全友                    0.00          0.00    94.36%     57.50    60.00    56.80    60.00       61.70    69.10    61.10    69.10     +9.10   +15.17%
      14              12  4770      上品                   25.00          0.00    94.09%    260.50   262.00   248.00   250.00      277.00   295.00   277.00   286.50    +36.50   +14.60%
      15              42  4551      智伸科                  16.00          0.00    94.00%    159.50   162.00   156.00   157.00      162.50   179.50   162.00   179.50    +22.50   +14.33%
      16              75  6213      聯茂                   79.00          0.00    93.95%    545.00   574.00   539.00   543.00      620.00   628.00   588.00   620.00    +77.00   +14.18%
      17              24  6155      鈞寶                    0.00          0.00    93.94%     57.90    58.20    56.00    56.00       61.50    64.90    61.20    64.00     +8.00   +14.29%
      18              19  2032      新鋼                    0.00          0.00    93.83%     17.00    17.80    16.90    17.45       18.90    20.40    18.80    19.90     +2.45   +14.04%
      19              38  3094      聯傑                    0.00          0.00    93.67%     56.20    56.20    52.50    52.60       53.00    59.70    52.70    59.70     +7.10   +13.50%
      20               8  3042      晶技                   14.50          0.00    93.65%    186.50   188.00   183.50   183.50      214.50   222.50   205.00   208.50    +25.00   +13.62%
      21              23  2020      美亞                    0.00          0.00    93.47%     21.40    21.50    21.35    21.50       22.50    24.30    22.50    24.30     +2.80   +13.02%
      22             115  4566      時碩工業                  0.00          0.00    93.34%     66.20    66.50    65.00    65.00       74.30    75.20    71.70    73.20     +8.20   +12.62%
      23               6  7822      倍利科                 111.00          0.00    93.31%    853.00   880.00   845.00   865.00      930.00   986.00   925.00   976.00   +111.00   +12.83%
      24              62  6901      鑽石投資                  0.00          0.00    93.22%     15.60    15.60    15.25    15.35       16.40    17.25    16.40    17.25     +1.90   +12.38%
      25             111  1727      中華化                  10.50          0.00    92.99%    103.00   107.00    99.60   106.00      113.00   122.00   104.00   118.50    +12.50   +11.79%
      26             119  1617      榮星                    0.00          0.00    92.97%     20.00    20.45    19.25    19.60       21.00    21.90    20.95    21.90     +2.30   +11.73%
      27               7  2254      巨鎧精密-創                0.00          0.00    92.89%     79.10    82.10    79.10    82.10       89.20    92.10    89.20    91.80     +9.70   +11.81%
      28             165  6957      裕慶-KY                42.00          0.00    92.87%    297.50   312.00   292.00   303.00      334.50   337.50   307.50   337.50    +34.50   +11.39%
      29              31  2340      台亞                    0.00          0.00    92.84%     34.85    35.20    34.10    34.10       34.40    38.00    34.40    38.00     +3.90   +11.44%
      30               9  3563      牧德                   83.00          0.00    92.84%    667.00   715.00   667.00   711.00      773.00   815.00   773.00   794.00    +83.00   +11.67%
      31              74  6672      騰輝電子-KY              30.50          0.00    92.71%    315.00   315.00   300.00   302.00      330.50   335.50   321.00   335.50    +33.50   +11.09%
      32              85  1809      中釉                    0.00          0.00    92.61%     39.40    40.90    38.85    40.60       45.10    47.25    43.05    45.00     +4.40   +10.84%
      33             185  3717      聯嘉投控                  0.00          0.00    92.42%     25.30    26.30    24.95    25.25       26.00    27.85    25.85    27.85     +2.60   +10.30%
      34              55  2484      希華                    0.00          0.00    92.38%     71.00    71.20    69.60    69.60       75.00    79.50    74.20    76.90     +7.30   +10.49%
      35             158  8028      昇陽半導體                31.00          0.00    92.10%    262.00   274.00   257.00   263.50      270.50   295.50   269.50   289.00    +25.50    +9.68%
      36              20  8162      微矽電子-創                0.00          0.00    91.90%     61.00    61.60    59.00    59.80       65.60    66.50    64.50    65.40     +5.60    +9.36%
      37             183  6225      天瀚                    0.00          0.00    91.86%     51.30    51.30    51.30    51.30       46.35    55.40    46.35    55.40     +4.10    +7.99%
      38             284  3550      聯穎                    0.00          0.00    91.84%     24.80    24.85    23.75    24.05       23.85    26.20    23.80    26.20     +2.15    +8.94%
      39             145  3031      佰鴻                    0.00          0.00    91.76%     28.10    28.75    27.30    28.70       30.35    31.65    30.30    31.25     +2.55    +8.89%
      40              11  8046      南電                  105.00          0.00    91.73%   1125.00  1165.00  1120.00  1165.00     1210.00  1280.00  1200.00  1270.00   +105.00    +9.01%
==========================================================================================================================================================================
✅ 共 40 筆


══════════════════════════════════════════════════════════════════════════════════════════════════════════════
  🔄 第  3/3 次  2026/09/21 ～ 2026/09/24
══════════════════════════════════════════════════════════════════════════════════════════════════════════════

==========================================================================================================================================================================
📊 ROI 每日報酬率累計排名 (2026/09/21 ~ 2026/09/24)
==========================================================================================================================================================================
    實資排名          累計天數排名  代號        名稱                 累計漲停(元)       累計跌停(元)       強度%  (09/21)開盤      最高      最低      收盤    (09/24)開盤      最高      最低      收盤      賺賠    賺賠率
--------------------------------------------------------------------------------------------------------------------------------------------------------------------------
       1               1  3016      嘉晶                   39.50          0.00   100.00%    118.00   123.00   115.50   120.50      147.50   160.00   147.00   160.00    +39.50   +32.78%
       2               7  2030      彰源                    0.00          0.00    93.66%     24.80    24.80    23.95    24.80       28.10    30.40    27.90    30.40     +5.60   +22.58%
       3              23  6933      AMAX-KY              66.50          0.00    92.85%    345.00   348.00   316.00   317.50      367.50   385.00   355.00   385.00    +67.50   +21.26%
       4              18  3653      健策                 1130.00          0.00    91.64%   5765.00  5890.00  5700.00  5790.00     6560.00  6920.00  6215.00  6920.00  +1130.00   +19.52%
       5               2  3167      大量                  143.00          0.00    90.32%    834.00   836.00   805.00   806.00      889.00   968.00   871.00   949.00   +143.00   +17.74%
       6               3  2342      茂矽                    0.00          0.00    90.26%     41.15    41.75    40.45    41.00       47.20    50.90    46.55    48.20     +7.20   +17.56%
       7               4  8046      南電                  180.00          0.00    89.87%   1110.00  1150.00  1050.00  1060.00     1210.00  1270.00  1190.00  1240.00   +180.00   +16.98%
       8              47  2241      艾姆勒                   0.00          0.00    89.78%     35.05    37.35    34.50    37.35       41.85    44.90    41.85    43.60     +6.25   +16.73%
       9              68  3189      景碩                  138.00          0.00    89.51%    849.00   878.00   824.00   827.00      938.00   996.00   929.00   962.00   +135.00   +16.32%
      10               5  3563      牧德                  109.00          0.00    89.51%    677.00   677.00   660.00   660.00      760.00   777.00   739.00   769.00   +109.00   +16.52%
      11              10  1809      中釉                    0.00          0.00    89.42%     38.60    39.90    38.20    39.00       42.35    45.35    42.30    45.35     +6.35   +16.28%
      12               8  3037      欣興                  165.00          0.00    89.34%    999.00  1055.00   999.00  1020.00     1155.00  1190.00  1145.00  1185.00   +165.00   +16.18%
      13              40  6526      達發                  116.00          0.00    89.29%    700.00   734.00   688.00   724.00      845.00   862.00   818.00   840.00   +116.00   +16.02%
      14              87  6902      GOGOLOOK             14.50          0.00    87.82%    155.00   155.00   155.00   155.00      170.00   183.00   167.50   176.50    +21.50   +13.87%
      15              19  2404      漢唐                  155.00          0.00    87.69%   1125.00  1160.00  1090.00  1130.00     1255.00  1285.00  1205.00  1285.00   +155.00   +13.72%
      16              11  6861      睿生光電                 21.00          0.00    87.56%    235.00   252.00   234.00   246.00      266.50   290.00   266.00   279.50    +33.50   +13.62%
      17               9  6456      GIS-KY                0.00          0.00    87.13%     66.70    71.90    65.90    71.90       78.00    82.50    75.60    81.30     +9.40   +13.07%
      18             125  4566      時碩工業                  0.00          0.00    87.10%     64.60    65.90    64.20    65.90       67.00    74.30    66.90    74.30     +8.40   +12.75%
      19               6  2254      巨鎧精密-創                0.00          0.00    86.84%     76.80    78.80    76.80    78.80       86.80    89.40    86.20    88.80    +10.00   +12.69%
      20             110  1727      中華化                  10.50          0.00    86.66%    107.00   109.50   100.50   103.00      114.00   125.00   109.00   115.50    +12.50   +12.14%
      21              42  3443      創意                  910.00          0.00    86.51%   7395.00  7755.00  7030.00  7615.00     8300.00  8545.00  8205.00  8525.00   +910.00   +11.95%
      22             179  8438      昶昕                    0.00          0.00    85.84%     68.10    69.70    68.10    69.00       76.60    81.50    76.40    76.60     +7.60   +11.01%
      23             182  8201      無敵                    0.00          0.00    85.78%     12.00    12.00    12.00    12.00       12.80    13.30    12.80    13.30     +1.30   +10.83%
      24             101  4195      基米-創                  0.00          0.00    85.71%     13.20    13.20    13.00    13.00       13.30    14.40    13.30    14.40     +1.40   +10.77%
      25              50  3042      晶技                   14.50          0.00    85.51%    186.50   186.50   183.00   183.50      196.00   212.00   189.00   203.00    +19.50   +10.63%
      26             189  6213      聯茂                   54.00          0.00    85.03%    515.00   542.00   510.00   542.00      595.00   595.00   592.00   595.00    +53.00    +9.78%
      27             209  4770      上品                   25.00          0.00    84.77%    254.00   263.50   246.00   257.50      285.00   290.00   272.00   281.50    +24.00    +9.32%
      28             228  6278      台表科                  19.00          0.00    84.51%    197.00   198.00   193.50   194.50      207.50   214.50   204.50   212.00    +17.50    +9.00%
      29             222  6672      騰輝電子-KY              30.50          0.00    84.44%    306.50   316.00   304.00   310.00      315.00   337.50   315.00   337.50    +27.50    +8.87%
      30              22  2032      新鋼                    0.00          0.00    84.37%     17.05    17.05    16.80    17.00       17.50    19.00    17.45    18.55     +1.55    +9.12%
      31             169  2466      冠西電                   0.00          0.00    84.10%    104.50   110.00   104.50   110.00      113.50   120.50   113.00   119.50     +9.50    +8.64%
      32             492  2033      佳大                    0.00          0.00    84.08%     33.05    35.25    32.00    33.95       37.65    38.30    35.50    36.80     +2.85    +8.39%
      33              12  8150      南茂                    0.00          0.00    84.08%     96.00   103.00    94.80   103.00      106.00   114.00   105.00   112.00     +9.00    +8.74%
      34              17  3605      宏致                    0.00          0.00    83.97%    154.00   169.00   151.00   169.00      179.50   186.50   178.50   183.50    +14.50    +8.58%
      35             171  3031      佰鴻                    0.00          0.00    83.94%     27.95    29.85    27.30    28.10       28.30    31.05    28.25    30.45     +2.35    +8.36%
      36              33  4919      新唐                    0.00          0.00    83.86%    135.00   135.00   125.00   125.50      132.00   138.50   130.00   136.00    +10.50    +8.37%
      37              14  7822      倍利科                  70.00          0.00    83.71%    850.00   851.00   836.00   850.00      879.00   926.00   878.00   920.00    +70.00    +8.24%
      38              31  3035      智原                   12.00          0.00    83.68%    194.50   194.50   190.00   191.00      202.00   207.50   199.50   206.50    +15.50    +8.12%
      39              16  02001L    富邦蘋果正二N               0.00          0.00    83.55%    140.00   145.35   138.85   145.15      150.00   156.75   150.00   156.75    +11.60    +7.99%
      40             113  8162      微矽電子-創                0.00          0.00    83.45%     62.40    62.50    60.40    60.40       64.00    68.90    62.30    65.10     +4.70    +7.78%
==========================================================================================================================================================================
✅ 共 40 筆
