
██████████████████████████████████████████████████████████████████████████████████████████████████████████████
  📅 天數組合: 3 日  →  輸出檔: q12_03.txt
██████████████████████████████████████████████████████████████████████████████████████████████████████████████

🔁 共執行 3 次，每次區間長度 3 個交易日

══════════════════════════════════════════════════════════════════════════════════════════════════════════════
  🔄 第  1/3 次  2026/10/02 ～ 2026/10/07
══════════════════════════════════════════════════════════════════════════════════════════════════════════════

==========================================================================================================================================================================
📊 累計漲跌停強度排名 (2026/10/02 ~ 2026/10/07)
==========================================================================================================================================================================
    實資排名        累計天數排名  代號        名稱                 累計漲停(元)       累計跌停(元)       強度%  (10/02)開盤      最高      最低      收盤    (10/07)開盤      最高      最低      收盤      賺賠    賺賠率
--------------------------------------------------------------------------------------------------------------------------------------------------------------------------
       1             6  6223      旺矽                  640.00        140.00    49.04%   5055.00  5310.00  5055.00  5310.00     5590.00  5725.00  5480.00  5530.00   +220.00    +4.14%
       2            14  3081      聯亞                  560.00         80.00    47.08%   2780.00  2925.00  2735.00  2925.00     2990.00  3210.00  2990.00  3140.00   +215.00    +7.35%
       3            14  6187      萬潤                  260.00          0.00    25.50%   1290.00  1385.00  1290.00  1355.00     1545.00  1570.00  1510.00  1535.00   +180.00   +13.28%
       4            25  3491      昇達科                 230.00         10.00    21.58%   1480.00  1510.00  1475.00  1485.00     1745.00  1760.00  1680.00  1705.00   +220.00   +14.81%
       5            28  6274      台燿                  245.00         60.00    18.15%   1540.00  1685.00  1530.00  1620.00     1740.00  1835.00  1710.00  1720.00   +100.00    +6.17%
       6            42  6488      環球晶                 140.00         10.00    12.75%   1090.00  1190.00  1075.00  1190.00     1185.00  1240.00  1180.00  1215.00    +25.00    +2.10%
       7             8  5536      聖暉*                  91.00          0.00     8.93%    964.00   975.00   938.00   956.00     1000.00  1060.00   982.00  1045.00    +89.00    +9.31%
       8            13  7856      漢測                  275.00        195.00     7.85%   4330.00  4470.00  4160.00  4195.00     4150.00  4450.00  4150.00  4380.00   +185.00    +4.41%
       9            20  4971      IET-KY               72.00          0.00     7.06%    557.00   587.00   554.00   587.00      600.00   640.00   600.00   604.00    +17.00    +2.90%
      10            21  3131      弘塑                  150.00         80.00     6.87%   2390.00  2465.00  2390.00  2430.00     2560.00  2615.00  2450.00  2450.00    +20.00    +0.82%
      11            37  3163      波若威                  75.00         20.00     5.39%    667.00   716.00   667.00   713.00      700.00   724.00   700.00   702.00    -11.00    -1.54%
      12            40  3105      穩懋                   77.00         23.00     5.30%    574.00   591.00   572.00   591.00      589.00   613.00   582.00   588.00     -3.00    -0.51%
      13            64  4908      前鼎                   53.00          0.00     5.20%    210.00   224.50   210.00   224.50      239.00   254.00   238.00   254.00    +29.50   +13.14%
      14            24  3693      營邦                   53.00          0.00     5.20%    660.00   676.00   656.00   663.00      718.00   729.00   704.00   718.00    +55.00    +8.30%
      15            53  4760      勤凱                   60.00         13.50     4.56%    302.00   317.00   302.00   317.00      331.00   354.00   331.00   334.00    +17.00    +5.36%
      16            51  8358      金居                   65.00         19.00     4.51%    514.00   536.00   511.00   519.00      536.00   560.00   530.00   549.00    +30.00    +5.78%
      17            41  3363      上詮                   59.00         14.00     4.41%    656.00   680.00   652.00   671.00      656.00   693.00   656.00   679.00     +8.00    +1.19%
      18            30  3441      聯一光                  44.00          0.00     4.32%    210.00   222.50   207.00   211.00      260.00   280.50   247.50   249.00    +38.00   +18.01%
      19            44  6727      亞泰金屬                 43.00          0.00     4.22%    492.50   527.00   492.50   516.00      525.00   550.00   525.00   526.00    +10.00    +1.94%
      20            45  7717      萊德光電-KY              41.00          0.00     4.02%    553.00   581.00   550.00   561.00      605.00   626.00   600.00   602.00    +41.00    +7.31%
      21            93  3374      精材                   52.00         11.00     4.02%    457.00   467.50   454.00   467.50      483.00   499.50   475.50   497.00    +29.50    +6.31%
      22            58  4749      新應材                  49.00         10.00     3.83%    757.00   795.00   753.00   785.00      801.00   807.00   791.00   791.00     +6.00    +0.76%
      23            54  4991      環宇-KY                61.50         29.00     3.19%    509.00   534.00   498.50   534.00      525.00   552.00   516.00   518.00    -16.00    -3.00%
      24            38  5432      新門                   31.00          0.00     3.04%    159.00   166.50   159.00   164.50      195.50   215.00   195.00   195.00    +30.50   +18.54%
      25            48  6788      華景電                  30.00          0.00     2.94%    347.50   365.50   347.00   360.00      375.00   385.00   375.00   377.00    +17.00    +4.72%
      26            27  3265      台星科                  29.00          0.00     2.84%    185.00   193.00   183.00   188.00      217.00   217.00   217.00   217.00    +29.00   +15.43%
      27            46  3147      大綜                   27.50          0.00     2.70%    266.00   273.00   255.00   264.50      286.50   296.50   283.00   295.00    +30.50   +11.53%
      28            60  7556      意德士                  37.50         12.50     2.45%    261.00   273.50   260.00   273.00      297.50   302.00   280.00   283.00    +10.00    +3.66%
      29            44  6716      應廣                   25.00          0.00     2.45%    118.00   121.50   115.00   121.00      153.00   160.00   142.50   153.50    +32.50   +26.86%
      30            44  3234      光環                   24.50          0.00     2.40%    174.50   184.00   174.50   181.50      178.00   193.00   177.50   191.00     +9.50    +5.23%
      31             6  6811      宏碁資訊                 24.50          0.00     2.40%    244.00   244.00   239.00   240.00      270.00   273.00   266.50   273.00    +33.00   +13.75%
      32            49  4556      旭然                   23.00          0.00     2.26%    111.50   122.50   109.50   114.50      137.50   149.00   133.00   145.00    +30.50   +26.64%
      33            21  6983      華洋精機                 35.50         13.00     2.21%    355.00   355.00   349.00   355.00      405.00   425.00   382.00   382.00    +27.00    +7.61%
      34            74  4979      華星光                  52.00         30.00     2.16%    564.00   585.00   564.00   585.00      585.00   605.00   574.00   579.00     -6.00    -1.03%
      35            19  8091      翔名                   21.50          0.00     2.11%    216.50   237.00   216.50   237.00      230.00   234.00   227.00   233.50     -3.50    -1.48%
      36            19  3498      陽程                   21.50          0.00     2.11%    221.00   226.00   212.00   215.00      234.00   239.50   229.50   231.50    +16.50    +7.67%
      37            33  6510      精測                  105.00         85.00     1.96%   3000.00  3120.00  3000.00  3070.00     3060.00  3100.00  3015.00  3020.00    -50.00    -1.63%
      38            11  6667      信紘科                  18.00          0.00     1.77%    263.50   263.50   260.00   260.00      260.50   285.00   260.50   278.50    +18.50    +7.12%
      39            21  4772      台特化                  17.00          0.00     1.67%    272.00   290.50   271.50   281.50      279.00   281.50   276.00   277.00     -4.50    -1.60%
      40            25  6419      京晨科                  15.50          0.00     1.52%    157.50   160.00   156.00   156.00      168.50   173.00   165.00   165.00     +9.00    +5.77%
==========================================================================================================================================================================
✅ 共 40 筆


══════════════════════════════════════════════════════════════════════════════════════════════════════════════
  🔄 第  2/3 次  2026/10/01 ～ 2026/10/06
══════════════════════════════════════════════════════════════════════════════════════════════════════════════

==========================================================================================================================================================================
📊 累計漲跌停強度排名 (2026/10/01 ~ 2026/10/06)
==========================================================================================================================================================================
    實資排名        累計天數排名  代號        名稱                 累計漲停(元)       累計跌停(元)       強度%  (10/01)開盤      最高      最低      收盤    (10/06)開盤      最高      最低      收盤      賺賠    賺賠率
--------------------------------------------------------------------------------------------------------------------------------------------------------------------------
       1             6  6223      旺矽                  640.00         95.00    22.84%   5130.00  5185.00  4995.00  5030.00     5530.00  5725.00  5425.00  5670.00   +640.00   +12.72%
       2            32  6274      台燿                  260.00         25.00     9.85%   1530.00  1540.00  1500.00  1535.00     1775.00  1775.00  1680.00  1755.00   +220.00   +14.33%
       3             4  5274      信驊                  970.00        735.00     9.85%  18755.00 19330.00 18740.00 19040.00    19520.00 19895.00 18855.00 18985.00    -55.00    -0.29%
       4            20  3081      聯亞                  340.00        115.00     9.43%   2690.00  2720.00  2605.00  2660.00     3015.00  3055.00  2915.00  2920.00   +260.00    +9.77%
       5            22  6187      萬潤                  260.00         35.00     9.43%   1300.00  1325.00  1260.00  1275.00     1500.00  1590.00  1445.00  1535.00   +260.00   +20.39%
       6            27  3491      昇達科                 230.00         10.00     9.22%   1510.00  1510.00  1450.00  1490.00     1710.00  1755.00  1645.00  1715.00   +225.00   +15.10%
       7            25  6488      環球晶                 180.00         10.00     7.12%   1055.00  1135.00  1045.00  1085.00     1175.00  1260.00  1145.00  1205.00   +120.00   +11.06%
       8            47  6640      均華                  125.00         30.00     3.98%   1075.00  1140.00  1075.00  1110.00     1160.00  1175.00  1110.00  1135.00    +25.00    +2.25%
       9            26  7734      印能科技                160.00         70.00     3.77%   2705.00  2900.00  2680.00  2795.00     2790.00  2830.00  2755.00  2755.00    -40.00    -1.43%
      10            11  5536      聖暉*                  80.00          0.00     3.35%    929.00   970.00   919.00   959.00      955.00   994.00   950.00   994.00    +35.00    +3.65%
      11            62  4760      勤凱                   86.00         13.50     3.04%    267.00   288.50   267.00   288.50      335.00   356.00   320.00   335.00    +46.50   +16.12%
      12            42  3441      聯一光                  62.00          0.00     2.60%    189.00   202.50   189.00   202.50      238.00   255.00   238.00   255.00    +52.50   +25.93%
      13            74  8358      金居                   75.00         19.00     2.35%    500.00   521.00   500.00   505.00      577.00   578.00   548.00   551.00    +46.00    +9.11%
      14            40  3105      穩懋                   77.00         23.00     2.26%    546.00   546.00   529.00   538.00      615.00   623.00   588.00   592.00    +54.00   +10.04%
      15            10  4971      IET-KY               53.00          0.00     2.22%    538.00   549.00   527.00   534.00      588.00   620.00   581.00   585.00    +51.00    +9.55%
      16            56  3147      大綜                   51.50          0.00     2.16%    242.00   267.50   240.00   267.50      282.00   300.00   278.00   292.00    +24.50    +9.16%
      17            38  4749      新應材                  49.00          0.00     2.05%    777.00   786.00   756.00   757.00      810.00   810.00   793.00   801.00    +44.00    +5.81%
      18            44  6727      亞泰金屬                 43.00          0.00     1.80%    488.00   496.50   481.50   488.00      537.00   558.00   522.00   528.00    +40.00    +8.20%
      19            22  3163      波若威                  62.00         20.00     1.76%    653.00   676.00   647.00   651.00      711.00   718.00   688.00   689.00    +38.00    +5.84%
      20            44  7556      意德士                  37.50          0.00     1.57%    268.00   268.00   261.00   262.50      309.00   314.00   288.00   295.50    +33.00   +12.57%
      21             6  6983      華洋精機                 35.50          0.00     1.49%    351.50   364.00   350.00   353.00      375.50   395.00   360.50   395.00    +42.00   +11.90%
      22            70  4556      旭然                   33.00          0.00     1.38%    108.00   111.50    98.30   111.50      124.50   138.00   123.50   137.50    +26.00   +23.32%
      23            70  3374      精材                   42.50         11.00     1.32%    457.00   457.00   450.00   456.00      517.00   530.00   481.00   487.50    +31.50    +6.91%
      24            38  5432      新門                   31.00          0.00     1.30%    160.50   165.50   158.00   158.50      192.00   195.50   185.50   195.50    +37.00   +23.34%
      25            56  4908      前鼎                   30.00          0.00     1.26%    208.00   209.00   204.00   204.50      236.50   237.00   225.00   231.00    +26.50   +12.96%
      26            48  6788      華景電                  30.00          0.00     1.26%    351.00   353.00   344.50   346.50      376.50   380.00   367.50   370.50    +24.00    +6.93%
      27            35  3693      營邦                   53.00         23.00     1.26%    688.00   691.00   643.00   664.00      697.00   729.00   681.00   716.00    +52.00    +7.83%
      28            42  7792      安葆                   26.50          0.00     1.11%    416.00   430.50   410.00   421.00      450.00   461.50   438.50   451.50    +30.50    +7.24%
      29            44  6716      應廣                   25.00          0.00     1.05%    114.50   117.50   113.00   117.50      145.00   146.00   139.50   146.00    +28.50   +24.26%
      30            19  8091      翔名                   21.50          0.00     0.90%    217.00   217.00   214.00   215.50      240.00   245.00   232.00   232.00    +16.50    +7.66%
      31            11  3455      由田                   20.00          0.00     0.84%    266.00   292.00   258.00   287.00      284.00   284.00   276.00   277.50     -9.50    -3.31%
      32            54  6584      南俊國際                 20.00          0.00     0.84%    540.00   542.00   529.00   531.00      538.00   560.00   533.00   551.00    +20.00    +3.77%
      33            38  4991      環宇-KY                48.50         29.00     0.82%    485.00   491.50   479.50   485.50      528.00   535.00   503.00   505.00    +19.50    +4.02%
      34            21  4772      台特化                  17.00          0.00     0.71%    270.00   275.00   263.00   264.50      278.00   279.00   274.00   276.00    +11.50    +4.35%
      35            13  6147      頎邦                   16.00          0.00     0.67%    212.00   227.00   212.00   225.50      218.50   220.00   211.00   216.50     -9.00    -3.99%
      36            36  3363      上詮                   30.00         14.00     0.67%    647.00   655.00   641.00   641.00      666.00   679.00   645.00   650.00     +9.00    +1.40%
      37            25  6419      京晨科                  15.50          0.00     0.65%    156.00   156.00   153.00   155.00      170.00   170.00   164.00   168.50    +13.50    +8.71%
      38            24  3362      先進光                  15.50          0.00     0.65%    172.00   178.50   172.00   175.50      191.50   202.00   188.00   188.50    +13.00    +7.41%
      39            72  6435      大中                   25.00         11.50     0.57%    253.00   262.00   253.00   262.00      271.00   272.00   264.00   265.00     +3.00    +1.15%
      40            17  3624      光頡                   13.50          0.00     0.57%    138.00   151.00   138.00   151.00      147.50   153.00   144.00   145.00     -6.00    -3.97%
==========================================================================================================================================================================
✅ 共 40 筆


══════════════════════════════════════════════════════════════════════════════════════════════════════════════
  🔄 第  3/3 次  2026/09/30 ～ 2026/10/05
══════════════════════════════════════════════════════════════════════════════════════════════════════════════

==========================================================================================================================================================================
📊 累計漲跌停強度排名 (2026/09/30 ~ 2026/10/05)
==========================================================================================================================================================================
    實資排名        累計天數排名  代號        名稱                 累計漲停(元)       累計跌停(元)       強度%  (09/30)開盤      最高      最低      收盤    (10/05)開盤      最高      最低      收盤      賺賠    賺賠率
--------------------------------------------------------------------------------------------------------------------------------------------------------------------------
       1            25  3081      聯亞                  385.00         35.00    11.68%   2700.00  2730.00  2665.00  2695.00     3000.00  3105.00  2900.00  3000.00   +305.00   +11.32%
       2            10  6223      旺矽                  490.00        155.00    11.18%   5275.00  5320.00  5100.00  5125.00     5400.00  5520.00  5300.00  5520.00   +395.00    +7.71%
       3            30  6274      台燿                  295.00          0.00     9.84%   1500.00  1550.00  1485.00  1520.00     1695.00  1780.00  1680.00  1780.00   +260.00   +17.11%
       4            19  6488      環球晶                 245.00         10.00     7.84%    966.00  1035.00   953.00  1035.00     1220.00  1235.00  1175.00  1180.00   +145.00   +14.01%
       5            18  6187      萬潤                  215.00         35.00     6.01%   1375.00  1420.00  1275.00  1310.00     1400.00  1490.00  1390.00  1490.00   +180.00   +13.74%
       6            34  3105      穩懋                  126.00          0.00     4.20%    509.00   542.00   509.00   542.00      614.00   630.00   604.00   615.00    +73.00   +13.47%
       7            37  6640      均華                  125.00          0.00     4.17%   1065.00  1090.00  1030.00  1040.00     1140.00  1195.00  1120.00  1165.00   +125.00   +12.02%
       8            34  3491      昇達科                 145.00         20.00     4.17%   1540.00  1540.00  1480.00  1500.00     1530.00  1630.00  1515.00  1630.00   +130.00    +8.67%
       9             4  5274      信驊                  970.00        845.00     4.17%  19525.00 19675.00 18680.00 18750.00    19100.00 19770.00 19100.00 19520.00   +770.00    +4.11%
      10            27  7734      印能科技                160.00         50.00     3.67%   2740.00  2780.00  2630.00  2665.00     2850.00  2885.00  2790.00  2790.00   +125.00    +4.69%
      11            37  4760      勤凱                   86.00          0.00     2.87%    264.00   264.50   260.00   262.50      348.50   348.50   348.50   348.50    +86.00   +32.76%
      12            56  8358      金居                   75.00          0.00     2.50%    509.00   515.00   495.00   495.00      534.00   570.00   526.00   570.00    +75.00   +15.15%
      13             8  3163      波若威                  62.00          0.00     2.07%    658.00   664.00   643.00   643.00      722.00   725.00   707.00   709.00    +66.00   +10.26%
      14            22  5536      聖暉*                  57.00          0.00     1.90%    908.00   935.00   908.00   919.00      975.00   977.00   946.00   954.00    +35.00    +3.81%
      15            23  3131      弘塑                  200.00        145.00     1.84%   2505.00  2590.00  2435.00  2525.00     2470.00  2580.00  2455.00  2530.00     +5.00    +0.20%
      16            10  4971      IET-KY               53.00          0.00     1.77%    553.00   558.00   537.00   539.00      601.00   607.00   582.00   584.00    +45.00    +8.35%
      17            39  4991      環宇-KY                62.00         10.00     1.74%    485.00   498.00   471.50   488.00      547.00   547.00   519.00   524.00    +36.00    +7.38%
      18            38  4749      新應材                  49.00          0.00     1.64%    782.00   788.00   752.00   766.00      803.00   812.00   788.00   806.00    +40.00    +5.22%
      19            35  7751      竑騰                   85.00         40.00     1.50%   1625.00  1650.00  1530.00  1625.00     1600.00  1660.00  1590.00  1605.00    -20.00    -1.23%
      20            44  6727      亞泰金屬                 43.00          0.00     1.44%    487.50   499.50   485.00   485.00      520.00   545.00   513.00   531.00    +46.00    +9.48%
      21            41  3374      精材                   42.50          0.00     1.42%    462.00   462.00   452.00   454.50      478.50   505.00   471.50   498.50    +44.00    +9.68%
      22            17  7728      光焱科技                 60.00         18.00     1.40%    615.00   667.00   615.00   667.00      627.00   646.00   627.00   636.00    -31.00    -4.65%
      23            33  3441      聯一光                  39.00          0.00     1.30%    184.50   187.00   181.50   184.50      215.00   232.00   215.00   232.00    +47.50   +25.75%
      24            44  7556      意德士                  37.50          0.00     1.25%    272.00   272.00   264.50   264.50      275.50   300.00   275.50   300.00    +35.50   +13.42%
      25            45  3147      大綜                   34.50          0.00     1.15%    245.50   250.00   243.50   243.50      264.50   275.00   257.00   275.00    +31.50   +12.94%
      26            11  8227      巨有科技                 33.50          0.00     1.12%    370.50   370.50   370.50   370.50      372.00   372.00   361.50   366.00     -4.50    -1.21%
      27            56  4908      前鼎                   30.00          0.00     1.00%    210.50   212.00   205.50   207.00      234.00   242.00   228.00   234.50    +27.50   +13.29%
      28            48  6788      華景電                  30.00          0.00     1.00%    346.00   351.50   346.00   349.00      367.00   389.50   360.00   376.50    +27.50    +7.88%
      29            13  3363      上詮                   30.00          0.00     1.00%    661.00   671.00   648.00   649.00      682.00   688.00   663.00   664.00    +15.00    +2.31%
      30            66  4979      華星光                  41.00         12.00     0.97%    576.00   576.00   561.00   569.00      605.00   605.00   580.00   598.00    +29.00    +5.10%
      31            43  5483      中美晶                  28.50          0.00     0.95%    193.00   207.50   192.00   207.50      225.00   229.00   213.00   214.50     +7.00    +3.37%
      32            45  6877      鏵友益                  26.00          0.00     0.87%    129.00   129.00   124.00   126.00      153.50   153.50   140.00   145.50    +19.50   +15.48%
      33            44  6435      大中                   25.00          0.00     0.83%    255.50   259.00   252.00   252.00      279.00   294.50   275.00   276.50    +24.50    +9.72%
      34            57  6903      巨漢                   22.00          0.00     0.73%    306.50   318.50   306.50   315.50      321.00   329.00   319.00   328.00    +12.50    +3.96%
      35            19  8091      翔名                   21.50          0.00     0.72%    221.50   223.00   215.50   217.00      246.00   246.50   234.50   240.00    +23.00   +10.60%
      36            54  4556      旭然                   21.00          0.00     0.70%     93.70   101.50    93.70   101.50      117.00   125.50   114.50   125.50    +24.00   +23.65%
      37            11  3455      由田                   20.00          0.00     0.67%    268.50   279.00   260.50   267.00      286.00   295.50   274.00   283.50    +16.50    +6.18%
      38            64  8155      博智                   19.50          0.00     0.65%    310.00   318.50   302.00   316.00      328.00   338.00   326.00   329.50    +13.50    +4.27%
      39            14  3675      德微                   29.00         11.00     0.60%    337.00   338.00   328.50   330.00      363.50   377.00   348.00   349.00    +19.00    +5.76%
      40            21  4772      台特化                  17.00          0.00     0.57%    274.00   280.50   268.50   269.00      290.00   290.00   277.50   278.00     +9.00    +3.35%
==========================================================================================================================================================================
✅ 共 40 筆
