
██████████████████████████████████████████████████████████████████████████████████████████████████████████████
  📅 天數組合: 3 日  →  輸出檔: q13_03.txt
██████████████████████████████████████████████████████████████████████████████████████████████████████████████

🔁 共執行 3 次，每次區間長度 4 個交易日

══════════════════════════════════════════════════════════════════════════════════════════════════════════════
  🔄 第  1/3 次  2026/10/02 ～ 2026/10/07
══════════════════════════════════════════════════════════════════════════════════════════════════════════════

==========================================================================================================================================================================
📊 動能效率優先權分數排名 (2026/10/02 ~ 2026/10/07)
==========================================================================================================================================================================
    實資排名          累計天數排名  代號        名稱                 累計漲停(元)       累計跌停(元)       強度%  (10/02)開盤      最高      最低      收盤    (10/07)開盤      最高      最低      收盤      賺賠    賺賠率
--------------------------------------------------------------------------------------------------------------------------------------------------------------------------
       1               1  4556      旭然                   23.00          0.00   100.00%    111.50   122.50   109.50   114.50      137.50   149.00   133.00   145.00    +30.50   +26.64%
       2               3  6187      萬潤                  260.00          0.00    65.59%   1290.00  1385.00  1290.00  1355.00     1545.00  1570.00  1510.00  1535.00   +180.00   +13.28%
       3               2  4908      前鼎                   53.00          0.00    61.37%    210.00   224.50   210.00   224.50      239.00   254.00   238.00   254.00    +29.50   +13.14%
       4               7  3147      大綜                   27.50          0.00    54.60%    266.00   273.00   255.00   264.50      286.50   296.50   283.00   295.00    +30.50   +11.53%
       5              12  3441      聯一光                  44.00          0.00    52.35%    210.00   222.50   207.00   211.00      260.00   280.50   247.50   249.00    +38.00   +18.01%
       6               6  6223      旺矽                  640.00        140.00    52.00%   5055.00  5310.00  5055.00  5310.00     5590.00  5725.00  5480.00  5530.00   +220.00    +4.14%
       7               4  6488      環球晶                 140.00         10.00    51.08%   1090.00  1190.00  1075.00  1190.00     1185.00  1240.00  1180.00  1215.00    +25.00    +2.10%
       8               8  8086      宏捷科                  12.50          0.00    49.84%    116.00   120.50   116.00   120.00      129.00   140.00   127.50   140.00    +20.00   +16.67%
       9               5  6274      台燿                  245.00         60.00    49.44%   1540.00  1685.00  1530.00  1620.00     1740.00  1835.00  1710.00  1720.00   +100.00    +6.17%
      10              10  6028      公勝保經                 10.00          0.00    48.70%     98.90    99.90    98.90    99.80      102.50   112.00   102.50   112.00    +12.20   +12.22%
      11              11  6716      應廣                   25.00          0.00    47.51%    118.00   121.50   115.00   121.00      153.00   160.00   142.50   153.50    +32.50   +26.86%
      12               9  3234      光環                   24.50          0.00    46.44%    174.50   184.00   174.50   181.50      178.00   193.00   177.50   191.00     +9.50    +5.23%
      13              13  8358      金居                   65.00         19.00    45.21%    514.00   536.00   511.00   519.00      536.00   560.00   530.00   549.00    +30.00    +5.78%
      14              21  5536      聖暉*                  91.00          0.00    44.77%    964.00   975.00   938.00   956.00     1000.00  1060.00   982.00  1045.00    +89.00    +9.31%
      15              17  3362      先進光                  15.50          0.00    43.70%    175.50   178.00   174.50   175.50      190.00   196.00   187.50   196.00    +20.50   +11.68%
      16              16  6461      益得                    0.00          0.00    43.67%     24.05    26.45    24.05    26.45       29.35    29.35    28.20    29.20     +2.75   +10.40%
      17              18  5432      新門                   31.00          0.00    43.44%    159.00   166.50   159.00   164.50      195.50   215.00   195.00   195.00    +30.50   +18.54%
      18              15  3081      聯亞                  560.00         80.00    41.25%   2780.00  2925.00  2735.00  2925.00     2990.00  3210.00  2990.00  3140.00   +215.00    +7.35%
      19              14  7556      意德士                  37.50         12.50    40.91%    261.00   273.50   260.00   273.00      297.50   302.00   280.00   283.00    +10.00    +3.66%
      20              19  3374      精材                   52.00         11.00    39.62%    457.00   467.50   454.00   467.50      483.00   499.50   475.50   497.00    +29.50    +6.31%
      21              30  3693      營邦                   53.00          0.00    39.54%    660.00   676.00   656.00   663.00      718.00   729.00   704.00   718.00    +55.00    +8.30%
      22              31  3466      德晉                    0.00          0.00    38.63%     23.90    24.30    23.85    24.20       26.15    27.60    25.95    27.50     +3.30   +13.64%
      23              32  6667      信紘科                  18.00          0.00    37.84%    263.50   263.50   260.00   260.00      260.50   285.00   260.50   278.50    +18.50    +7.12%
      24              34  4707      磐亞                    0.00          0.00    37.35%     28.80    30.80    28.70    30.15       33.30    34.25    32.20    32.60     +2.45    +8.13%
      25              24  6788      華景電                  30.00          0.00    36.52%    347.50   365.50   347.00   360.00      375.00   385.00   375.00   377.00    +17.00    +4.72%
      26              23  6727      亞泰金屬                 43.00          0.00    36.11%    492.50   527.00   492.50   516.00      525.00   550.00   525.00   526.00    +10.00    +1.94%
      27              26  4760      勤凱                   60.00         13.50    35.94%    302.00   317.00   302.00   317.00      331.00   354.00   331.00   334.00    +17.00    +5.36%
      28              25  3707      漢磊                    0.00          0.00    35.86%     77.50    85.20    76.30    85.20       85.20    91.50    84.10    89.90     +4.70    +5.52%
      29              28  5483      中美晶                  10.00          0.00    35.50%    210.50   229.50   209.50   221.50      214.00   227.00   214.00   224.00     +2.50    +1.13%
      30              27  8074      鉅橡                    0.00          0.00    35.49%     51.90    56.90    51.90    56.90       56.20    59.50    55.60    58.00     +1.10    +1.93%
      31              37  3491      昇達科                 230.00         10.00    35.41%   1480.00  1510.00  1475.00  1485.00     1745.00  1760.00  1680.00  1705.00   +220.00   +14.81%
      32              22  5011      久陽                    0.00          0.00    35.34%     18.55    20.45    18.50    20.45       21.40    23.80    21.40    22.65     +2.20   +10.76%
      33              39  5452      佶優                    0.00          0.00    35.32%     27.45    28.05    27.45    27.95       32.00    32.00    31.05    31.20     +3.25   +11.63%
      34              20  8091      翔名                   21.50          0.00    34.91%    216.50   237.00   216.50   237.00      230.00   234.00   227.00   233.50     -3.50    -1.48%
      35              35  5475      德宏                   12.00          0.00    34.90%    177.00   183.00   177.00   180.50      181.00   198.00   181.00   193.00    +12.50    +6.93%
      36              43  4706      大恭                    0.00          0.00    34.63%     34.75    34.75    34.05    34.70       41.00    43.15    38.30    43.15     +8.45   +24.35%
      37              53  6498      久禾光                   0.00          0.00    34.45%     68.00    68.40    67.70    68.40       74.30    75.30    73.50    74.50     +6.10    +8.92%
      38              55  3265      台星科                  29.00          0.00    34.27%    185.00   193.00   183.00   188.00      217.00   217.00   217.00   217.00    +29.00   +15.43%
      39              29  2061      風青                    0.00          0.00    34.21%     60.80    67.80    60.00    67.80       66.10    69.70    65.70    68.40     +0.60    +0.88%
      40             728  9960      邁達康                   0.00          0.00    34.15%     38.00    38.20    37.60    38.00       36.70    40.15    36.70    40.10     +2.10    +5.53%
==========================================================================================================================================================================
✅ 共 40 筆


══════════════════════════════════════════════════════════════════════════════════════════════════════════════
  🔄 第  2/3 次  2026/10/01 ～ 2026/10/06
══════════════════════════════════════════════════════════════════════════════════════════════════════════════

==========================================================================================================================================================================
📊 動能效率優先權分數排名 (2026/10/01 ~ 2026/10/06)
==========================================================================================================================================================================
    實資排名          累計天數排名  代號        名稱                 累計漲停(元)       累計跌停(元)       強度%  (10/01)開盤      最高      最低      收盤    (10/06)開盤      最高      最低      收盤      賺賠    賺賠率
--------------------------------------------------------------------------------------------------------------------------------------------------------------------------
       1               1  4556      旭然                   33.00          0.00   100.00%    108.00   111.50    98.30   111.50      124.50   138.00   123.50   137.50    +26.00   +23.32%
       2               2  3441      聯一光                  62.00          0.00    92.34%    189.00   202.50   189.00   202.50      238.00   255.00   238.00   255.00    +52.50   +25.93%
       3               3  3147      大綜                   51.50          0.00    71.48%    242.00   267.50   240.00   267.50      282.00   300.00   278.00   292.00    +24.50    +9.16%
       4               4  6274      台燿                  260.00         25.00    59.84%   1530.00  1540.00  1500.00  1535.00     1775.00  1775.00  1680.00  1755.00   +220.00   +14.33%
       5               5  6488      環球晶                 180.00         10.00    59.21%   1055.00  1135.00  1045.00  1085.00     1175.00  1260.00  1145.00  1205.00   +120.00   +11.06%
       6               6  4760      勤凱                   86.00         13.50    56.89%    267.00   288.50   267.00   288.50      335.00   356.00   320.00   335.00    +46.50   +16.12%
       7               7  8358      金居                   75.00         19.00    49.00%    500.00   521.00   500.00   505.00      577.00   578.00   548.00   551.00    +46.00    +9.11%
       8               9  6716      應廣                   25.00          0.00    48.75%    114.50   117.50   113.00   117.50      145.00   146.00   139.50   146.00    +28.50   +24.26%
       9               8  7556      意德士                  37.50          0.00    46.90%    268.00   268.00   261.00   262.50      309.00   314.00   288.00   295.50    +33.00   +12.57%
      10              10  6187      萬潤                  260.00         35.00    44.64%   1300.00  1325.00  1260.00  1275.00     1500.00  1590.00  1445.00  1535.00   +260.00   +20.39%
      11              12  6461      益得                    0.00          0.00    43.94%     24.20    24.40    23.75    24.05       27.20    29.30    27.20    29.20     +5.15   +21.41%
      12              14  5432      新門                   31.00          0.00    43.39%    160.50   165.50   158.00   158.50      192.00   195.50   185.50   195.50    +37.00   +23.34%
      13              11  6640      均華                  125.00         30.00    41.38%   1075.00  1140.00  1075.00  1110.00     1160.00  1175.00  1110.00  1135.00    +25.00    +2.25%
      14              16  3362      先進光                  15.50          0.00    39.91%    172.00   178.50   172.00   175.50      191.50   202.00   188.00   188.50    +13.00    +7.41%
      15              23  5452      佶優                    0.00          0.00    39.86%     27.40    27.60    27.05    27.45       30.40    32.80    30.05    32.00     +4.55   +16.58%
      16              26  8437      大地-KY                 0.00          0.00    39.33%     10.10    10.65    10.10    10.60       11.00    12.10    10.85    11.70     +1.10   +10.38%
      17              31  5536      聖暉*                  80.00          0.00    39.17%    929.00   970.00   919.00   959.00      955.00   994.00   950.00   994.00    +35.00    +3.65%
      18              25  6223      旺矽                  640.00         95.00    38.90%   5130.00  5185.00  4995.00  5030.00     5530.00  5725.00  5425.00  5670.00   +640.00   +12.72%
      19              21  6419      京晨科                  15.50          0.00    38.80%    156.00   156.00   153.00   155.00      170.00   170.00   164.00   168.50    +13.50    +8.71%
      20              18  5355      佳總                    0.00          0.00    38.47%      6.98     7.10     6.96     7.10        7.86     8.10     7.71     7.71     +0.61    +8.59%
      21              13  4905      台聯電                   0.00          0.00    38.32%     77.20    84.10    77.20    84.10       98.20    98.20    91.00    91.20     +7.10    +8.44%
      22              41  6983      華洋精機                 35.50          0.00    38.25%    351.50   364.00   350.00   353.00      375.50   395.00   360.50   395.00    +42.00   +11.90%
      23              20  4716      大立                    0.00          0.00    38.08%     16.95    17.60    16.70    17.25       20.95    20.95    20.95    20.95     +3.70   +21.45%
      24              15  3675      德微                   29.00         24.50    38.02%    330.00   360.00   328.00   359.00      349.00   354.00   334.00   335.50    -23.50    -6.55%
      25              17  3236      千如                    0.00          0.00    38.02%     44.40    48.55    44.40    48.55       53.00    54.40    51.50    52.60     +4.05    +8.34%
      26              37  6498      久禾光                   0.00          0.00    37.44%     67.50    68.50    66.60    68.30       69.90    76.00    69.10    75.00     +6.70    +9.81%
      27              19  6727      亞泰金屬                 43.00          0.00    37.34%    488.00   496.50   481.50   488.00      537.00   558.00   522.00   528.00    +40.00    +8.20%
      28              99  6945      圓祥生技                 12.50          0.00    37.17%    147.50   148.00   142.50   143.00      128.50   142.00   128.50   142.00     -1.00    -0.70%
      29              36  3284      太普高                   0.00          0.00    36.90%     19.85    20.10    19.50    19.65       21.70    22.40    21.05    22.40     +2.75   +13.99%
      30              52  3265      台星科                   9.50          0.00    36.41%    185.00   186.50   181.50   185.00      188.00   203.50   188.00   197.50    +12.50    +6.76%
      31              22  6435      大中                   25.00         11.50    35.98%    253.00   262.00   253.00   262.00      271.00   272.00   264.00   265.00     +3.00    +1.15%
      32              32  5228      鈺鎧                    0.00          0.00    35.86%     39.90    43.70    39.90    43.70       48.70    52.20    48.15    50.80     +7.10   +16.25%
      33              64  4711      永純                    0.00          0.00    35.80%     16.70    16.75    16.05    16.15       16.80    18.45    16.80    18.45     +2.30   +14.24%
      34              28  2061      風青                    0.00          0.00    35.73%     60.00    65.00    60.00    61.70       65.00    67.50    64.50    65.50     +3.80    +6.16%
      35              88  3219      倚強科                  12.50          0.00    35.67%    132.50   134.00   128.50   131.50      131.50   140.50   130.00   140.50     +9.00    +6.84%
      36              63  4707      磐亞                    0.00          0.00    35.67%     30.35    30.85    28.70    28.70       30.35    33.25    30.30    33.25     +4.55   +15.85%
      37              29  6788      華景電                  30.00          0.00    35.43%    351.00   353.00   344.50   346.50      376.50   380.00   367.50   370.50    +24.00    +6.93%
      38              24  8289      泰藝                    0.00          0.00    35.24%     46.35    51.00    46.30    51.00       56.80    57.20    53.60    54.30     +3.30    +6.47%
      39              34  3564      其陽                    0.00          0.00    35.21%     50.90    51.20    50.00    51.00       60.40    61.60    56.40    60.50     +9.50   +18.63%
      40              62  3630      新鉅科                   0.00          0.00    35.16%     26.95    27.40    26.85    26.90       27.30    29.90    27.15    29.50     +2.60    +9.67%
==========================================================================================================================================================================
✅ 共 40 筆


══════════════════════════════════════════════════════════════════════════════════════════════════════════════
  🔄 第  3/3 次  2026/09/30 ～ 2026/10/05
══════════════════════════════════════════════════════════════════════════════════════════════════════════════

==========================================================================================================================================================================
📊 動能效率優先權分數排名 (2026/09/30 ~ 2026/10/05)
==========================================================================================================================================================================
    實資排名          累計天數排名  代號        名稱                 累計漲停(元)       累計跌停(元)       強度%  (09/30)開盤      最高      最低      收盤    (10/05)開盤      最高      最低      收盤      賺賠    賺賠率
--------------------------------------------------------------------------------------------------------------------------------------------------------------------------
       1               1  6488      環球晶                 245.00         10.00   100.00%    966.00  1035.00   953.00  1035.00     1220.00  1235.00  1175.00  1180.00   +145.00   +14.01%
       2               2  6274      台燿                  295.00          0.00    95.26%   1500.00  1550.00  1485.00  1520.00     1695.00  1780.00  1680.00  1780.00   +260.00   +17.11%
       3               3  4556      旭然                   21.00          0.00    84.95%     93.70   101.50    93.70   101.50      117.00   125.50   114.50   125.50    +24.00   +23.65%
       4               4  3441      聯一光                  39.00          0.00    80.80%    184.50   187.00   181.50   184.50      215.00   232.00   215.00   232.00    +47.50   +25.75%
       5               7  7556      意德士                  37.50          0.00    69.97%    272.00   272.00   264.50   264.50      275.50   300.00   275.50   300.00    +35.50   +13.42%
       6               5  3147      大綜                   34.50          0.00    69.94%    245.50   250.00   243.50   243.50      264.50   275.00   257.00   275.00    +31.50   +12.94%
       7               6  4760      勤凱                   86.00          0.00    69.11%    264.00   264.50   260.00   262.50      348.50   348.50   348.50   348.50    +86.00   +32.76%
       8               8  8358      金居                   75.00          0.00    67.32%    509.00   515.00   495.00   495.00      534.00   570.00   526.00   570.00    +75.00   +15.15%
       9              11  3105      穩懋                  126.00          0.00    54.20%    509.00   542.00   509.00   542.00      614.00   630.00   604.00   615.00    +73.00   +13.47%
      10              10  5483      中美晶                  28.50          0.00    53.55%    193.00   207.50   192.00   207.50      225.00   229.00   213.00   214.50     +7.00    +3.37%
      11              15  6716      應廣                   12.00          0.00    53.18%    116.00   116.50   114.00   114.00      123.50   133.00   120.50   133.00    +19.00   +16.67%
      12              13  4905      台聯電                   0.00          0.00    52.17%     77.20    77.70    76.00    76.50       95.20   101.50    95.20    97.10    +20.60   +26.93%
      13              12  5205      中茂                    0.00          0.00    51.54%     17.30    18.90    17.30    18.90       23.50    25.05    23.00    25.05     +6.15   +32.54%
      14               9  2221      大甲                   17.50         18.50    51.47%    178.00   198.00   170.00   197.50      189.00   191.00   181.00   186.00    -11.50    -5.82%
      15              19  6640      均華                  125.00          0.00    50.66%   1065.00  1090.00  1030.00  1040.00     1140.00  1195.00  1120.00  1165.00   +125.00   +12.02%
      16              20  3362      先進光                  15.50          0.00    48.60%    173.00   173.50   171.00   171.00      178.00   193.00   178.00   191.00    +20.00   +11.70%
      17              25  6727      亞泰金屬                 43.00          0.00    48.45%    487.50   499.50   485.00   485.00      520.00   545.00   513.00   531.00    +46.00    +9.48%
      18              26  3374      精材                   42.50          0.00    48.33%    462.00   462.00   452.00   454.50      478.50   505.00   471.50   498.50    +44.00    +9.68%
      19              21  6419      京晨科                  15.50          0.00    47.62%    155.00   158.50   153.00   156.00      159.00   171.50   157.50   171.50    +15.50    +9.94%
      20              23  5355      佳總                    0.00          0.00    47.44%      7.00     7.09     7.00     7.05        7.39     8.14     7.39     7.87     +0.82   +11.63%
      21              27  6788      華景電                  30.00          0.00    47.31%    346.00   351.50   346.00   349.00      367.00   389.50   360.00   376.50    +27.50    +7.88%
      22              14  6432      今展科                   0.00          0.00    47.28%     60.30    65.10    59.80    63.50       67.80    68.50    65.80    67.10     +3.60    +5.67%
      23              24  3707      漢磊                    0.00          0.00    45.84%     72.50    77.30    71.70    75.70       87.80    91.70    84.80    85.30     +9.60   +12.68%
      24              22  8289      泰藝                    0.00          0.00    45.77%     46.25    46.95    45.70    46.40       57.90    61.70    56.90    57.20    +10.80   +23.28%
      25              18  3259      鑫創                    0.00          0.00    45.14%      9.60    10.65     8.90    10.65       12.85    13.40    12.85    13.00     +2.35   +22.07%
      26              16  7728      光焱科技                 60.00         18.00    44.47%    615.00   667.00   615.00   667.00      627.00   646.00   627.00   636.00    -31.00    -4.65%
      27              34  6461      益得                    0.00          0.00    44.06%     24.00    24.50    24.00    24.45       26.45    27.25    25.55    26.70     +2.25    +9.20%
      28              28  3675      德微                   29.00         11.00    43.91%    337.00   338.00   328.50   330.00      363.50   377.00   348.00   349.00    +19.00    +5.76%
      29              41  5011      久陽                    0.00          0.00    43.90%     18.90    19.25    18.80    18.80       21.60    22.45    21.60    22.45     +3.65   +19.41%
      30              29  6903      巨漢                   22.00          0.00    43.53%    306.50   318.50   306.50   315.50      321.00   329.00   319.00   328.00    +12.50    +3.96%
      31              17  6643      M31                  50.00         34.00    43.13%    506.00   555.00   500.00   555.00      513.00   521.00   505.00   508.00    -47.00    -8.47%
      32              37  6435      大中                   25.00          0.00    43.00%    255.50   259.00   252.00   252.00      279.00   294.50   275.00   276.50    +24.50    +9.72%
      33              55  8091      翔名                   21.50          0.00    42.91%    221.50   223.00   215.50   217.00      246.00   246.50   234.50   240.00    +23.00   +10.60%
      34              32  3236      千如                    0.00          0.00    42.86%     44.60    45.15    44.05    44.15       54.00    57.70    52.50    53.50     +9.35   +21.18%
      35              54  4908      前鼎                   30.00          0.00    42.59%    210.50   212.00   205.50   207.00      234.00   242.00   228.00   234.50    +27.50   +13.29%
      36              47  3114      好德                    0.00          0.00    42.22%     35.80    35.80    33.90    34.60       42.70    43.60    42.05    43.60     +9.00   +26.01%
      37              49  4716      大立                    0.00          0.00    41.69%     17.05    17.05    16.75    16.85       19.05    19.65    18.35    19.05     +2.20   +13.06%
      38              48  5432      新門                   13.50          0.00    41.61%    162.00   162.50   159.50   160.00      170.00   179.00   164.50   178.00    +18.00   +11.25%
      39              31  8038      長園科                   0.00          0.00    41.41%     31.90    34.70    31.90    34.60       35.00    35.95    34.70    35.40     +0.80    +2.31%
      40              39  8086      宏捷科                   0.00          0.00    41.40%    111.00   116.00   111.00   114.50      125.00   132.00   120.50   129.00    +14.50   +12.66%
==========================================================================================================================================================================
✅ 共 40 筆
