
██████████████████████████████████████████████████████████████████████████████████████████████████████████████
  📅 天數組合: 5 日  →  輸出檔: q13_05.txt
██████████████████████████████████████████████████████████████████████████████████████████████████████████████

🔁 共執行 5 次，每次區間長度 6 個交易日

══════════════════════════════════════════════════════════════════════════════════════════════════════════════
  🔄 第  1/5 次  2026/09/30 ～ 2026/10/07
══════════════════════════════════════════════════════════════════════════════════════════════════════════════

==========================================================================================================================================================================
📊 動能效率優先權分數排名 (2026/09/30 ~ 2026/10/07)
==========================================================================================================================================================================
    實資排名          累計天數排名  代號        名稱                 累計漲停(元)       累計跌停(元)       強度%  (09/30)開盤      最高      最低      收盤    (10/07)開盤      最高      最低      收盤      賺賠    賺賠率
--------------------------------------------------------------------------------------------------------------------------------------------------------------------------
       1               1  4556      旭然                   33.00          0.00   100.00%     93.70   101.50    93.70   101.50      137.50   149.00   133.00   145.00    +43.50   +42.86%
       2               2  6488      環球晶                 280.00         10.00    71.61%    966.00  1035.00   953.00  1035.00     1185.00  1240.00  1180.00  1215.00   +180.00   +17.39%
       3               3  3147      大綜                   51.50          0.00    64.38%    245.50   250.00   243.50   243.50      286.50   296.50   283.00   295.00    +51.50   +21.15%
       4               4  3441      聯一光                  62.00          0.00    59.61%    184.50   187.00   181.50   184.50      260.00   280.50   247.50   249.00    +64.50   +34.96%
       5               5  6274      台燿                  295.00         60.00    55.32%   1500.00  1550.00  1485.00  1520.00     1740.00  1835.00  1710.00  1720.00   +200.00   +13.16%
       6               6  5536      聖暉*                 148.00          0.00    53.28%    908.00   935.00   908.00   919.00     1000.00  1060.00   982.00  1045.00   +126.00   +13.71%
       7               7  5483      中美晶                  28.50          0.00    47.27%    193.00   207.50   192.00   207.50      214.00   227.00   214.00   224.00    +16.50    +7.95%
       8               8  4760      勤凱                   86.00         13.50    46.12%    264.00   264.50   260.00   262.50      331.00   354.00   331.00   334.00    +71.50   +27.24%
       9               9  4908      前鼎                   53.00          0.00    43.90%    210.50   212.00   205.50   207.00      239.00   254.00   238.00   254.00    +47.00   +22.71%
      10              10  8086      宏捷科                  12.50          0.00    41.90%    111.00   116.00   111.00   114.50      129.00   140.00   127.50   140.00    +25.50   +22.27%
      11              11  8358      金居                   75.00         19.00    40.77%    509.00   515.00   495.00   495.00      536.00   560.00   530.00   549.00    +54.00   +10.91%
      12              13  6028      公勝保經                 10.00          0.00    39.24%     98.70    99.00    98.50    99.00      102.50   112.00   102.50   112.00    +13.00   +13.13%
      13              16  6716      應廣                   25.00          0.00    38.49%    116.00   116.50   114.00   114.00      153.00   160.00   142.50   153.50    +39.50   +34.65%
      14              14  6147      頎邦                   31.00          0.00    36.60%    211.50   214.50   209.00   209.50      216.50   238.00   215.50   231.50    +22.00   +10.50%
      15              26  6461      益得                    0.00          0.00    36.40%     24.00    24.50    24.00    24.45       29.35    29.35    28.20    29.20     +4.75   +19.43%
      16              18  3362      先進光                  15.50          0.00    36.14%    173.00   173.50   171.00   171.00      190.00   196.00   187.50   196.00    +25.00   +14.62%
      17              12  2221      大甲                   17.50         18.50    35.93%    178.00   198.00   170.00   197.50      187.50   195.00   185.00   189.50     -8.00    -4.05%
      18              15  5205      中茂                    0.00          0.00    35.37%     17.30    18.90    17.30    18.90       30.30    30.30    30.30    30.30    +11.40   +60.32%
      19              19  3707      漢磊                    0.00          0.00    35.36%     72.50    77.30    71.70    75.70       85.20    91.50    84.10    89.90    +14.20   +18.76%
      20              23  3236      千如                    0.00          0.00    35.20%     44.60    45.15    44.05    44.15       52.60    57.80    52.60    56.20    +12.05   +27.29%
      21              20  6538      倉和                   43.50         70.50    35.04%    360.50   374.50   355.00   356.00      272.00   332.00   272.00   332.00    -24.00    -6.74%
      22              27  3234      光環                   24.50          0.00    34.89%    177.50   179.00   172.50   173.00      178.00   193.00   177.50   191.00    +18.00   +10.40%
      23              32  3211      順達                   12.50          0.00    34.40%    390.00   406.00   388.00   398.50      389.00   404.00   386.00   389.50     -9.00    -2.26%
      24              17  6485      點序                    0.00          0.00    33.87%     70.60    77.00    70.60    77.00       77.90    85.60    77.90    85.60     +8.60   +11.17%
      25              24  3675      德微                   53.00         24.50    33.83%    337.00   338.00   328.50   330.00      339.00   363.00   338.00   359.50    +29.50    +8.94%
      26              21  3624      光頡                   28.00          0.00    33.78%    140.50   144.00   134.00   137.50      153.00   159.50   153.00   159.50    +22.00   +16.00%
      27              36  5432      新門                   31.00          0.00    33.51%    162.00   162.50   159.50   160.00      195.50   215.00   195.00   195.00    +35.00   +21.88%
      28              22  6432      今展科                   0.00          0.00    32.50%     60.30    65.10    59.80    63.50       64.40    70.00    64.40    66.20     +2.70    +4.25%
      29              42  3466      德晉                    0.00          0.00    32.22%     23.80    23.95    23.60    23.90       26.15    27.60    25.95    27.50     +3.60   +15.06%
      30              31  4905      台聯電                   0.00          0.00    31.76%     77.20    77.70    76.00    76.50       91.20    98.30    91.20    92.80    +16.30   +21.31%
      31              29  6174      安碁                    0.00          0.00    31.72%     45.35    46.20    44.65    45.50       53.00    59.80    52.70    58.20    +12.70   +27.91%
      32              33  3374      精材                   52.00         11.00    31.63%    462.00   462.00   452.00   454.50      483.00   499.50   475.50   497.00    +42.50    +9.35%
      33              66  6187      萬潤                  260.00         35.00    31.50%   1375.00  1420.00  1275.00  1310.00     1545.00  1570.00  1510.00  1535.00   +225.00   +17.18%
      34              37  6667      信紘科                  18.00          0.00    31.19%    261.00   263.50   259.50   262.00      260.50   285.00   260.50   278.50    +16.50    +6.30%
      35              25  3105      穩懋                  126.00         23.00    31.06%    509.00   542.00   509.00   542.00      589.00   613.00   582.00   588.00    +46.00    +8.49%
      36              52  2061      風青                    0.00          0.00    31.01%     60.40    63.30    59.20    59.80       66.10    69.70    65.70    68.40     +8.60   +14.38%
      37              35  4543      萬在                    0.00          0.00    30.82%     28.75    29.50    28.75    29.45       30.20    32.75    29.90    32.75     +3.30   +11.21%
      38              40  6788      華景電                  30.00          0.00    30.77%    346.00   351.50   346.00   349.00      375.00   385.00   375.00   377.00    +28.00    +8.02%
      39              56  5452      佶優                    0.00          0.00    30.74%     27.30    27.50    27.25    27.40       32.00    32.00    31.05    31.20     +3.80   +13.87%
      40              47  8074      鉅橡                    0.00          0.00    30.73%     51.20    51.80    51.10    51.60       56.20    59.50    55.60    58.00     +6.40   +12.40%
==========================================================================================================================================================================
✅ 共 40 筆


══════════════════════════════════════════════════════════════════════════════════════════════════════════════
  🔄 第  2/5 次  2026/09/29 ～ 2026/10/06
══════════════════════════════════════════════════════════════════════════════════════════════════════════════

==========================================================================================================================================================================
📊 動能效率優先權分數排名 (2026/09/29 ~ 2026/10/06)
==========================================================================================================================================================================
    實資排名          累計天數排名  代號        名稱                 累計漲停(元)       累計跌停(元)       強度%  (09/29)開盤      最高      最低      收盤    (10/06)開盤      最高      最低      收盤      賺賠    賺賠率
--------------------------------------------------------------------------------------------------------------------------------------------------------------------------
       1               1  4556      旭然                   33.00          0.00   100.00%     92.10    97.40    92.10    92.40      124.50   138.00   123.50   137.50    +45.10   +48.81%
       2               2  3441      聯一光                  62.00          0.00    88.75%    177.50   185.00   176.00   185.00      238.00   255.00   238.00   255.00    +70.00   +37.84%
       3               3  6488      環球晶                 270.00         10.00    77.90%    940.00   964.00   930.00   945.00     1175.00  1260.00  1145.00  1205.00   +260.00   +27.51%
       4               4  3147      大綜                   51.50          0.00    65.67%    240.00   244.50   237.00   243.00      282.00   300.00   278.00   292.00    +49.00   +20.16%
       5               5  2221      大甲                   33.50         18.50    58.84%    169.00   180.00   167.50   180.00      186.50   188.00   180.00   186.00     +6.00    +3.33%
       6               6  6187      萬潤                  375.00         35.00    48.70%   1230.00  1310.00  1230.00  1310.00     1500.00  1590.00  1445.00  1535.00   +225.00   +17.18%
       7              10  4760      勤凱                   86.00         13.50    48.31%    268.00   268.00   259.50   260.00      335.00   356.00   320.00   335.00    +75.00   +28.85%
       8               9  7728      光焱科技                 72.00         18.00    46.02%    586.00   609.00   586.00   607.00      642.00   642.00   633.00   638.00    +31.00    +5.11%
       9               7  6640      均華                  155.00         30.00    45.20%   1000.00  1070.00   995.00  1040.00     1160.00  1175.00  1110.00  1135.00    +95.00    +9.13%
      10              18  6274      台燿                  295.00         35.00    43.82%   1495.00  1515.00  1465.00  1485.00     1775.00  1775.00  1680.00  1755.00   +270.00   +18.18%
      11              16  5483      中美晶                  28.50          0.00    42.29%    187.00   192.00   186.00   189.00      214.50   220.50   211.00   215.00    +26.00   +13.76%
      12              22  6461      益得                    0.00          0.00    42.22%     24.00    24.40    23.80    24.30       27.20    29.30    27.20    29.20     +4.90   +20.16%
      13              21  6716      應廣                   25.00          0.00    41.92%    115.00   117.00   114.50   114.50      145.00   146.00   139.50   146.00    +31.50   +27.51%
      14               8  4768      晶呈科技                 55.00         22.50    41.47%    325.50   357.50   323.00   357.50      366.50   382.50   361.00   370.00    +12.50    +3.50%
      15              26  5536      聖暉*                  97.00          0.00    41.04%    902.00   907.00   886.00   902.00      955.00   994.00   950.00   994.00    +92.00   +10.20%
      16              19  7556      意德士                  37.50          0.00    40.67%    264.50   273.50   264.50   267.50      309.00   314.00   288.00   295.50    +28.00   +10.47%
      17              33  6945      圓祥生技                 12.50          0.00    40.20%    137.50   140.00   135.00   140.00      128.50   142.00   128.50   142.00     +2.00    +1.43%
      18              12  5309      系統電                   0.00          0.00    40.01%     53.50    59.10    53.50    59.10       67.10    67.60    63.90    67.20     +8.10   +13.71%
      19             148  5205      中茂                    0.00          0.00    39.34%        --       --       --       --       27.55    27.55    27.55    27.55        --        --
      20              14  2061      風青                    0.00          0.00    39.13%     54.40    59.40    54.30    59.40       65.00    67.50    64.50    65.50     +6.10   +10.27%
      21              31  3211      順達                   12.50          0.00    39.10%    381.00   392.50   380.00   386.00      368.00   401.00   361.00   395.00     +9.00    +2.33%
      22              36  3219      倚強科                  23.50          0.00    38.75%    123.50   125.50   120.50   125.50      131.50   140.50   130.00   140.50    +15.00   +11.95%
      23              15  4991      環宇-KY                73.00         29.00    38.00%    455.00   493.00   455.00   474.50      528.00   535.00   503.00   505.00    +30.50    +6.43%
      24              20  4154      樂威科-KY                0.00          0.00    36.62%     11.80    13.00    11.80    12.90       12.00    12.00    12.00    12.00     -0.90    -6.98%
      25              25  4174      浩鼎                    0.00          0.00    36.53%     32.65    35.65    32.45    35.65       46.15    50.80    45.85    50.80    +15.15   +42.50%
      26              11  3498      陽程                   42.50          9.50    36.29%    216.00   235.00   212.00   235.00      248.50   257.00   230.50   234.50     -0.50    -0.21%
      27              66  5432      新門                   31.00          0.00    36.05%    163.50   164.00   160.00   160.50      192.00   195.50   185.50   195.50    +35.00   +21.81%
      28              43  6419      京晨科                  15.50          0.00    35.42%    151.50   155.00   151.00   152.00      170.00   170.00   164.00   168.50    +16.50   +10.86%
      29              24  6127      九豪                    0.00          0.00    35.16%     48.45    51.70    47.90    51.00       56.80    58.70    56.00    56.80     +5.80   +11.37%
      30              42  5355      佳總                    0.00          0.00    35.13%      6.98     7.00     6.80     7.00        7.86     8.10     7.71     7.71     +0.71   +10.14%
      31              23  3615      安可                    0.00          0.00    34.88%     37.80    41.65    37.50    41.65       44.55    46.40    43.30    43.50     +1.85    +4.44%
      32              39  3707      漢磊                    0.00          0.00    34.79%     72.50    74.50    72.30    72.90       87.20    87.50    83.10    86.00    +13.10   +17.97%
      33              70  5452      佶優                    0.00          0.00    34.71%     27.50    27.55    27.10    27.15       30.40    32.80    30.05    32.00     +4.85   +17.86%
      34              46  3362      先進光                  15.50          0.00    34.25%    171.50   173.00   170.00   171.00      191.50   202.00   188.00   188.50    +17.50   +10.23%
      35             142  7584      樂意                    0.00          0.00    33.93%     27.20    28.95    27.20    28.95       28.85    30.95    28.85    29.60     +0.65    +2.25%
      36              51  6156      松上                    0.00          0.00    33.93%     20.85    21.80    20.85    21.65       22.45    24.45    22.10    23.90     +2.25   +10.39%
      37              32  3236      千如                    0.00          0.00    33.92%     43.60    45.30    43.10    44.10       53.00    54.40    51.50    52.60     +8.50   +19.27%
      38              30  6432      今展科                   0.00          0.00    33.83%     59.10    61.00    59.10    59.50       66.60    66.90    64.20    64.20     +4.70    +7.90%
      39              17  8147      正淩                   22.00         15.00    33.83%    137.50   150.00   137.50   148.00      146.00   146.00   140.50   140.50     -7.50    -5.07%
      40              40  3597      映興                    0.00          0.00    33.75%     26.80    28.15    26.75    27.85       33.45    33.45    33.45    33.45     +5.60   +20.11%
==========================================================================================================================================================================
✅ 共 40 筆


══════════════════════════════════════════════════════════════════════════════════════════════════════════════
  🔄 第  3/5 次  2026/09/24 ～ 2026/10/05
══════════════════════════════════════════════════════════════════════════════════════════════════════════════

==========================================================================================================================================================================
📊 動能效率優先權分數排名 (2026/09/24 ~ 2026/10/05)
==========================================================================================================================================================================
    實資排名          累計天數排名  代號        名稱                 累計漲停(元)       累計跌停(元)       強度%  (09/24)開盤      最高      最低      收盤    (10/05)開盤      最高      最低      收盤      賺賠    賺賠率
--------------------------------------------------------------------------------------------------------------------------------------------------------------------------
       1               3  6488      環球晶                 245.00         10.00   100.00%    944.00   960.00   930.00   948.00     1220.00  1235.00  1175.00  1180.00   +232.00   +24.47%
       2               1  6207      雷科                   37.00          0.00    97.88%    115.50   125.00   115.50   125.00      150.50   152.50   145.50   152.00    +27.00   +21.60%
       3               2  3498      陽程                   57.50          9.50    92.12%    198.00   215.00   197.00   214.00      215.00   236.50   214.00   236.50    +22.50   +10.51%
       4               5  3441      聯一光                  39.00          0.00    89.87%    176.00   181.00   175.00   181.00      215.00   232.00   215.00   232.00    +51.00   +28.18%
       5               4  2221      大甲                   33.50         18.50    86.23%    158.00   164.50   158.00   164.00      189.00   191.00   181.00   186.00    +22.00   +13.41%
       6              10  4556      旭然                   21.00          0.00    80.65%     95.40    96.90    90.60    92.10      117.00   125.50   114.50   125.50    +33.40   +36.26%
       7               6  4991      環宇-KY                89.00         10.00    78.20%    447.50   464.00   436.00   463.50      547.00   547.00   519.00   524.00    +60.50   +13.05%
       8               8  3147      大綜                   34.50          0.00    76.61%    235.00   249.50   234.00   243.00      264.50   275.00   257.00   275.00    +32.00   +13.17%
       9              11  7556      意德士                  37.50          0.00    75.35%    258.00   264.50   258.00   264.50      275.50   300.00   275.50   300.00    +35.50   +13.42%
      10               7  3455      由田                   34.00          0.00    72.41%    242.00   265.00   242.00   258.00      286.00   295.50   274.00   283.50    +25.50    +9.88%
      11              14  6274      台燿                  330.00         10.00    71.04%   1485.00  1530.00  1475.00  1495.00     1695.00  1780.00  1680.00  1780.00   +285.00   +19.06%
      12              15  4760      勤凱                   86.00          0.00    67.72%    265.00   271.00   265.00   268.50      348.50   348.50   348.50   348.50    +80.00   +29.80%
      13              13  7728      光焱科技                 72.00         18.00    66.87%    582.00   603.00   580.00   595.00      627.00   646.00   627.00   636.00    +41.00    +6.89%
      14              12  6727      亞泰金屬                 83.00         22.00    62.56%    468.00   509.00   464.50   505.00      520.00   545.00   513.00   531.00    +26.00    +5.15%
      15               9  6643      M31                  88.50         44.00    62.30%    471.00   524.00   471.00   515.00      513.00   521.00   505.00   508.00     -7.00    -1.36%
      16              16  5309      系統電                   0.00          0.00    59.90%     51.50    54.30    51.30    53.80       67.00    69.00    65.20    67.10    +13.30   +24.72%
      17              19  5483      中美晶                  28.50          0.00    59.80%    184.00   188.50   181.50   188.50      225.00   229.00   213.00   214.50    +26.00   +13.79%
      18              21  8358      金居                   89.00         13.00    59.49%    498.00   511.00   495.00   511.00      534.00   570.00   526.00   570.00    +59.00   +11.55%
      19              95  5205      中茂                    0.00          0.00    58.82%     16.60    17.30    16.50    17.30       23.50    25.05    23.00    25.05     +7.75   +44.80%
      20              27  3105      穩懋                  126.00          0.00    56.68%    495.50   506.00   482.00   502.00      614.00   630.00   604.00   615.00   +113.00   +22.51%
      21              18  3114      好德                    0.00          0.00    56.12%     31.45    34.25    31.45    34.25       42.70    43.60    42.05    43.60     +9.35   +27.30%
      22              25  3707      漢磊                    0.00          0.00    55.26%     69.30    74.40    68.90    72.80       87.80    91.70    84.80    85.30    +12.50   +17.17%
      23              23  4768      晶呈科技                 55.00         22.50    55.17%    325.00   328.00   315.00   325.00      378.00   383.00   364.50   365.00    +40.00   +12.31%
      24              22  3293      鈊象                   76.00         23.00    54.71%    734.00   774.00   734.00   761.00      797.00   798.00   787.00   794.00    +33.00    +4.34%
      25              39  4905      台聯電                   0.00          0.00    54.16%     77.20    78.20    75.60    77.60       95.20   101.50    95.20    97.10    +19.50   +25.13%
      26              26  3259      鑫創                    0.00          0.00    53.86%      9.55     9.99     9.54     9.95       12.85    13.40    12.85    13.00     +3.05   +30.65%
      27              24  3131      弘塑                  310.00        145.00    53.71%   2340.00  2410.00  2340.00  2410.00     2470.00  2580.00  2455.00  2530.00   +120.00    +4.98%
      28              20  8121      越峰                    0.00          0.00    52.53%     27.65    30.65    27.60    30.65       34.15    34.45    32.20    32.50     +1.85    +6.04%
      29              57  6716      應廣                   12.00          0.00    52.18%    117.00   117.00   114.50   115.00      123.50   133.00   120.50   133.00    +18.00   +15.65%
      30              43  3362      先進光                  15.50          0.00    52.16%    170.50   175.50   168.50   173.00      178.00   193.00   178.00   191.00    +18.00   +10.40%
      31              31  8147      正淩                   22.00         15.00    51.98%    137.50   137.50   136.00   136.50      145.50   145.50   141.50   141.50     +5.00    +3.66%
      32              17  7751      竑騰                  205.00         40.00    51.69%   1435.00  1520.00  1425.00  1515.00     1600.00  1660.00  1590.00  1605.00    +90.00    +5.94%
      33              45  5355      佳總                    0.00          0.00    51.66%      6.71     6.80     6.70     6.80        7.39     8.14     7.39     7.87     +1.07   +15.74%
      34              46  6788      華景電                  30.00          0.00    51.54%    334.50   340.50   334.50   339.00      367.00   389.50   360.00   376.50    +37.50   +11.06%
      35              36  3615      安可                    0.00          0.00    51.53%     37.50    39.40    37.50    37.90       45.40    45.80    43.85    44.45     +6.55   +17.28%
      36              40  8111      立碁                    0.00          0.00    51.11%     74.10    76.70    73.80    76.40       90.40    94.30    86.50    94.30    +17.90   +23.43%
      37              50  6620      漢達                   12.00          0.00    50.50%    129.00   129.00   120.00   124.00      146.00   150.00   143.00   146.00    +22.00   +17.74%
      38              52  6432      今展科                   0.00          0.00    49.87%     60.60    60.60    59.50    60.40       67.80    68.50    65.80    67.10     +6.70   +11.09%
      39              63  6419      京晨科                  15.50          0.00    49.73%    149.50   149.50   148.50   149.00      159.00   171.50   157.50   171.50    +22.50   +15.10%
      40              49  4154      樂威科-KY                0.00          0.00    49.58%     11.85    11.85    11.80    11.85       11.25    11.85    11.25    11.85     +0.00    +0.00%
==========================================================================================================================================================================
✅ 共 40 筆


══════════════════════════════════════════════════════════════════════════════════════════════════════════════
  🔄 第  4/5 次  2026/09/23 ～ 2026/10/02
══════════════════════════════════════════════════════════════════════════════════════════════════════════════

==========================================================================================================================================================================
📊 動能效率優先權分數排名 (2026/09/23 ~ 2026/10/02)
==========================================================================================================================================================================
    實資排名          累計天數排名  代號        名稱                 累計漲停(元)       累計跌停(元)       強度%  (09/23)開盤      最高      最低      收盤    (10/02)開盤      最高      最低      收盤      賺賠    賺賠率
--------------------------------------------------------------------------------------------------------------------------------------------------------------------------
       1               2  3624      光頡                   25.50          0.00   100.00%    122.00   134.00   122.00   134.00      151.00   157.50   147.00   148.50    +14.50   +10.82%
       2               1  6207      雷科                   37.00          0.00    93.27%    116.00   117.00   113.50   114.00      145.00   152.50   141.50   148.00    +34.00   +29.82%
       3               4  2221      大甲                   33.50         18.50    85.73%    166.00   168.50   149.50   158.50      182.00   188.00   177.50   188.00    +29.50   +18.61%
       4               6  7728      光焱科技                 85.00         18.00    84.83%    580.00   591.00   576.00   589.00      649.00   661.00   635.00   645.00    +56.00    +9.51%
       5               5  4768      晶呈科技                 72.50         13.00    83.56%    319.00   337.00   311.00   329.00      374.00   389.00   372.50   374.50    +45.50   +13.83%
       6               7  3675      德微                   59.00          0.00    81.08%    309.00   332.00   307.50   332.00      359.00   378.50   352.50   360.00    +28.00    +8.43%
       7              10  3455      由田                   34.00          0.00    75.28%    248.00   252.00   244.00   244.00      287.00   295.00   277.00   280.00    +36.00   +14.75%
       8               3  7792      安葆                   57.50         19.50    73.54%    378.50   415.50   378.00   415.50      429.00   429.00   414.00   425.00     +9.50    +2.29%
       9               8  6488      環球晶                 245.00         21.00    72.44%    929.00  1005.00   922.00   950.00     1090.00  1190.00  1075.00  1190.00   +240.00   +25.26%
      10               9  4760      勤凱                   54.50          0.00    68.37%    266.00   269.00   263.00   265.00      302.00   317.00   302.00   317.00    +52.00   +19.62%
      11              16  4556      旭然                   10.00          0.00    66.33%     85.20    93.60    85.20    93.60      111.50   122.50   109.50   114.50    +20.90   +22.33%
      12              11  6693      廣閎科                  30.00          0.00    64.68%    180.00   197.00   180.00   197.00      213.50   214.00   205.00   206.00     +9.00    +4.57%
      13              15  7751      竑騰                  205.00         40.00    63.64%   1420.00  1440.00  1410.00  1435.00     1650.00  1675.00  1590.00  1590.00   +155.00   +10.80%
      14              12  3498      陽程                   36.00          9.50    63.50%    205.00   209.50   197.50   199.00      221.00   226.00   212.00   215.00    +16.00    +8.04%
      15              27  3147      大綜                   24.00          0.00    63.22%    232.50   236.00   231.50   234.50      266.00   273.00   255.00   264.50    +30.00   +12.79%
      16              41  6532      瑞耘                   20.00          0.00    61.63%     99.70    99.70    97.60    97.90      123.00   123.50   117.50   120.00    +22.10   +22.57%
      17              13  6274      台燿                  190.00         10.00    60.77%   1440.00  1485.00  1420.00  1460.00     1540.00  1685.00  1530.00  1620.00   +160.00   +10.96%
      18              22  8121      越峰                    0.00          0.00    58.80%     28.00    28.55    27.90    27.90       34.65    35.75    33.45    34.10     +6.20   +22.22%
      19              39  8147      正淩                   22.00         15.00    58.74%    136.50   139.50   135.00   137.50      147.00   148.00   143.50   143.50     +6.00    +4.36%
      20              19  3707      漢磊                    0.00          0.00    58.13%     70.90    76.40    69.80    70.20       77.50    85.20    76.30    85.20    +15.00   +21.37%
      21              25  5309      系統電                   0.00          0.00    57.97%     52.40    52.40    51.30    51.50       63.00    68.00    62.30    65.70    +14.20   +27.57%
      22              17  4991      環宇-KY                89.00         25.50    57.78%    476.50   477.50   439.50   447.50      509.00   534.00   498.50   534.00    +86.50   +19.33%
      23              34  3441      聯一光                  18.00          0.00    57.73%    180.50   180.50   175.50   177.50      210.00   222.50   207.00   211.00    +33.50   +18.87%
      24              24  2061      風青                    0.00          0.00    57.61%     55.50    56.70    54.90    55.80       60.80    67.80    60.00    67.80    +12.00   +21.51%
      25              28  3615      安可                    0.00          0.00    57.57%     37.45    41.10    37.45    38.30       43.25    46.80    43.05    45.00     +6.70   +17.49%
      26              18  8047      星雲                    0.00          0.00    57.51%     42.00    45.80    42.00    45.75       51.20    51.60    51.00    51.60     +5.85   +12.79%
      27              21  6122      擎邦                    0.00          0.00    57.09%     53.10    55.40    53.00    55.20       62.50    63.90    60.80    63.90     +8.70   +15.76%
      28              14  7734      印能科技                350.00         85.00    56.41%   2560.00  2610.00  2550.00  2580.00     2795.00  2880.00  2765.00  2825.00   +245.00    +9.50%
      29              46  3293      鈊象                   76.00         23.00    56.20%    728.00   730.00   724.00   729.00      819.00   819.00   778.00   791.00    +62.00    +8.50%
      30              37  8109      博大                    9.50          0.00    55.04%    131.00   132.00   130.50   132.00      144.50   148.00   143.50   146.50    +14.50   +10.98%
      31              23  4772      台特化                  39.50          0.00    54.71%    245.50   246.50   243.00   245.00      272.00   290.50   271.50   281.50    +36.50   +14.90%
      32              36  3259      鑫創                    0.00          0.00    54.50%     10.20    10.35    10.15    10.35       12.85    12.85    12.85    12.85     +2.50   +24.15%
      33              58  6620      漢達                   12.00          0.00    54.29%    126.50   132.50   125.00   130.00      145.00   149.50   142.50   143.50    +13.50   +10.38%
      34              32  3105      穩懋                  102.00          0.00    53.49%    507.00   518.00   486.50   497.00      574.00   591.00   572.00   591.00    +94.00   +18.91%
      35              20  8091      翔名                   21.50          0.00    52.93%    218.00   218.00   215.50   216.00      216.50   237.00   216.50   237.00    +21.00    +9.72%
      36              31  6435      大中                   25.00          0.00    52.32%    249.00   254.00   247.00   249.00      269.50   280.00   260.00   277.00    +28.00   +11.24%
      37              38  4905      台聯電                   0.00          0.00    51.31%     78.30    78.30    78.10    78.10       85.60    92.50    84.00    92.50    +14.40   +18.44%
      38              35  8933      愛地雅                   0.00          0.00    51.25%      4.36     4.50     4.36     4.50        4.50     4.59     4.43     4.59     +0.09    +2.00%
      39              45  5483      中美晶                  28.50         10.50    50.83%    195.00   195.00   183.00   184.50      210.50   229.50   209.50   221.50    +37.00   +20.05%
      40             949  5205      中茂                    0.00          0.00    50.33%        --       --       --       --       22.40    22.80    22.30    22.80        --        --
==========================================================================================================================================================================
✅ 共 40 筆


══════════════════════════════════════════════════════════════════════════════════════════════════════════════
  🔄 第  5/5 次  2026/09/22 ～ 2026/10/01
══════════════════════════════════════════════════════════════════════════════════════════════════════════════

==========================================================================================================================================================================
📊 動能效率優先權分數排名 (2026/09/22 ~ 2026/10/01)
==========================================================================================================================================================================
    實資排名          累計天數排名  代號        名稱                 累計漲停(元)       累計跌停(元)       強度%  (09/22)開盤      最高      最低      收盤    (10/01)開盤      最高      最低      收盤      賺賠    賺賠率
--------------------------------------------------------------------------------------------------------------------------------------------------------------------------
       1               1  7792      安葆                   91.50         19.50   100.00%    345.00   378.00   332.00   378.00      416.00   430.50   410.00   421.00    +43.00   +11.38%
       2               3  2221      大甲                   47.50         18.50    83.66%    152.00   154.00   147.50   154.00      190.50   193.00   178.00   179.00    +25.00   +16.23%
       3               2  3498      陽程                   45.50          9.50    72.87%    202.00   210.00   196.50   205.50      225.00   228.00   214.00   219.50    +14.00    +6.81%
       4               5  3455      由田                   34.00          0.00    66.31%    257.50   260.50   246.00   247.50      266.00   292.00   258.00   287.00    +39.50   +15.96%
       5               6  3675      德微                   59.00          0.00    65.53%    304.00   308.00   295.50   302.00      330.00   360.00   328.00   359.00    +57.00   +18.87%
       6               4  6693      廣閎科                  30.00          0.00    65.00%    180.50   184.00   179.00   179.50      210.00   219.50   205.00   212.50    +33.00   +18.38%
       7               9  4768      晶呈科技                 72.50         13.00    64.95%    323.00   325.00   310.00   311.50      392.50   403.50   366.00   367.00    +55.50   +17.82%
       8               8  6207      雷科                   37.00          0.00    64.60%    119.00   120.00   114.00   115.50      153.00   158.00   139.50   145.00    +29.50   +25.54%
       9               7  3219      倚強科                  30.80          0.00    57.98%    104.50   108.50    99.70   108.50      132.50   134.00   128.50   131.50    +23.00   +21.20%
      10              13  6532      瑞耘                   20.00          0.00    57.89%    100.00   101.00    97.90    98.50      121.00   127.00   115.50   122.50    +24.00   +24.37%
      11              11  3293      鈊象                   76.00          0.00    54.93%    725.00   729.00   719.00   727.00      786.00   814.00   785.00   814.00    +87.00   +11.97%
      12              17  6488      環球晶                 180.00         21.00    52.03%    950.00  1010.00   950.00   971.00     1055.00  1135.00  1045.00  1085.00   +114.00   +11.74%
      13              14  3624      光頡                   25.50         10.50    51.88%    133.50   136.00   122.00   122.00      138.00   151.00   138.00   151.00    +29.00   +23.77%
      14              18  3147      大綜                   24.00          0.00    51.16%    238.00   239.00   231.50   232.00      242.00   267.50   240.00   267.50    +35.50   +15.30%
      15              12  8121      越峰                    0.00          0.00    51.08%     27.90    28.20    27.70    27.95       31.50    34.65    31.00    34.65     +6.70   +23.97%
      16              15  3441      聯一光                  18.00          0.00    50.68%    175.50   181.50   172.50   181.00      189.00   202.50   189.00   202.50    +21.50   +11.88%
      17              10  3529      力旺                  550.00        135.00    49.88%   2895.00  3110.00  2890.00  3110.00     3305.00  3345.00  3215.00  3245.00   +135.00    +4.34%
      18              30  8147      正淩                   22.00         15.00    49.52%    142.00   143.00   135.50   137.50      152.00   153.00   143.00   143.50     +6.00    +4.36%
      19              21  5536      聖暉*                  80.00          0.00    48.02%    876.00   905.00   869.00   888.00      929.00   970.00   919.00   959.00    +71.00    +8.00%
      20              16  9960      邁達康                   0.00          0.00    47.25%     32.95    35.35    32.60    35.25       39.70    41.05    37.35    37.50     +2.25    +6.38%
      21             267  8047      星雲                    0.00          0.00    47.20%        --       --       --       --       51.00    51.10    50.60    51.00        --        --
      22              25  3259      鑫創                    0.00          0.00    46.73%     10.15    10.40    10.15    10.25       11.60    11.70    11.55    11.70     +1.45   +14.15%
      23              20  6122      擎邦                    0.00          0.00    46.52%     52.30    53.00    51.60    52.90       60.60    62.50    60.40    62.30     +9.40   +17.77%
      24              33  4556      旭然                   10.00          0.00    46.44%     87.30    89.60    84.30    85.10      108.00   111.50    98.30   111.50    +26.40   +31.02%
      25              22  6643      M31                 100.00         57.00    46.19%    482.50   520.00   482.00   489.50      555.00   557.00   518.00   521.00    +31.50    +6.44%
      26              26  4174      浩鼎                    0.00          0.00    46.04%     29.90    31.05    29.00    29.65       43.10    43.10    43.10    43.10    +13.45   +45.36%
      27              19  4542      科嶠                   41.00         16.00    44.51%    318.00   332.50   310.00   332.50      343.00   343.00   328.00   328.00     -4.50    -1.35%
      28              24  8437      大地-KY                 0.00          0.00    44.30%      8.98     9.21     8.96     9.03       10.10    10.65    10.10    10.60     +1.57   +17.39%
      29              44  7728      光焱科技                 85.00         28.00    43.65%    607.00   607.00   576.00   576.00      685.00   714.00   647.00   649.00    +73.00   +12.67%
      30              28  7751      竑騰                  205.00         25.00    42.70%   1460.00  1490.00  1420.00  1420.00     1615.00  1650.00  1570.00  1630.00   +210.00   +14.79%
      31              29  6925      意藍                    0.00          0.00    42.38%     58.30    58.30    56.10    56.40       73.80    80.00    72.10    72.10    +15.70   +27.84%
      32              40  3615      安可                    0.00          0.00    42.16%     37.95    38.40    37.00    37.45       45.80    45.80    43.20    43.25     +5.80   +15.49%
      33              32  3707      漢磊                    0.00          0.00    41.68%     67.00    69.50    66.00    69.50       76.00    78.50    75.60    77.50     +8.00   +11.51%
      34              36  5309      系統電                   0.00          0.00    41.57%     52.80    53.10    51.80    51.80       63.00    66.50    62.00    62.80    +11.00   +21.24%
      35              35  1595      川寶                    0.00          0.00    40.67%     70.10    75.30    69.50    74.60       86.00    91.00    81.40    83.30     +8.70   +11.66%
      36              31  2924      宏太-KY                 0.00          0.00    40.58%     17.65    19.00    17.65    19.00       18.85    18.85    18.85    18.85     -0.15    -0.79%
      37              27  3317      尼克森                   0.00          0.00    40.56%     57.90    60.80    57.00    60.50       64.60    66.40    64.30    65.20     +4.70    +7.77%
      38              42  8109      博大                    9.50          0.00    40.50%    134.00   134.00   131.00   131.00      136.00   145.50   136.00   144.50    +13.50   +10.31%
      39             952  5205      中茂                    0.00          0.00    40.26%     17.25    17.25    17.25    17.25       20.75    20.75    20.75    20.75     +3.50   +20.29%
      40              49  6432      今展科                   0.00          0.00    40.08%     62.00    63.00    60.90    62.00       62.80    69.80    62.50    69.80     +7.80   +12.58%
==========================================================================================================================================================================
✅ 共 40 筆
