
██████████████████████████████████████████████████████████████████████████████████████████████████████████████
  📅 天數組合: 5 日  →  輸出檔: q14_05.txt
██████████████████████████████████████████████████████████████████████████████████████████████████████████████

🔁 共執行 5 次，每次區間長度 6 個交易日

══════════════════════════════════════════════════════════════════════════════════════════════════════════════
  🔄 第  1/5 次  2026/09/30 ～ 2026/10/07
══════════════════════════════════════════════════════════════════════════════════════════════════════════════

==========================================================================================================================================================================
📊 ROI 每日報酬率累計排名 (2026/09/30 ~ 2026/10/07)
==========================================================================================================================================================================
    實資排名          累計天數排名  代號        名稱                 累計漲停(元)       累計跌停(元)       強度%  (09/30)開盤      最高      最低      收盤    (10/07)開盤      最高      最低      收盤      賺賠    賺賠率
--------------------------------------------------------------------------------------------------------------------------------------------------------------------------
       1               2  5205      中茂                    0.00          0.00   100.00%     17.30    18.90    17.30    18.90       30.30    30.30    30.30    30.30    +11.40   +60.32%
       2               4  4556      旭然                   33.00          0.00    87.54%     93.70   101.50    93.70   101.50      137.50   149.00   133.00   145.00    +43.50   +42.86%
       3              19  5228      鈺鎧                    0.00          0.00    85.85%     39.45    40.55    39.40    39.75       55.80    55.80    55.80    55.80    +16.05   +40.38%
       4              30  5013      強新                    0.00          0.00    83.18%     38.50    38.75    38.05    38.75       52.70    52.70    50.50    52.70    +13.95   +36.00%
       5              36  3441      聯一光                  62.00          0.00    81.78%    184.50   187.00   181.50   184.50      260.00   280.50   247.50   249.00    +64.50   +34.96%
       6               7  6716      應廣                   25.00          0.00    81.18%    116.00   116.50   114.00   114.00      153.00   160.00   142.50   153.50    +39.50   +34.65%
       7              41  4174      浩鼎                    0.00          0.00    80.21%     39.00    39.20    38.55    39.20       50.80    54.30    50.80    52.10    +12.90   +32.91%
       8              39  6708      天擎                    0.00          0.00    80.19%     51.70    51.70    51.70    51.70       71.80    71.80    67.10    68.50    +16.80   +32.50%
       9              78  3597      映興                    0.00          0.00    78.50%     27.90    28.20    27.15    28.10       36.75    36.75    36.75    36.75     +8.65   +30.78%
      10              37  6174      安碁                    0.00          0.00    77.02%     45.35    46.20    44.65    45.50       53.00    59.80    52.70    58.20    +12.70   +27.91%
      11             149  4760      勤凱                   86.00         13.50    75.80%    264.00   264.50   260.00   262.50      331.00   354.00   331.00   334.00    +71.50   +27.24%
      12              50  3236      千如                    0.00          0.00    75.55%     44.60    45.15    44.05    44.15       52.60    57.80    52.60    56.20    +12.05   +27.29%
      13              16  4706      大恭                    0.00          0.00    75.52%     33.85    33.85    33.85    33.85       41.00    43.15    38.30    43.15     +9.30   +27.47%
      14             156  4908      前鼎                   53.00          0.00    71.70%    210.50   212.00   205.50   207.00      239.00   254.00   238.00   254.00    +47.00   +22.71%
      15              46  8086      宏捷科                  12.50          0.00    71.13%    111.00   116.00   111.00   114.50      129.00   140.00   127.50   140.00    +25.50   +22.27%
      16             125  5432      新門                   31.00          0.00    70.83%    162.00   162.50   159.50   160.00      195.50   215.00   195.00   195.00    +35.00   +21.88%
      17              54  4905      台聯電                   0.00          0.00    70.77%     77.20    77.70    76.00    76.50       91.20    98.30    91.20    92.80    +16.30   +21.31%
      18              57  3147      大綜                   51.50          0.00    70.10%    245.50   250.00   243.50   243.50      286.50   296.50   283.00   295.00    +51.50   +21.15%
      19             194  5011      久陽                    0.00          0.00    69.91%     18.90    19.25    18.80    18.80       21.40    23.80    21.40    22.65     +3.85   +20.48%
      20              76  3564      其陽                    0.00          0.00    69.67%     50.80    51.40    50.50    50.60       62.70    62.80    58.60    60.90    +10.30   +20.36%
      21              60  8289      泰藝                    0.00          0.00    69.01%     46.25    46.95    45.70    46.40       55.00    56.30    53.60    55.40     +9.00   +19.40%
      22             152  6461      益得                    0.00          0.00    68.83%     24.00    24.50    24.00    24.45       29.35    29.35    28.20    29.20     +4.75   +19.43%
      23             219  8111      立碁                    0.00          0.00    68.16%     80.40    81.20    78.90    79.30       93.10    97.50    92.00    94.00    +14.70   +18.54%
      24             277  7723      築間                    0.00          0.00    68.05%     18.35    18.40    18.20    18.40       21.80    21.80    20.65    21.80     +3.40   +18.48%
      25              15  3707      漢磊                    0.00          0.00    67.95%     72.50    77.30    71.70    75.70       85.20    91.50    84.10    89.90    +14.20   +18.76%
      26              44  6488      環球晶                 190.00         10.00    66.77%    966.00  1035.00   953.00  1035.00     1185.00  1240.00  1180.00  1215.00   +180.00   +17.39%
      27             132  6187      萬潤                  260.00         35.00    66.74%   1375.00  1420.00  1275.00  1310.00     1545.00  1570.00  1510.00  1535.00   +225.00   +17.18%
      28             213  3081      聯亞                  560.00        115.00    66.25%   2700.00  2730.00  2665.00  2695.00     2990.00  3210.00  2990.00  3140.00   +445.00   +16.51%
      29              65  3265      台星科                  29.00          0.00    66.16%    183.50   193.00   182.00   186.00      217.00   217.00   217.00   217.00    +31.00   +16.67%
      30             428  3624      光頡                   28.00          0.00    65.95%    140.50   144.00   134.00   137.50      153.00   159.50   153.00   159.50    +22.00   +16.00%
      31              73  4716      大立                    0.00          0.00    65.72%     17.05    17.05    16.75    16.85       22.00    22.30    19.15    19.45     +2.60   +15.43%
      32             245  3114      好德                    0.00          0.00    64.78%     35.80    35.80    33.90    34.60       40.85    41.45    39.10    39.55     +4.95   +14.31%
      33               9  1569      濱川                    0.00          0.00    64.62%     64.60    66.00    61.30    62.60       70.00    72.70    68.00    72.20     +9.60   +15.34%
      34              53  3466      德晉                    0.00          0.00    64.59%     23.80    23.95    23.60    23.90       26.15    27.60    25.95    27.50     +3.60   +15.06%
      35              96  3362      先進光                  15.50          0.00    64.26%    173.00   173.50   171.00   171.00      190.00   196.00   187.50   196.00    +25.00   +14.62%
      36              74  2061      風青                    0.00          0.00    64.25%     60.40    63.30    59.20    59.80       66.10    69.70    65.70    68.40     +8.60   +14.38%
      37              67  1815      富喬                    0.00          0.00    63.80%    117.00   117.50   116.00   116.00      127.50   139.00   127.00   132.50    +16.50   +14.22%
      38             112  5452      佶優                    0.00          0.00    63.63%     27.30    27.50    27.25    27.40       32.00    32.00    31.05    31.20     +3.80   +13.87%
      39             367  3491      昇達科                 230.00         20.00    63.52%   1540.00  1540.00  1480.00  1500.00     1745.00  1760.00  1680.00  1705.00   +205.00   +13.67%
      40              75  6811      宏碁資訊                 24.50          0.00    63.31%    241.00   241.00   237.50   240.50      270.00   273.00   266.50   273.00    +32.50   +13.51%
==========================================================================================================================================================================
✅ 共 40 筆


══════════════════════════════════════════════════════════════════════════════════════════════════════════════
  🔄 第  2/5 次  2026/09/29 ～ 2026/10/06
══════════════════════════════════════════════════════════════════════════════════════════════════════════════

==========================================================================================================================================================================
📊 ROI 每日報酬率累計排名 (2026/09/29 ~ 2026/10/06)
==========================================================================================================================================================================
    實資排名          累計天數排名  代號        名稱                 累計漲停(元)       累計跌停(元)       強度%  (09/29)開盤      最高      最低      收盤    (10/06)開盤      最高      最低      收盤      賺賠    賺賠率
--------------------------------------------------------------------------------------------------------------------------------------------------------------------------
       1               5  6708      天擎                    0.00          0.00   100.00%     47.05    47.05    47.05    47.05       75.40    75.40    69.50    72.90    +25.85   +54.94%
       2               6  4556      旭然                   33.00          0.00    95.54%     92.10    97.40    92.10    92.40      124.50   138.00   123.50   137.50    +45.10   +48.81%
       3               3  5205      中茂                    0.00          0.00    93.39%        --       --       --       --       27.55    27.55    27.55    27.55        --        --
       4              32  4174      浩鼎                    0.00          0.00    91.08%     32.65    35.65    32.45    35.65       46.15    50.80    45.85    50.80    +15.15   +42.50%
       5              19  3441      聯一光                  62.00          0.00    87.13%    177.50   185.00   176.00   185.00      238.00   255.00   238.00   255.00    +70.00   +37.84%
       6              37  5013      強新                    0.00          0.00    86.42%     34.70    35.25    32.95    35.25       56.40    56.40    46.35    47.95    +12.70   +36.03%
       7              70  4760      勤凱                   86.00         13.50    80.06%    268.00   268.00   259.50   260.00      335.00   356.00   320.00   335.00    +75.00   +28.85%
       8              25  5228      鈺鎧                    0.00          0.00    79.91%     39.80    40.10    39.35    39.35       48.70    52.20    48.15    50.80    +11.45   +29.10%
       9              17  6488      環球晶                 270.00         10.00    78.48%    940.00   964.00   930.00   945.00     1175.00  1260.00  1145.00  1205.00   +260.00   +27.51%
      10              39  6716      應廣                   25.00          0.00    78.48%    115.00   117.00   114.50   114.50      145.00   146.00   139.50   146.00    +31.50   +27.51%
      11              58  3259      鑫創                    0.00          0.00    77.91%      9.63     9.71     9.63     9.71       13.00    14.00    12.20    12.25     +2.54   +26.16%
      12              49  4716      大立                    0.00          0.00    75.47%     17.00    17.00    16.80    16.90       20.95    20.95    20.95    20.95     +4.05   +23.96%
      13              73  6174      安碁                    0.00          0.00    73.93%     45.70    47.25    44.90    45.05       58.50    58.50    54.50    54.50     +9.45   +20.98%
      14             162  5432      新門                   31.00          0.00    73.51%    163.50   164.00   160.00   160.50      192.00   195.50   185.50   195.50    +35.00   +21.81%
      15             186  3105      穩懋                  126.00         23.00    72.25%    496.50   498.50   484.50   493.00      615.00   623.00   588.00   592.00    +99.00   +20.08%
      16              99  6461      益得                    0.00          0.00    72.14%     24.00    24.40    23.80    24.30       27.20    29.30    27.20    29.20     +4.90   +20.16%
      17             141  3597      映興                    0.00          0.00    72.13%     26.80    28.15    26.75    27.85       33.45    33.45    33.45    33.45     +5.60   +20.11%
      18             107  3564      其陽                    0.00          0.00    72.10%     49.75    50.70    49.75    50.40       60.40    61.60    56.40    60.50    +10.10   +20.04%
      19             105  3147      大綜                   51.50          0.00    71.96%    240.00   244.50   237.00   243.00      282.00   300.00   278.00   292.00    +49.00   +20.16%
      20             153  3236      千如                    0.00          0.00    71.41%     43.60    45.30    43.10    44.10       53.00    54.40    51.50    52.60     +8.50   +19.27%
      21             193  4905      台聯電                   0.00          0.00    71.40%     77.00    78.10    76.40    76.70       98.20    98.20    91.00    91.20    +14.50   +18.90%
      22              94  8289      泰藝                    0.00          0.00    70.36%     46.00    47.40    45.30    46.05       56.80    57.20    53.60    54.30     +8.25   +17.92%
      23              55  6274      台燿                  295.00         25.00    70.13%   1495.00  1515.00  1465.00  1485.00     1775.00  1775.00  1680.00  1755.00   +270.00   +18.18%
      24              12  3707      漢磊                    0.00          0.00    69.86%     72.50    74.50    72.30    72.90       87.20    87.50    83.10    86.00    +13.10   +17.97%
      25              16  5452      佶優                    0.00          0.00    69.69%     27.50    27.55    27.10    27.15       30.40    32.80    30.05    32.00     +4.85   +17.86%
      26             244  3114      好德                    0.00          0.00    69.44%     35.00    36.50    34.55    35.00       47.95    47.95    40.00    40.85     +5.85   +16.71%
      27             157  6187      萬潤                  260.00         35.00    69.33%   1230.00  1310.00  1230.00  1310.00     1500.00  1590.00  1445.00  1535.00   +225.00   +17.18%
      28             594  8111      立碁                    0.00          0.00    68.34%     76.40    81.50    76.20    79.70       98.90    99.70    90.60    92.30    +12.60   +15.81%
      29             375  5011      久陽                    0.00          0.00    68.05%     18.40    18.90    18.35    18.75       23.85    23.85    20.25    21.65     +2.90   +15.47%
      30              67  4706      大恭                    0.00          0.00    68.01%     33.85    33.85    33.85    33.85       38.40    39.25    36.10    39.25     +5.40   +15.95%
      31              54  8086      宏捷科                   0.00          0.00    67.89%    110.00   111.00   109.00   110.00      128.50   130.00   124.00   127.50    +17.50   +15.91%
      32              71  8437      大地-KY                 0.00          0.00    67.76%     10.40    10.55    10.00    10.10       11.00    12.10    10.85    11.70     +1.60   +15.84%
      33              56  3284      太普高                   0.00          0.00    67.43%     19.75    19.75    19.35    19.40       21.70    22.40    21.05    22.40     +3.00   +15.46%
      34              40  6983      華洋精機                 35.50          0.00    66.32%    354.00   354.00   343.00   346.00      375.50   395.00   360.50   395.00    +49.00   +14.16%
      35              91  5483      中美晶                  28.50          0.00    66.11%    187.00   192.00   186.00   189.00      214.50   220.50   211.00   215.00    +26.00   +13.76%
      36              92  4711      永純                    0.00          0.00    66.10%     16.25    16.25    16.10    16.20       16.80    18.45    16.80    18.45     +2.25   +13.89%
      37             407  3491      昇達科                 230.00         20.00    65.89%   1595.00  1630.00  1510.00  1510.00     1710.00  1755.00  1645.00  1715.00   +205.00   +13.58%
      38              15  5309      系統電                   0.00          0.00    65.72%     53.50    59.10    53.50    59.10       67.10    67.60    63.90    67.20     +8.10   +13.71%
      39              52  6263      普萊德                   0.00          0.00    64.90%    157.00   157.00   155.50   155.50      168.00   177.00   166.00   175.50    +20.00   +12.86%
      40              23  1785      光洋科                   0.00          0.00    64.87%     95.80    99.80    95.50    98.00      103.50   112.50   102.00   110.50    +12.50   +12.76%
==========================================================================================================================================================================
✅ 共 40 筆


══════════════════════════════════════════════════════════════════════════════════════════════════════════════
  🔄 第  3/5 次  2026/09/24 ～ 2026/10/05
══════════════════════════════════════════════════════════════════════════════════════════════════════════════

==========================================================================================================================================================================
📊 ROI 每日報酬率累計排名 (2026/09/24 ~ 2026/10/05)
==========================================================================================================================================================================
    實資排名          累計天數排名  代號        名稱                 累計漲停(元)       累計跌停(元)       強度%  (09/24)開盤      最高      最低      收盤    (10/05)開盤      最高      最低      收盤      賺賠    賺賠率
--------------------------------------------------------------------------------------------------------------------------------------------------------------------------
       1               1  5013      強新                    0.00          0.00   100.00%     32.30    32.50    31.80    32.05       51.50    51.50    51.50    51.50    +19.45   +60.69%
       2               3  6708      天擎                    0.00          0.00    99.72%     39.40    42.80    39.40    42.80       68.60    68.60    68.50    68.60    +25.80   +60.28%
       3              43  4174      浩鼎                    0.00          0.00    87.37%     33.00    34.15    32.05    32.45       45.00    46.20    43.10    46.20    +13.75   +42.37%
       4              15  4556      旭然                   21.00          0.00    82.44%     95.40    96.90    90.60    92.10      117.00   125.50   114.50   125.50    +33.40   +36.26%
       5              22  6174      安碁                    0.00          0.00    81.22%     44.25    45.55    43.70    44.95       60.50    60.50    60.50    60.50    +15.55   +34.59%
       6               2  5205      中茂                    0.00          0.00    79.64%     16.60    17.30    16.50    17.30       23.50    25.05    23.00    25.05     +7.75   +44.80%
       7              63  3259      鑫創                    0.00          0.00    78.21%      9.55     9.99     9.54     9.95       12.85    13.40    12.85    13.00     +3.05   +30.65%
       8              80  4760      勤凱                   86.00          0.00    77.60%    265.00   271.00   265.00   268.50      348.50   348.50   348.50   348.50    +80.00   +29.80%
       9              44  3441      聯一光                  39.00          0.00    75.92%    176.00   181.00   175.00   181.00      215.00   232.00   215.00   232.00    +51.00   +28.18%
      10              16  8289      泰藝                    0.00          0.00    75.61%     44.50    45.50    43.85    44.75       57.90    61.70    56.90    57.20    +12.45   +27.82%
      11              55  3114      好德                    0.00          0.00    75.25%     31.45    34.25    31.45    34.25       42.70    43.60    42.05    43.60     +9.35   +27.30%
      12             131  4905      台聯電                   0.00          0.00    73.53%     77.20    78.20    75.60    77.60       95.20   101.50    95.20    97.10    +19.50   +25.13%
      13             160  6187      萬潤                  330.00         35.00    73.24%   1210.00  1210.00  1180.00  1195.00     1400.00  1490.00  1390.00  1490.00   +295.00   +24.69%
      14              28  3564      其陽                    0.00          0.00    73.14%     48.35    50.90    48.25    49.45       61.70    61.70    61.70    61.70    +12.25   +24.77%
      15              83  6488      環球晶                 245.00         10.00    72.93%    944.00   960.00   930.00   948.00     1220.00  1235.00  1175.00  1180.00   +232.00   +24.47%
      16              17  5309      系統電                   0.00          0.00    72.90%     51.50    54.30    51.30    53.80       67.00    69.00    65.20    67.10    +13.30   +24.72%
      17             196  8111      立碁                    0.00          0.00    72.13%     74.10    76.70    73.80    76.40       90.40    94.30    86.50    94.30    +17.90   +23.43%
      18             106  5011      久陽                    0.00          0.00    71.43%     18.25    18.30    18.15    18.30       21.60    22.45    21.60    22.45     +4.15   +22.68%
      19             159  3105      穩懋                  126.00          0.00    71.36%    495.50   506.00   482.00   502.00      614.00   630.00   604.00   615.00   +113.00   +22.51%
      20              59  3236      千如                    0.00          0.00    70.86%     43.20    44.95    43.15    43.85       54.00    57.70    52.50    53.50     +9.65   +22.01%
      21              70  6207      雷科                   26.00          0.00    70.65%    115.50   125.00   115.50   125.00      150.50   152.50   145.50   152.00    +27.00   +21.60%
      22             100  2061      風青                    0.00          0.00    69.93%     55.40    56.30    53.90    54.00       69.30    71.80    63.60    65.20    +11.20   +20.74%
      23              54  6127      九豪                    0.00          0.00    69.75%     47.55    48.90    47.40    47.80       59.40    60.50    56.70    57.80    +10.00   +20.92%
      24             163  5228      鈺鎧                    0.00          0.00    69.30%     39.90    40.00    39.25    39.75       52.00    52.80    47.45    47.75     +8.00   +20.13%
      25             213  8227      巨有科技                 64.00          0.00    68.73%    305.00   309.00   295.00   306.50      372.00   372.00   361.50   366.00    +59.50   +19.41%
      26             263  6877      鏵友益                  26.00          0.00    68.34%    123.00   126.00   122.50   122.50      153.50   153.50   140.00   145.50    +23.00   +18.78%
      27              49  6274      台燿                  295.00         10.00    68.11%   1485.00  1530.00  1475.00  1495.00     1695.00  1780.00  1680.00  1780.00   +285.00   +19.06%
      28              68  3162      精確                    0.00          0.00    67.34%     74.70    75.00    73.40    73.60       89.20    90.00    86.20    86.90    +13.30   +18.07%
      29             212  3615      安可                    0.00          0.00    67.12%     37.50    39.40    37.50    37.90       45.40    45.80    43.85    44.45     +6.55   +17.28%
      30              57  6620      漢達                   12.00          0.00    66.89%    129.00   129.00   120.00   124.00      146.00   150.00   143.00   146.00    +22.00   +17.74%
      31              30  3707      漢磊                    0.00          0.00    66.41%     69.30    74.40    68.90    72.80       87.80    91.70    84.80    85.30    +12.50   +17.17%
      32              47  8086      宏捷科                   0.00          0.00    65.92%    108.50   111.50   107.50   110.50      125.00   132.00   120.50   129.00    +18.50   +16.74%
      33             108  3268      海德威                   0.00          0.00    65.17%     19.60    19.95    19.45    19.95       21.90    23.75    21.90    23.10     +3.15   +15.79%
      34             140  6716      應廣                   12.00          0.00    65.09%    117.00   117.00   114.50   115.00      123.50   133.00   120.50   133.00    +18.00   +15.65%
      35              26  5355      佳總                    0.00          0.00    64.93%      6.71     6.80     6.70     6.80        7.39     8.14     7.39     7.87     +1.07   +15.74%
      36              50  6640      均華                  155.00          0.00    64.60%   1025.00  1030.00  1000.00  1010.00     1140.00  1195.00  1120.00  1165.00   +155.00   +15.35%
      37              79  6419      京晨科                  15.50          0.00    64.58%    149.50   149.50   148.50   149.00      159.00   171.50   157.50   171.50    +22.50   +15.10%
      38             273  8027      鈦昇                   38.00         12.50    64.08%    175.50   188.00   175.50   184.00      218.00   218.00   208.50   209.50    +25.50   +13.86%
      39             206  2221      大甲                   33.50         18.50    64.06%    158.00   164.50   158.00   164.00      189.00   191.00   181.00   186.00    +22.00   +13.41%
      40             293  6532      瑞耘                   20.00          0.00    64.02%     97.90   100.50    97.90    98.50      120.00   120.50   111.00   112.00    +13.50   +13.71%
==========================================================================================================================================================================
✅ 共 40 筆


══════════════════════════════════════════════════════════════════════════════════════════════════════════════
  🔄 第  4/5 次  2026/09/23 ～ 2026/10/02
══════════════════════════════════════════════════════════════════════════════════════════════════════════════

==========================================================================================================================================================================
📊 ROI 每日報酬率累計排名 (2026/09/23 ~ 2026/10/02)
==========================================================================================================================================================================
    實資排名          累計天數排名  代號        名稱                 累計漲停(元)       累計跌停(元)       強度%  (09/23)開盤      最高      最低      收盤    (10/02)開盤      最高      最低      收盤      賺賠    賺賠率
--------------------------------------------------------------------------------------------------------------------------------------------------------------------------
       1               4  6708      天擎                    0.00          0.00   100.00%     38.70    38.95    38.70    38.95       62.00    62.40    59.90    62.40    +23.45   +60.21%
       2              34  5013      強新                    0.00          0.00    88.91%     32.00    32.95    32.00    32.50       46.85    46.85    46.85    46.85    +14.35   +44.15%
       3              54  6207      雷科                   37.00          0.00    77.92%    116.00   117.00   113.50   114.00      145.00   152.50   141.50   148.00    +34.00   +29.82%
       4             152  4174      浩鼎                    0.00          0.00    77.11%     29.25    32.60    29.00    32.60       45.60    45.60    40.10    42.00     +9.40   +28.83%
       5              16  5309      系統電                   0.00          0.00    75.52%     52.40    52.40    51.30    51.50       63.00    68.00    62.30    65.70    +14.20   +27.57%
       6              49  3114      好德                    0.00          0.00    75.51%     32.00    32.60    31.00    31.15       36.75    39.65    35.35    39.65     +8.50   +27.29%
       7              25  8289      泰藝                    0.00          0.00    74.58%     44.65    45.80    43.95    44.45       53.80    56.10    53.50    56.10    +11.65   +26.21%
       8              61  6488      環球晶                 245.00          0.00    73.82%    929.00  1005.00   922.00   950.00     1090.00  1190.00  1075.00  1190.00   +240.00   +25.26%
       9             267  3259      鑫創                    0.00          0.00    73.41%     10.20    10.35    10.15    10.35       12.85    12.85    12.85    12.85     +2.50   +24.15%
      10              31  6174      安碁                    0.00          0.00    72.31%     44.15    45.95    43.35    44.55       54.90    55.00    54.10    55.00    +10.45   +23.46%
      11             103  6485      點序                    0.00          0.00    72.25%     69.30    70.40    66.60    67.80       85.10    86.20    80.00    83.60    +15.80   +23.30%
      12              95  3219      倚強科                  21.00          0.00    71.98%    108.50   110.00   100.00   104.50      132.50   132.50   126.50   128.50    +24.00   +22.97%
      13              71  6532      瑞耘                   20.00          0.00    71.61%     99.70    99.70    97.60    97.90      123.00   123.50   117.50   120.00    +22.10   +22.57%
      14              91  4556      旭然                   10.00          0.00    71.41%     85.20    93.60    85.20    93.60      111.50   122.50   109.50   114.50    +20.90   +22.33%
      15             233  8121      越峰                    0.00          0.00    71.39%     28.00    28.55    27.90    27.90       34.65    35.75    33.45    34.10     +6.20   +22.22%
      16              58  3236      千如                    0.00          0.00    71.28%     43.80    44.60    43.20    43.70       51.40    53.40    51.40    53.40     +9.70   +22.20%
      17              96  2061      風青                    0.00          0.00    70.80%     55.50    56.70    54.90    55.80       60.80    67.80    60.00    67.80    +12.00   +21.51%
      18              40  6127      九豪                    0.00          0.00    70.72%     48.60    49.30    47.95    47.95       57.00    59.60    55.80    58.40    +10.45   +21.79%
      19              64  8027      鈦昇                   38.00         12.50    70.50%    183.00   185.00   176.00   176.50      210.00   217.00   207.00   213.50    +37.00   +20.96%
      20              87  5228      鈺鎧                    0.00          0.00    70.44%     40.00    40.30    39.45    39.65       46.35    48.05    45.20    48.05     +8.40   +21.19%
      21              23  3707      漢磊                    0.00          0.00    70.28%     70.90    76.40    69.80    70.20       77.50    85.20    76.30    85.20    +15.00   +21.37%
      22               1  5205      中茂                    0.00          0.00    69.95%        --       --       --       --       22.40    22.80    22.30    22.80        --        --
      23             274  6877      鏵友益                  26.00          0.00    69.71%    125.00   127.50   123.50   126.50      152.00   152.00   150.00   152.00    +25.50   +20.16%
      24              98  4760      勤凱                   54.50          0.00    69.17%    266.00   269.00   263.00   265.00      302.00   317.00   302.00   317.00    +52.00   +19.62%
      25              24  5483      中美晶                  28.50          0.00    69.15%    195.00   195.00   183.00   184.50      210.50   229.50   209.50   221.50    +37.00   +20.05%
      26              57  3162      精確                    0.00          0.00    69.14%     75.20    75.50    74.00    74.70       87.50    91.00    85.50    89.60    +14.90   +19.95%
      27             218  8227      巨有科技                 64.00          0.00    68.93%    308.50   310.00   290.00   310.00      363.50   370.00   351.00   370.00    +60.00   +19.35%
      28              52  2221      大甲                   33.50         18.50    68.88%    166.00   168.50   149.50   158.50      182.00   188.00   177.50   188.00    +29.50   +18.61%
      29              38  4991      環宇-KY                89.00          0.00    68.54%    476.50   477.50   439.50   447.50      509.00   534.00   498.50   534.00    +86.50   +19.33%
      30             185  3105      穩懋                  102.00          0.00    68.53%    507.00   518.00   486.50   497.00      574.00   591.00   572.00   591.00    +94.00   +18.91%
      31             407  7547      碩網                    0.00          0.00    68.35%     52.10    54.30    52.10    54.00       64.50    65.50    64.10    64.10    +10.10   +18.70%
      32              47  3441      聯一光                  18.00          0.00    68.13%    180.50   180.50   175.50   177.50      210.00   222.50   207.00   211.00    +33.50   +18.87%
      33             388  4905      台聯電                   0.00          0.00    68.12%     78.30    78.30    78.10    78.10       85.60    92.50    84.00    92.50    +14.40   +18.44%
      34             207  3615      安可                    0.00          0.00    67.55%     37.45    41.10    37.45    38.30       43.25    46.80    43.05    45.00     +6.70   +17.49%
      35             232  5220      萬達光電                  0.00          0.00    66.70%     19.85    19.95    19.80    19.80       23.00    23.70    23.00    23.10     +3.30   +16.67%
      36              84  6182      合晶                   12.00          0.00    66.50%    120.00   125.00   114.50   115.50      131.00   140.00   128.50   135.00    +19.50   +16.88%
      37             265  5310      天剛                    0.00          0.00    66.37%     25.65    25.65    25.35    25.45       27.20    29.90    26.15    29.60     +4.15   +16.31%
      38              33  3564      其陽                    0.00          0.00    66.16%     49.40    49.40    47.55    48.10       51.80    56.10    50.80    56.10     +8.00   +16.63%
      39              39  8240      華宏                    0.00          0.00    65.91%     51.90    52.70    50.60    52.00       59.00    60.90    58.20    60.60     +8.60   +16.54%
      40             208  8111      立碁                    0.00          0.00    65.52%     76.50    77.40    74.10    74.10       80.10    85.80    80.10    85.80    +11.70   +15.79%
==========================================================================================================================================================================
✅ 共 40 筆


══════════════════════════════════════════════════════════════════════════════════════════════════════════════
  🔄 第  5/5 次  2026/09/22 ～ 2026/10/01
══════════════════════════════════════════════════════════════════════════════════════════════════════════════

==========================================================================================================================================================================
📊 ROI 每日報酬率累計排名 (2026/09/22 ~ 2026/10/01)
==========================================================================================================================================================================
    實資排名          累計天數排名  代號        名稱                 累計漲停(元)       累計跌停(元)       強度%  (09/22)開盤      最高      最低      收盤    (10/01)開盤      最高      最低      收盤      賺賠    賺賠率
--------------------------------------------------------------------------------------------------------------------------------------------------------------------------
       1              10  6708      天擎                    0.00          0.00   100.00%     40.00    40.00    38.80    38.90       56.80    56.80    54.90    56.80    +17.90   +46.02%
       2              19  4174      浩鼎                    0.00          0.00    99.51%     29.90    31.05    29.00    29.65       43.10    43.10    43.10    43.10    +13.45   +45.36%
       3              47  5013      強新                    0.00          0.00    88.12%     33.30    35.20    31.80    32.30       42.60    42.60    42.60    42.60    +10.30   +31.89%
       4              67  4556      旭然                   10.00          0.00    87.37%     87.30    89.60    84.30    85.10      108.00   111.50    98.30   111.50    +26.40   +31.02%
       5             203  6925      意藍                    0.00          0.00    84.66%     58.30    58.30    56.10    56.40       73.80    80.00    72.10    72.10    +15.70   +27.84%
       6             194  6207      雷科                   37.00          0.00    82.65%    119.00   120.00   114.00   115.50      153.00   158.00   139.50   145.00    +29.50   +25.54%
       7              45  6532      瑞耘                   20.00          0.00    81.02%    100.00   101.00    97.90    98.50      121.00   127.00   115.50   122.50    +24.00   +24.37%
       8             118  8121      越峰                    0.00          0.00    80.75%     27.90    28.20    27.70    27.95       31.50    34.65    31.00    34.65     +6.70   +23.97%
       9              90  3624      光頡                   25.50          0.00    80.57%    133.50   136.00   122.00   122.00      138.00   151.00   138.00   151.00    +29.00   +23.77%
      10             160  7547      碩網                    0.00          0.00    80.56%     51.30    52.30    51.30    51.80       65.10    68.00    64.00    64.10    +12.30   +23.75%
      11              88  6485      點序                    0.00          0.00    79.64%     77.30    77.30    69.00    69.00       80.70    84.70    77.50    84.70    +15.70   +22.75%
      12              89  3219      倚強科                  21.00          0.00    78.25%    104.50   108.50    99.70   108.50      132.50   134.00   128.50   131.50    +23.00   +21.20%
      13              52  5309      系統電                   0.00          0.00    77.93%     52.80    53.10    51.80    51.80       63.00    66.50    62.00    62.80    +11.00   +21.24%
      14             187  8227      巨有科技                 64.00          0.00    76.28%    299.50   316.00   295.00   305.00      379.50   384.50   342.00   363.50    +58.50   +19.18%
      15             143  3675      德微                   59.00          0.00    75.85%    304.00   308.00   295.50   302.00      330.00   360.00   328.00   359.00    +57.00   +18.87%
      16              76  6693      廣閎科                  30.00          0.00    75.31%    180.50   184.00   179.00   179.50      210.00   219.50   205.00   212.50    +33.00   +18.38%
      17             189  4768      晶呈科技                 72.50         13.00    74.89%    323.00   325.00   310.00   311.50      392.50   403.50   366.00   367.00    +55.50   +17.82%
      18             102  6127      九豪                    0.00          0.00    74.82%     49.80    50.20    48.05    48.15       52.30    56.80    52.20    56.80     +8.65   +17.96%
      19              80  8437      大地-KY                 0.00          0.00    74.53%      8.98     9.21     8.96     9.03       10.10    10.65    10.10    10.60     +1.57   +17.39%
      20             135  5220      萬達光電                  0.00          0.00    74.45%     19.65    19.95    19.55    19.80       24.25    24.30    22.60    23.20     +3.40   +17.17%
      21              11  6122      擎邦                    0.00          0.00    74.22%     52.30    53.00    51.60    52.90       60.60    62.50    60.40    62.30     +9.40   +17.77%
      22              53  2221      大甲                   33.50         18.50    74.03%    152.00   154.00   147.50   154.00      190.50   193.00   178.00   179.00    +25.00   +16.23%
      23              39  5314      世紀*                   0.00          0.00    73.59%     28.00    28.15    26.15    26.15       29.30    31.65    29.20    30.60     +4.45   +17.02%
      24             153  3162      精確                    0.00          0.00    73.39%     76.90    76.90    73.50    75.10       86.00    92.00    86.00    87.50    +12.40   +16.51%
      25             249  8027      鈦昇                   38.00         12.50    73.26%    183.00   189.00   180.00   181.00      225.00   225.00   207.00   209.50    +28.50   +15.75%
      26             197  3615      安可                    0.00          0.00    72.93%     37.95    38.40    37.00    37.45       45.80    45.80    43.20    43.25     +5.80   +15.49%
      27             120  3455      由田                   34.00          0.00    72.69%    257.50   260.50   246.00   247.50      266.00   292.00   258.00   287.00    +39.50   +15.96%
      28              73  3581      博磊                   10.50          0.00    72.65%    105.50   106.00   101.00   101.00      126.00   128.50   114.00   117.00    +16.00   +15.84%
      29              40  8240      華宏                    0.00          0.00    72.57%     51.70    54.10    51.00    51.90       60.80    63.00    60.10    60.20     +8.30   +15.99%
      30              51  3147      大綜                   24.00          0.00    72.08%    238.00   239.00   231.50   232.00      242.00   267.50   240.00   267.50    +35.50   +15.30%
      31              37  8289      泰藝                    0.00          0.00    71.89%     45.25    45.25    43.95    44.30       46.35    51.00    46.30    51.00     +6.70   +15.12%
      32             302  3259      鑫創                    0.00          0.00    71.49%     10.15    10.40    10.15    10.25       11.60    11.70    11.55    11.70     +1.45   +14.15%
      33              18  7751      竑騰                  205.00          0.00    71.32%   1460.00  1490.00  1420.00  1420.00     1615.00  1650.00  1570.00  1630.00   +210.00   +14.79%
      34              56  5016      松和                    0.00          0.00    71.25%     24.55    24.80    24.50    24.55       25.95    28.10    25.55    28.10     +3.55   +14.46%
      35              64  6620      漢達                   12.00          0.00    71.21%    137.50   137.50   125.00   126.50      145.50   154.50   140.50   144.50    +18.00   +14.23%
      36              38  6174      安碁                    0.00          0.00    70.66%     44.60    45.05    43.90    43.90       45.80    50.00    45.45    50.00     +6.10   +13.90%
      37              96  6150      撼訊                    0.00          0.00    70.46%     62.60    62.70    61.50    61.50       64.50    69.90    64.00    69.90     +8.40   +13.66%
      38              99  3552      同致                    0.00          0.00    70.19%     39.55    39.55    39.15    39.15       44.05    45.30    43.75    44.30     +5.15   +13.15%
      39              82  7825      和亞智慧                  0.00          0.00    70.16%     77.40    77.50    74.90    75.50       84.60    88.00    83.50    85.60    +10.10   +13.38%
      40               3  4609      唐鋒                    0.00          0.00    69.96%      4.06     4.06     4.06     4.06        4.15     4.49     4.15     4.49     +0.43   +10.59%
==========================================================================================================================================================================
✅ 共 40 筆
