
██████████████████████████████████████████████████████████████████████████████████████████████████████████████
  📅 天數組合: 3 日  →  輸出檔: q12_03.txt
██████████████████████████████████████████████████████████████████████████████████████████████████████████████

🔁 共執行 3 次，每次區間長度 3 個交易日

══════════════════════════════════════════════════════════════════════════════════════════════════════════════
  🔄 第  1/3 次  2026/10/01 ～ 2026/10/06
══════════════════════════════════════════════════════════════════════════════════════════════════════════════

==========================================================================================================================================================================
📊 累計漲跌停強度排名 (2026/10/01 ~ 2026/10/06)
==========================================================================================================================================================================
    實資排名        累計天數排名  代號        名稱                 累計漲停(元)       累計跌停(元)       強度%  (10/01)開盤      最高      最低      收盤    (10/06)開盤      最高      最低      收盤      賺賠    賺賠率
--------------------------------------------------------------------------------------------------------------------------------------------------------------------------
       1             6  6223      旺矽                  640.00         95.00    22.84%   5130.00  5185.00  4995.00  5030.00     5530.00  5725.00  5425.00  5670.00   +640.00   +12.72%
       2             4  5274      信驊                  970.00        735.00     9.85%  18755.00 19330.00 18740.00 19040.00    19520.00 19895.00 18855.00 18985.00    -55.00    -0.29%
       3            32  6274      台燿                  260.00         25.00     9.85%   1530.00  1540.00  1500.00  1535.00     1775.00  1775.00  1680.00  1755.00   +220.00   +14.33%
       4            22  6187      萬潤                  260.00         35.00     9.43%   1300.00  1325.00  1260.00  1275.00     1500.00  1590.00  1445.00  1535.00   +260.00   +20.39%
       5            20  3081      聯亞                  340.00        115.00     9.43%   2690.00  2720.00  2605.00  2660.00     3015.00  3055.00  2915.00  2920.00   +260.00    +9.77%
       6            27  3491      昇達科                 230.00         10.00     9.22%   1510.00  1510.00  1450.00  1490.00     1710.00  1755.00  1645.00  1715.00   +225.00   +15.10%
       7            25  6488      環球晶                 180.00         10.00     7.12%   1055.00  1135.00  1045.00  1085.00     1175.00  1260.00  1145.00  1205.00   +120.00   +11.06%
       8            47  6640      均華                  125.00         30.00     3.98%   1075.00  1140.00  1075.00  1110.00     1160.00  1175.00  1110.00  1135.00    +25.00    +2.25%
       9            26  7734      印能科技                160.00         70.00     3.77%   2705.00  2900.00  2680.00  2795.00     2790.00  2830.00  2755.00  2755.00    -40.00    -1.43%
      10            11  5536      聖暉*                  80.00          0.00     3.35%    929.00   970.00   919.00   959.00      955.00   994.00   950.00   994.00    +35.00    +3.65%
      11            62  4760      勤凱                   86.00         13.50     3.04%    267.00   288.50   267.00   288.50      335.00   356.00   320.00   335.00    +46.50   +16.12%
      12            42  3441      聯一光                  62.00          0.00     2.60%    189.00   202.50   189.00   202.50      238.00   255.00   238.00   255.00    +52.50   +25.93%
      13            74  8358      金居                   75.00         19.00     2.35%    500.00   521.00   500.00   505.00      577.00   578.00   548.00   551.00    +46.00    +9.11%
      14            40  3105      穩懋                   77.00         23.00     2.26%    546.00   546.00   529.00   538.00      615.00   623.00   588.00   592.00    +54.00   +10.04%
      15            10  4971      IET-KY               53.00          0.00     2.22%    538.00   549.00   527.00   534.00      588.00   620.00   581.00   585.00    +51.00    +9.55%
      16            56  3147      大綜                   51.50          0.00     2.16%    242.00   267.50   240.00   267.50      282.00   300.00   278.00   292.00    +24.50    +9.16%
      17            38  4749      新應材                  49.00          0.00     2.05%    777.00   786.00   756.00   757.00      810.00   810.00   793.00   801.00    +44.00    +5.81%
      18            44  6727      亞泰金屬                 43.00          0.00     1.80%    488.00   496.50   481.50   488.00      537.00   558.00   522.00   528.00    +40.00    +8.20%
      19            22  3163      波若威                  62.00         20.00     1.76%    653.00   676.00   647.00   651.00      711.00   718.00   688.00   689.00    +38.00    +5.84%
      20            44  7556      意德士                  37.50          0.00     1.57%    268.00   268.00   261.00   262.50      309.00   314.00   288.00   295.50    +33.00   +12.57%
      21             6  6983      華洋精機                 35.50          0.00     1.49%    351.50   364.00   350.00   353.00      375.50   395.00   360.50   395.00    +42.00   +11.90%
      22            70  4556      旭然                   33.00          0.00     1.38%    108.00   111.50    98.30   111.50      124.50   138.00   123.50   137.50    +26.00   +23.32%
      23            70  3374      精材                   42.50         11.00     1.32%    457.00   457.00   450.00   456.00      517.00   530.00   481.00   487.50    +31.50    +6.91%
      24            38  5432      新門                   31.00          0.00     1.30%    160.50   165.50   158.00   158.50      192.00   195.50   185.50   195.50    +37.00   +23.34%
      25            35  3693      營邦                   53.00         23.00     1.26%    688.00   691.00   643.00   664.00      697.00   729.00   681.00   716.00    +52.00    +7.83%
      26            56  4908      前鼎                   30.00          0.00     1.26%    208.00   209.00   204.00   204.50      236.50   237.00   225.00   231.00    +26.50   +12.96%
      27            48  6788      華景電                  30.00          0.00     1.26%    351.00   353.00   344.50   346.50      376.50   380.00   367.50   370.50    +24.00    +6.93%
      28            42  7792      安葆                   26.50          0.00     1.11%    416.00   430.50   410.00   421.00      450.00   461.50   438.50   451.50    +30.50    +7.24%
      29            44  6716      應廣                   25.00          0.00     1.05%    114.50   117.50   113.00   117.50      145.00   146.00   139.50   146.00    +28.50   +24.26%
      30            19  8091      翔名                   21.50          0.00     0.90%    217.00   217.00   214.00   215.50      240.00   245.00   232.00   232.00    +16.50    +7.66%
      31            54  6584      南俊國際                 20.00          0.00     0.84%    540.00   542.00   529.00   531.00      538.00   560.00   533.00   551.00    +20.00    +3.77%
      32            11  3455      由田                   20.00          0.00     0.84%    266.00   292.00   258.00   287.00      284.00   284.00   276.00   277.50     -9.50    -3.31%
      33            38  4991      環宇-KY                48.50         29.00     0.82%    485.00   491.50   479.50   485.50      528.00   535.00   503.00   505.00    +19.50    +4.02%
      34            21  4772      台特化                  17.00          0.00     0.71%    270.00   275.00   263.00   264.50      278.00   279.00   274.00   276.00    +11.50    +4.35%
      35            13  6147      頎邦                   16.00          0.00     0.67%    212.00   227.00   212.00   225.50      218.50   220.00   211.00   216.50     -9.00    -3.99%
      36            36  3363      上詮                   30.00         14.00     0.67%    647.00   655.00   641.00   641.00      666.00   679.00   645.00   650.00     +9.00    +1.40%
      37            24  3362      先進光                  15.50          0.00     0.65%    172.00   178.50   172.00   175.50      191.50   202.00   188.00   188.50    +13.00    +7.41%
      38            25  6419      京晨科                  15.50          0.00     0.65%    156.00   156.00   153.00   155.00      170.00   170.00   164.00   168.50    +13.50    +8.71%
      39            72  6435      大中                   25.00         11.50     0.57%    253.00   262.00   253.00   262.00      271.00   272.00   264.00   265.00     +3.00    +1.15%
      40            17  3624      光頡                   13.50          0.00     0.57%    138.00   151.00   138.00   151.00      147.50   153.00   144.00   145.00     -6.00    -3.97%
==========================================================================================================================================================================
✅ 共 40 筆


══════════════════════════════════════════════════════════════════════════════════════════════════════════════
  🔄 第  2/3 次  2026/09/30 ～ 2026/10/05
══════════════════════════════════════════════════════════════════════════════════════════════════════════════

==========================================================================================================================================================================
📊 累計漲跌停強度排名 (2026/09/30 ~ 2026/10/05)
==========================================================================================================================================================================
    實資排名        累計天數排名  代號        名稱                 累計漲停(元)       累計跌停(元)       強度%  (09/30)開盤      最高      最低      收盤    (10/05)開盤      最高      最低      收盤      賺賠    賺賠率
--------------------------------------------------------------------------------------------------------------------------------------------------------------------------
       1            25  3081      聯亞                  385.00         35.00    11.68%   2700.00  2730.00  2665.00  2695.00     3000.00  3105.00  2900.00  3000.00   +305.00   +11.32%
       2            10  6223      旺矽                  490.00        155.00    11.18%   5275.00  5320.00  5100.00  5125.00     5400.00  5520.00  5300.00  5520.00   +395.00    +7.71%
       3            30  6274      台燿                  295.00          0.00     9.84%   1500.00  1550.00  1485.00  1520.00     1695.00  1780.00  1680.00  1780.00   +260.00   +17.11%
       4            19  6488      環球晶                 245.00         10.00     7.84%    966.00  1035.00   953.00  1035.00     1220.00  1235.00  1175.00  1180.00   +145.00   +14.01%
       5            18  6187      萬潤                  215.00         35.00     6.01%   1375.00  1420.00  1275.00  1310.00     1400.00  1490.00  1390.00  1490.00   +180.00   +13.74%
       6            34  3105      穩懋                  126.00          0.00     4.20%    509.00   542.00   509.00   542.00      614.00   630.00   604.00   615.00    +73.00   +13.47%
       7             4  5274      信驊                  970.00        845.00     4.17%  19525.00 19675.00 18680.00 18750.00    19100.00 19770.00 19100.00 19520.00   +770.00    +4.11%
       8            34  3491      昇達科                 145.00         20.00     4.17%   1540.00  1540.00  1480.00  1500.00     1530.00  1630.00  1515.00  1630.00   +130.00    +8.67%
       9            37  6640      均華                  125.00          0.00     4.17%   1065.00  1090.00  1030.00  1040.00     1140.00  1195.00  1120.00  1165.00   +125.00   +12.02%
      10            27  7734      印能科技                160.00         50.00     3.67%   2740.00  2780.00  2630.00  2665.00     2850.00  2885.00  2790.00  2790.00   +125.00    +4.69%
      11            37  4760      勤凱                   86.00          0.00     2.87%    264.00   264.50   260.00   262.50      348.50   348.50   348.50   348.50    +86.00   +32.76%
      12            56  8358      金居                   75.00          0.00     2.50%    509.00   515.00   495.00   495.00      534.00   570.00   526.00   570.00    +75.00   +15.15%
      13             8  3163      波若威                  62.00          0.00     2.07%    658.00   664.00   643.00   643.00      722.00   725.00   707.00   709.00    +66.00   +10.26%
      14            22  5536      聖暉*                  57.00          0.00     1.90%    908.00   935.00   908.00   919.00      975.00   977.00   946.00   954.00    +35.00    +3.81%
      15            23  3131      弘塑                  200.00        145.00     1.84%   2505.00  2590.00  2435.00  2525.00     2470.00  2580.00  2455.00  2530.00     +5.00    +0.20%
      16            10  4971      IET-KY               53.00          0.00     1.77%    553.00   558.00   537.00   539.00      601.00   607.00   582.00   584.00    +45.00    +8.35%
      17            39  4991      環宇-KY                62.00         10.00     1.74%    485.00   498.00   471.50   488.00      547.00   547.00   519.00   524.00    +36.00    +7.38%
      18            38  4749      新應材                  49.00          0.00     1.64%    782.00   788.00   752.00   766.00      803.00   812.00   788.00   806.00    +40.00    +5.22%
      19            35  7751      竑騰                   85.00         40.00     1.50%   1625.00  1650.00  1530.00  1625.00     1600.00  1660.00  1590.00  1605.00    -20.00    -1.23%
      20            44  6727      亞泰金屬                 43.00          0.00     1.44%    487.50   499.50   485.00   485.00      520.00   545.00   513.00   531.00    +46.00    +9.48%
      21            41  3374      精材                   42.50          0.00     1.42%    462.00   462.00   452.00   454.50      478.50   505.00   471.50   498.50    +44.00    +9.68%
      22            17  7728      光焱科技                 60.00         18.00     1.40%    615.00   667.00   615.00   667.00      627.00   646.00   627.00   636.00    -31.00    -4.65%
      23            33  3441      聯一光                  39.00          0.00     1.30%    184.50   187.00   181.50   184.50      215.00   232.00   215.00   232.00    +47.50   +25.75%
      24            44  7556      意德士                  37.50          0.00     1.25%    272.00   272.00   264.50   264.50      275.50   300.00   275.50   300.00    +35.50   +13.42%
      25            45  3147      大綜                   34.50          0.00     1.15%    245.50   250.00   243.50   243.50      264.50   275.00   257.00   275.00    +31.50   +12.94%
      26            11  8227      巨有科技                 33.50          0.00     1.12%    370.50   370.50   370.50   370.50      372.00   372.00   361.50   366.00     -4.50    -1.21%
      27            56  4908      前鼎                   30.00          0.00     1.00%    210.50   212.00   205.50   207.00      234.00   242.00   228.00   234.50    +27.50   +13.29%
      28            13  3363      上詮                   30.00          0.00     1.00%    661.00   671.00   648.00   649.00      682.00   688.00   663.00   664.00    +15.00    +2.31%
      29            48  6788      華景電                  30.00          0.00     1.00%    346.00   351.50   346.00   349.00      367.00   389.50   360.00   376.50    +27.50    +7.88%
      30            66  4979      華星光                  41.00         12.00     0.97%    576.00   576.00   561.00   569.00      605.00   605.00   580.00   598.00    +29.00    +5.10%
      31            43  5483      中美晶                  28.50          0.00     0.95%    193.00   207.50   192.00   207.50      225.00   229.00   213.00   214.50     +7.00    +3.37%
      32            45  6877      鏵友益                  26.00          0.00     0.87%    129.00   129.00   124.00   126.00      153.50   153.50   140.00   145.50    +19.50   +15.48%
      33            44  6435      大中                   25.00          0.00     0.83%    255.50   259.00   252.00   252.00      279.00   294.50   275.00   276.50    +24.50    +9.72%
      34            57  6903      巨漢                   22.00          0.00     0.73%    306.50   318.50   306.50   315.50      321.00   329.00   319.00   328.00    +12.50    +3.96%
      35            19  8091      翔名                   21.50          0.00     0.72%    221.50   223.00   215.50   217.00      246.00   246.50   234.50   240.00    +23.00   +10.60%
      36            54  4556      旭然                   21.00          0.00     0.70%     93.70   101.50    93.70   101.50      117.00   125.50   114.50   125.50    +24.00   +23.65%
      37            11  3455      由田                   20.00          0.00     0.67%    268.50   279.00   260.50   267.00      286.00   295.50   274.00   283.50    +16.50    +6.18%
      38            64  8155      博智                   19.50          0.00     0.65%    310.00   318.50   302.00   316.00      328.00   338.00   326.00   329.50    +13.50    +4.27%
      39            14  3675      德微                   29.00         11.00     0.60%    337.00   338.00   328.50   330.00      363.50   377.00   348.00   349.00    +19.00    +5.76%
      40            21  4772      台特化                  17.00          0.00     0.57%    274.00   280.50   268.50   269.00      290.00   290.00   277.50   278.00     +9.00    +3.35%
==========================================================================================================================================================================
✅ 共 40 筆


══════════════════════════════════════════════════════════════════════════════════════════════════════════════
  🔄 第  3/3 次  2026/09/29 ～ 2026/10/02
══════════════════════════════════════════════════════════════════════════════════════════════════════════════

==========================================================================================================================================================================
📊 累計漲跌停強度排名 (2026/09/29 ~ 2026/10/02)
==========================================================================================================================================================================
    實資排名        累計天數排名  代號        名稱                 累計漲停(元)       累計跌停(元)       強度%  (09/29)開盤      最高      最低      收盤    (10/02)開盤      最高      最低      收盤      賺賠    賺賠率
--------------------------------------------------------------------------------------------------------------------------------------------------------------------------
       1             4  5274      信驊                  290.00       1285.00  4853.66%  20430.00 20430.00 19040.00 19395.00    18740.00 18905.00 18355.00 18840.00   -555.00    -2.86%
       2            13  7856      漢測                   50.00        460.00  2000.00%   4580.00  4580.00  4255.00  4315.00     4330.00  4470.00  4160.00  4195.00   -120.00    -2.78%
       3            16  6510      精測                   70.00        310.00  1170.73%   3245.00  3285.00  3055.00  3140.00     3000.00  3120.00  3000.00  3070.00    -70.00    -2.23%
       4            11  6223      旺矽                  280.00        385.00   512.20%   5400.00  5400.00  5140.00  5185.00     5055.00  5310.00  5055.00  5310.00   +125.00    +2.41%
       5            10  3529      力旺                   75.00        135.00   292.68%   3175.00  3410.00  3145.00  3305.00     3245.00  3290.00  3160.00  3170.00   -135.00    -4.08%
       6            57  7717      萊德光電-KY              22.00         53.00   151.22%    607.00   612.00   588.00   592.00      553.00   581.00   550.00   561.00    -31.00    -5.24%
       7            47  8299      群聯                   35.00         65.00   146.34%   2105.00  2135.00  2080.00  2115.00     2130.00  2140.00  2085.00  2095.00    -20.00    -0.95%
       8            29  6683      雍智科技                115.00        145.00   146.34%   1515.00  1540.00  1450.00  1475.00     1595.00  1650.00  1480.00  1490.00    +15.00    +1.02%
       9            29  6538      倉和                   13.50         39.50   126.83%    400.00   417.00   358.50   358.50      369.50   382.00   352.00   372.50    +14.00    +3.91%
      10            42  7744      崴寶                   14.00         30.00    78.05%    531.00   544.00   523.00   523.00      540.00   540.00   522.00   527.00     +4.00    +0.76%
      11            42  5289      宜鼎                   10.00         25.00    73.17%   1305.00  1330.00  1280.00  1280.00     1305.00  1315.00  1290.00  1295.00    +15.00    +1.17%
      12            76  8155      博智                   19.50         30.00    51.22%    331.00   331.00   306.00   306.00      316.50   328.50   313.50   323.00    +17.00    +5.56%
      13            37  4542      科嶠                   11.00         16.00    24.39%    329.00   342.00   329.00   339.00      334.00   336.50   325.00   336.50     -2.50    -0.74%
      14            34  6291      沛亨                   15.00         11.00   -19.51%    484.00   501.00   481.00   499.00      492.00   504.00   489.00   493.00     -6.00    -1.20%
      15            36  6643      M31                  50.00         44.00   -29.27%    509.00   534.00   502.00   505.00      520.00   524.00   513.00   516.00    +11.00    +2.18%
      16            33  6727      亞泰金屬                 28.00         22.00   -29.27%    492.50   505.00   481.50   483.00      492.50   527.00   492.50   516.00    +33.00    +6.83%
      17            64  8147      正淩                   22.00         15.00   -34.15%    137.50   150.00   137.50   148.00      147.00   148.00   143.50   143.50     -4.50    -3.04%
      18            24  8109      博大                    9.50          0.00   -46.34%    133.00   135.00   131.50   134.50      144.50   148.00   143.50   146.50    +12.00    +8.92%
      19            32  3234      光環                    9.50          0.00   -46.34%    180.00   180.00   171.50   174.50      174.50   184.00   174.50   181.50     +7.00    +4.01%
      20            31  7810      捷創科技                 10.00          0.00   -48.78%    224.00   235.00   224.00   227.50      233.50   252.50   233.50   245.00    +17.50    +7.69%
      21            30  7714      創泓科技                 10.00          0.00   -48.78%    165.50   166.00   162.00   162.00      168.00   172.50   168.00   171.00     +9.00    +5.56%
      22            21  4556      旭然                   10.00          0.00   -48.78%     92.10    97.40    92.10    92.40      111.50   122.50   109.50   114.50    +22.10   +23.92%
      23            20  6907      雅特力-KY               10.50          0.00   -51.22%    182.00   184.00   180.00   180.50      200.00   206.00   196.00   200.50    +20.00   +11.08%
      24            25  6290      良維                   10.50          0.00   -51.22%    272.50   274.00   267.00   269.50      279.00   280.00   276.00   277.00     +7.50    +2.78%
      25            24  3581      博磊                   10.50          0.00   -51.22%    103.00   109.00   102.50   106.50      115.50   122.00   115.50   118.50    +12.00   +11.27%
      26            28  7556      意德士                  10.50          0.00   -51.22%    264.50   273.50   264.50   267.50      261.00   273.50   260.00   273.00     +5.50    +2.06%
      27            23  6903      巨漢                   11.00          0.00   -53.66%    306.50   311.00   302.00   304.50      316.00   320.50   315.00   317.00    +12.50    +4.11%
      28            22  3219      倚強科                  11.00          0.00   -53.66%    123.50   125.50   120.50   125.50      132.50   132.50   126.50   128.50     +3.00    +2.39%
      29            65  8358      金居                   24.00         13.00   -53.66%    500.00   519.00   495.50   498.00      514.00   536.00   511.00   519.00    +21.00    +4.22%
      30            33  3498      陽程                   21.00          9.50   -56.10%    216.00   235.00   212.00   235.00      221.00   226.00   212.00   215.00    -20.00    -8.51%
      31            20  6664      群翊                   11.50          0.00   -56.10%    358.50   372.00   355.50   370.00      375.00   380.00   371.00   378.00     +8.00    +2.16%
      32            27  3374      精材                   11.50          0.00   -56.10%    439.50   457.00   436.50   455.00      457.00   467.50   454.00   467.50    +12.50    +2.75%
      33            21  6182      合晶                   12.00          0.00   -58.54%    119.50   124.50   117.00   121.00      131.00   140.00   128.50   135.00    +14.00   +11.57%
      34            18  6620      漢達                   12.00          0.00   -58.54%    125.00   136.00   123.50   136.00      145.00   149.50   142.50   143.50     +7.50    +5.51%
      35            20  3211      順達                   12.50          0.00   -60.98%    381.00   392.50   380.00   386.00      396.00   402.00   391.00   397.00    +11.00    +2.85%
      36            16  6922      宸曜                   13.00          0.00   -63.41%    212.00   228.50   210.00   225.00      221.50   221.50   212.50   212.50    -12.50    -5.56%
      37            17  3624      光頡                   13.50          0.00   -65.85%    139.00   143.50   138.00   140.00      151.00   157.50   147.00   148.50     +8.50    +6.07%
      38            25  6788      華景電                  13.50          0.00   -65.85%    343.50   349.50   340.50   344.50      347.50   365.50   347.00   360.00    +15.50    +4.50%
      39            15  6173      信昌電                  14.00          0.00   -68.29%    303.00   314.00   296.50   297.50      300.00   322.50   299.00   303.00     +5.50    +1.85%
      40            40  2221      大甲                   33.50         18.50   -73.17%    169.00   180.00   167.50   180.00      182.00   188.00   177.50   188.00     +8.00    +4.44%
==========================================================================================================================================================================
✅ 共 40 筆
