
██████████████████████████████████████████████████████████████████████████████████████████████████████████████
  📅 天數組合: 5 日  →  輸出檔: s14_05.txt
██████████████████████████████████████████████████████████████████████████████████████████████████████████████

🔁 共執行 5 次，每次區間長度 6 個交易日

══════════════════════════════════════════════════════════════════════════════════════════════════════════════
  🔄 第  1/5 次  2026/09/29 ～ 2026/10/06
══════════════════════════════════════════════════════════════════════════════════════════════════════════════

==========================================================================================================================================================================
📊 ROI 每日報酬率累計排名 (2026/09/29 ~ 2026/10/06)
==========================================================================================================================================================================
    實資排名          累計天數排名  代號        名稱                 累計漲停(元)       累計跌停(元)       強度%  (09/29)開盤      最高      最低      收盤    (10/06)開盤      最高      最低      收盤      賺賠    賺賠率
--------------------------------------------------------------------------------------------------------------------------------------------------------------------------
       1               1  2466      冠西電                  53.00          0.00   100.00%    119.50   119.50   112.50   113.50      160.00   170.50   157.50   170.50    +57.00   +50.22%
       2              24  1709      和益                    0.00          0.00    98.22%     43.50    44.95    43.20    44.00       66.20    66.30    58.20    63.30    +19.30   +43.86%
       3              33  3701      大眾控                   0.00          0.00    97.70%     41.15    42.90    41.15    41.75       60.80    65.40    58.40    59.30    +17.55   +42.04%
       4              11  2033      佳大                    0.00          0.00    96.09%     36.80    39.95    36.50    38.50       51.60    53.50    48.80    52.80    +14.30   +37.14%
       5               3  6672      騰輝電子-KY             115.50          0.00    95.97%    330.50   335.50   321.00   335.50      456.00   459.50   435.00   459.50   +124.00   +36.96%
       6              34  3518      柏騰                    0.00          0.00    95.28%     35.00    37.40    35.00    37.40       49.90    52.00    45.65    50.30    +12.90   +34.49%
       7              85  4720      德淵                    0.00          0.00    94.53%     19.15    19.40    19.15    19.15       25.00    25.30    24.80    25.30     +6.15   +32.11%
       8              57  2492      華新科                  83.00          0.00    93.42%    313.00   321.00   299.00   302.00      370.00   395.00   362.50   389.50    +87.50   +28.97%
       9             107  3311      閎暉                    0.00          0.00    93.01%     38.45    38.50    37.55    38.15       50.20    51.20    46.80    48.65    +10.50   +27.52%
      10              47  7788      松川精密                 75.00          0.00    92.78%    290.50   296.00   287.00   287.50      339.50   365.50   335.00   365.50    +78.00   +27.13%
      11               5  6225      天瀚                    0.00          0.00    92.70%     46.35    55.40    46.35    55.40       68.80    70.60    66.60    70.30    +14.90   +26.90%
      12              15  6213      聯茂                  164.00          0.00    92.65%    620.00   628.00   588.00   620.00      797.00   818.00   762.00   787.00   +167.00   +26.94%
      13              13  6152      百一                    0.00          0.00    92.23%     15.05    15.10    14.75    15.10       18.95    18.95    18.90    18.95     +3.85   +25.50%
      14              51  2340      台亞                    0.00          0.00    92.03%     34.40    38.00    34.40    38.00       50.30    50.40    45.30    47.30     +9.30   +24.47%
      15              64  8150      南茂                   21.50          0.00    91.09%    112.00   112.00   104.50   104.50      124.00   130.50   123.00   127.50    +23.00   +22.01%
      16              53  6196      帆宣                  135.00         16.00    90.98%    554.00   554.00   537.00   544.00      684.00   684.00   649.00   663.00   +119.00   +21.88%
      17              32  2383      台光電                1075.00          0.00    90.91%   4910.00  5055.00  4870.00  4920.00     6040.00  6115.00  5820.00  5995.00  +1075.00   +21.85%
      18              16  6257      矽格                   43.50          0.00    90.63%    239.50   241.50   235.00   236.50      269.50   286.00   267.50   286.00    +49.50   +20.93%
      19              49  1714      和桐                    0.00          0.00    90.51%     15.75    15.90    15.60    15.75       18.50    19.20    17.10    19.00     +3.25   +20.63%
      20             308  8201      無敵                    0.00          0.00    90.50%     14.60    14.60    14.20    14.60       17.80    17.80    16.70    17.50     +2.90   +19.86%
      21              55  6691      洋基工程                132.00          0.00    90.42%    657.00   665.00   645.00   654.00      794.00   794.00   769.00   787.00   +133.00   +20.34%
      22              72  2483      百容                    0.00          0.00    90.29%     32.20    32.95    32.20    32.50       41.40    41.50    38.00    38.85     +6.35   +19.54%
      23             257  6957      裕慶-KY                79.50          0.00    90.28%    334.50   337.50   307.50   337.50      417.50   417.50   391.00   404.00    +66.50   +19.70%
      24             298  4927      泰鼎-KY                 0.00          0.00    90.24%     43.75    44.30    43.40    43.75       52.70    54.60    50.30    52.30     +8.55   +19.54%
      25              86  1711      永光                    0.00          0.00    90.24%     38.65    40.75    38.65    40.55       45.00    48.60    44.05    48.60     +8.05   +19.85%
      26              61  1459      聯發                    0.00          0.00    89.83%     15.95    16.15    15.90    16.00       22.60    22.60    18.50    18.85     +2.85   +17.81%
      27              30  1303      南亞                   26.00          0.00    89.77%    236.00   248.00   235.50   247.00      288.00   300.00   274.50   293.00    +46.00   +18.62%
      28             104  3406      玉晶光                 165.00         10.00    89.76%    890.00   893.00   869.00   882.00     1085.00  1095.00  1020.00  1045.00   +163.00   +18.48%
      29               6  8046      南電                  235.00          0.00    89.65%   1210.00  1280.00  1200.00  1270.00     1500.00  1520.00  1485.00  1505.00   +235.00   +18.50%
      30              12  2939      永邑-KY                 0.00          0.00    89.33%     19.85    20.25    19.65    20.25       23.45    24.30    23.45    23.80     +3.55   +17.53%
      31             344  1735      日勝化                   0.00          0.00    89.28%     20.25    20.25    20.05    20.05       24.20    24.50    23.10    23.40     +3.35   +16.71%
      32              40  8021      尖點                   67.00          0.00    89.14%    475.50   481.50   470.00   480.00      566.00   584.00   557.00   561.00    +81.00   +16.88%
      33             660  4722      國精化                  39.50          0.00    88.94%    184.00   194.50   184.00   190.00      223.00   227.00   216.50   220.00    +30.00   +15.79%
      34             100  3094      聯傑                    0.00          0.00    88.83%     53.00    59.70    52.70    59.70       69.40    71.80    68.50    69.20     +9.50   +15.91%
      35              95  6449      鈺邦                   31.50          0.00    88.80%    211.00   211.00   205.00   205.50      234.00   245.00   233.00   238.00    +32.50   +15.82%
      36              22  02001L    富邦蘋果正二N               0.00          0.00    88.65%    153.50   153.90   149.80   151.65      177.60   177.60   172.90   175.50    +23.85   +15.73%
      37              71  4958      臻鼎-KY                66.00          0.00    88.52%    479.00   499.50   472.50   498.50      588.00   604.00   572.00   574.00    +75.50   +15.15%
      38             129  4989      榮科                    0.00          0.00    88.32%     59.60    60.30    59.30    59.50       70.60    71.90    68.10    68.10     +8.60   +14.45%
      39              31  6743      安普新                   0.00          0.00    88.26%     30.60    32.35    30.60    31.10       35.75    36.25    35.60    35.65     +4.55   +14.63%
      40             345  6533      晶心科                  63.00         30.50    88.25%    272.50   303.50   268.00   303.50      336.00   348.00   326.00   345.00    +41.50   +13.67%
==========================================================================================================================================================================
✅ 共 40 筆


══════════════════════════════════════════════════════════════════════════════════════════════════════════════
  🔄 第  2/5 次  2026/09/24 ～ 2026/10/05
══════════════════════════════════════════════════════════════════════════════════════════════════════════════

==========================================================================================================================================================================
📊 ROI 每日報酬率累計排名 (2026/09/24 ~ 2026/10/05)
==========================================================================================================================================================================
    實資排名          累計天數排名  代號        名稱                 累計漲停(元)       累計跌停(元)       強度%  (09/24)開盤      最高      最低      收盤    (10/05)開盤      最高      最低      收盤      賺賠    賺賠率
--------------------------------------------------------------------------------------------------------------------------------------------------------------------------
       1               2  1709      和益                    0.00          0.00   100.00%     45.85    46.45    43.50    43.50       63.80    64.30    63.60    64.30    +20.80   +47.82%
       2               3  3701      大眾控                   0.00          0.00    99.94%     41.25    41.65    40.90    41.25       60.90    60.90    60.90    60.90    +19.65   +47.64%
       3               1  2340      台亞                    0.00          0.00    99.24%     34.35    35.80    34.15    34.55       46.70    50.30    46.50    50.30    +15.75   +45.59%
       4              31  3518      柏騰                    0.00          0.00    98.74%     32.85    35.65    32.50    34.00       48.45    48.75    46.80    48.75    +14.75   +43.38%
       5              11  2033      佳大                    0.00          0.00    97.17%     37.65    38.30    35.50    36.80       56.30    56.30    49.80    51.00    +14.20   +38.59%
       6               4  6225      天瀚                    0.00          0.00    96.75%     41.60    50.80    41.60    50.40       70.00    70.40    67.00    69.20    +18.80   +37.30%
       7              42  6957      裕慶-KY               110.00          0.00    95.58%    298.50   307.00   287.00   307.00      386.00   413.00   380.50   410.00   +103.00   +33.55%
       8              19  6672      騰輝電子-KY             115.50          0.00    95.57%    315.00   337.50   315.00   337.50      444.00   457.50   435.00   451.00   +113.50   +33.63%
       9              48  2466      冠西電                  37.50          0.00    94.44%    113.50   120.50   113.00   119.50      150.00   155.00   145.00   155.00    +35.50   +29.71%
      10              23  3311      閎暉                    0.00          0.00    94.43%     36.90    38.65    36.65    38.05       52.20    52.20    49.00    49.50    +11.45   +30.09%
      11               7  1459      聯發                    0.00          0.00    93.95%     15.80    15.95    15.80    15.95       20.55    20.55    20.00    20.55     +4.60   +28.84%
      12              46  3094      聯傑                    0.00          0.00    93.39%     53.60    57.80    53.50    54.30       70.40    73.50    68.70    69.00    +14.70   +27.07%
      13              16  6213      聯茂                  153.00          0.00    93.00%    595.00   595.00   592.00   595.00      690.00   751.00   682.00   751.00   +156.00   +26.22%
      14               8  3149      正達                    0.00          0.00    92.79%     62.80    64.20    62.50    63.30       78.80    80.00    77.80    79.50    +16.20   +25.59%
      15              17  2483      百容                    0.00          0.00    92.68%     32.40    33.25    32.30    32.55       38.00    40.70    37.40    40.70     +8.15   +25.04%
      16             296  8201      無敵                    0.00          0.00    92.21%     12.80    13.30    12.80    13.30       17.90    17.95    16.00    16.35     +3.05   +22.93%
      17             302  6533      晶心科                  90.50         30.50    91.82%    251.00   276.00   250.00   276.00      351.00   351.50   332.00   336.00    +60.00   +21.74%
      18             172  4722      國精化                  39.50          0.00    91.59%    190.00   191.50   182.50   184.00      239.00   244.00   218.00   224.00    +40.00   +21.74%
      19              58  2030      彰源                    0.00          0.00    91.48%     28.10    30.40    27.90    30.40       39.75    39.75    36.70    36.90     +6.50   +21.38%
      20              90  4927      泰鼎-KY                 0.00          0.00    91.33%     43.75    44.45    42.65    43.70       52.20    52.90    51.80    52.90     +9.20   +21.05%
      21              94  1617      榮星                    0.00          0.00    91.26%     20.10    20.90    19.85    19.95       24.65    24.80    22.40    24.10     +4.15   +20.80%
      22              13  4958      臻鼎-KY                89.00          0.00    91.23%    473.50   480.50   472.00   475.50      582.00   590.00   568.00   576.00   +100.50   +21.14%
      23             112  4720      德淵                    0.00          0.00    91.21%     19.15    19.25    19.00    19.05       21.70    23.00    20.15    23.00     +3.95   +20.73%
      24              51  6196      帆宣                  135.00         21.00    91.00%    547.00   566.00   541.00   565.00      628.00   679.00   622.00   679.00   +114.00   +20.18%
      25              26  4545      銘鈺                    0.00          0.00    90.96%     32.65    33.30    32.65    33.10       39.70    42.00    39.70    39.80     +6.70   +20.24%
      26             229  1735      日勝化                   0.00          0.00    90.95%     20.15    20.40    20.10    20.30       23.90    24.35    23.10    24.35     +4.05   +19.95%
      27               5  8046      南電                  255.00          0.00    90.94%   1210.00  1270.00  1190.00  1240.00     1460.00  1550.00  1445.00  1495.00   +255.00   +20.56%
      28              29  1303      南亞                   26.00          0.00    90.89%    225.50   238.50   223.00   238.00      270.00   286.00   266.50   286.00    +48.00   +20.17%
      29             350  6994      富威電力                  0.00          0.00    90.69%     27.15    27.15    26.80    26.80       32.60    33.25    31.00    31.95     +5.15   +19.22%
      30               9  2939      永邑-KY                 0.00          0.00    90.65%     19.80    19.80    19.60    19.60       22.90    23.90    22.90    23.45     +3.85   +19.64%
      31              60  6691      洋基工程                132.00         13.00    90.55%    639.00   668.00   636.00   667.00      752.00   794.00   747.00   794.00   +127.00   +19.04%
      32              33  2367      燿華                    0.00          0.00    90.50%     41.30    41.70    41.15    41.70       46.10    49.65    45.55    49.65     +7.95   +19.06%
      33             332  2492      華新科                  62.00          9.50    90.39%    305.00   315.50   302.00   311.50      377.50   396.00   365.00   368.50    +57.00   +18.30%
      34              28  2484      希華                    0.00          0.00    90.33%     73.20    75.00    71.10    72.80       87.50    94.80    85.70    86.40    +13.60   +18.68%
      35              80  3543      州巧                    0.00          0.00    90.20%     45.30    46.35    45.10    45.70       51.70    54.60    51.70    54.00     +8.30   +18.16%
      36              27  4989      榮科                    0.00          0.00    90.19%     60.40    60.40    58.90    59.40       65.50    70.20    63.50    70.20    +10.80   +18.18%
      37             274  6155      鈞寶                    0.00          0.00    90.17%     56.20    61.50    55.60    60.20       72.90    73.60    69.90    71.00    +10.80   +17.94%
      38             307  3673      TPK-KY                0.00          0.00    90.04%     64.60    65.90    64.20    65.60       80.80    81.00    76.60    76.80    +11.20   +17.07%
      39              53  2426      鼎元                   10.00          0.00    89.99%     97.80   101.00    96.50    96.90      108.00   114.00   108.00   114.00    +17.10   +17.65%
      40              62  8039      台虹                   42.00         12.00    89.99%    255.50   261.00   254.00   258.50      290.00   308.00   283.00   303.50    +45.00   +17.41%
==========================================================================================================================================================================
✅ 共 40 筆


══════════════════════════════════════════════════════════════════════════════════════════════════════════════
  🔄 第  3/5 次  2026/09/23 ～ 2026/10/02
══════════════════════════════════════════════════════════════════════════════════════════════════════════════

==========================================================================================================================================================================
📊 ROI 每日報酬率累計排名 (2026/09/23 ~ 2026/10/02)
==========================================================================================================================================================================
    實資排名          累計天數排名  代號        名稱                 累計漲停(元)       累計跌停(元)       強度%  (09/23)開盤      最高      最低      收盤    (10/02)開盤      最高      最低      收盤      賺賠    賺賠率
--------------------------------------------------------------------------------------------------------------------------------------------------------------------------
       1               1  6225      天瀚                    0.00          0.00   100.00%     46.20    46.20    46.20    46.20       73.50    73.50    64.90    68.30    +22.10   +47.84%
       2              12  6672      騰輝電子-KY             134.00          0.00    99.00%    302.00   310.00   298.00   307.00      413.00   439.00   404.00   439.00   +132.00   +43.00%
       3              35  8201      無敵                    0.00          0.00    98.71%     12.05    12.25    11.80    12.10       17.55    17.80    17.00    17.10     +5.00   +41.32%
       4              38  6533      晶心科                 115.50         14.50    98.49%    259.00   264.00   249.50   251.00      366.50   366.50   350.50   352.00   +101.00   +40.24%
       5               2  2030      彰源                    0.00          0.00    98.06%     27.60    29.95    26.35    27.65       38.15    39.20    37.95    38.40    +10.75   +38.88%
       6              26  2033      佳大                    0.00          0.00    97.74%     39.70    40.25    36.20    37.30       51.20    51.20    51.20    51.20    +13.90   +37.27%
       7              30  3518      柏騰                    0.00          0.00    97.62%     32.15    32.80    31.85    32.45       41.00    44.35    40.15    44.35    +11.90   +36.67%
       8               6  3311      閎暉                    0.00          0.00    97.25%     36.80    37.40    36.60    36.70       48.25    49.65    48.15    49.65    +12.95   +35.29%
       9              10  3701      大眾控                   0.00          0.00    97.06%     42.00    42.00    41.05    41.25       53.00    55.40    51.20    55.40    +14.15   +34.30%
      10               5  2340      台亞                    0.00          0.00    96.73%     34.25    37.30    34.25    34.35       45.00    47.20    43.70    45.75    +11.40   +33.19%
      11               9  3094      聯傑                    0.00          0.00    95.89%     53.00    57.80    51.60    54.30       69.20    73.00    67.90    70.30    +16.00   +29.47%
      12              43  6155      鈞寶                    0.00          0.00    95.77%     56.70    57.60    55.90    56.20       69.60    75.50    69.50    72.50    +16.30   +29.00%
      13              40  6957      裕慶-KY                88.50          0.00    95.47%    300.00   305.00   295.00   295.50      375.00   389.00   366.00   377.00    +81.50   +27.58%
      14              15  6213      聯茂                  139.00          0.00    95.08%    542.00   547.00   525.00   541.00      646.00   700.00   639.00   683.00   +142.00   +26.25%
      15              48  2020      美亞                    0.00          0.00    94.74%     21.50    21.70    21.45    21.60       26.00    27.80    25.10    26.90     +5.30   +24.54%
      16              53  3673      TPK-KY                0.00          0.00    94.73%     66.30    67.50    64.80    64.80       73.50    80.60    73.00    80.60    +15.80   +24.38%
      17              49  2466      冠西電                  23.50          0.00    94.72%    117.00   120.00   112.00   113.50      130.50   141.00   130.50   141.00    +27.50   +24.23%
      18             170  3016      嘉晶                   39.50          0.00    94.64%    145.00   145.50   141.50   145.50      169.50   182.00   169.50   180.50    +35.00   +24.05%
      19              56  1709      和益                    0.00          0.00    94.19%     47.50    50.50    45.50    48.30       55.50    58.50    54.70    58.50    +10.20   +21.12%
      20              16  3149      正達                    0.00          0.00    94.13%     65.20    65.80    63.10    63.20       74.80    79.70    74.00    77.30    +14.10   +22.31%
      21             167  4722      國精化                  39.50          0.00    94.06%    192.00   193.50   189.00   189.00      212.00   230.00   209.50   230.00    +41.00   +21.69%
      22              91  4195      基米-創                  0.00          0.00    93.97%     12.90    13.15    12.80    13.10       16.30    16.40    15.80    15.90     +2.80   +21.37%
      23              20  4919      新唐                   24.50          0.00    93.97%    135.00   144.00   132.50   134.00      151.00   167.00   145.50   163.00    +29.00   +21.64%
      24               3  8046      南電                  250.00          0.00    93.64%   1185.00  1225.00  1150.00  1210.00     1440.00  1480.00  1395.00  1460.00   +250.00   +20.66%
      25             233  1617      榮星                    0.00          0.00    93.55%     19.70    21.05    19.20    20.15       24.80    25.25    24.00    24.10     +3.95   +19.60%
      26              67  8150      南茂                   21.50          0.00    93.40%    110.00   116.00   105.00   107.00      116.00   127.00   114.50   127.00    +20.00   +18.69%
      27              21  6120      達運                    0.00          0.00    93.32%     13.00    13.30    12.65    12.80       14.60    15.40    14.50    15.25     +2.45   +19.14%
      28              18  4958      臻鼎-KY                74.00          0.00    93.19%    471.50   482.50   470.00   473.00      515.00   561.00   514.00   561.00    +88.00   +18.60%
      29             285  2492      華新科                  62.00          9.50    93.18%    314.50   322.50   304.00   306.00      335.00   361.50   329.00   361.50    +55.50   +18.14%
      30              27  2484      希華                    0.00          0.00    93.18%     70.70    75.00    68.60    72.90       85.20    89.00    84.20    86.50    +13.60   +18.66%
      31              58  6456      GIS-KY                0.00          0.00    93.15%     76.50    80.90    76.50    78.60       89.10    94.00    87.00    92.90    +14.30   +18.19%
      32             102  4545      銘鈺                    0.00          0.00    93.14%     33.65    33.65    33.35    33.40       39.50    39.85    39.00    39.50     +6.10   +18.26%
      33               8  1459      聯發                    0.00          0.00    93.12%     15.90    16.00    15.80    15.80       17.00    18.70    17.00    18.70     +2.90   +18.35%
      34             650  6994      富威電力                  0.00          0.00    92.99%     27.30    27.60    27.15    27.30       29.95    32.05    29.30    32.05     +4.75   +17.40%
      35              97  00715L    期街口布蘭特正2              0.00          0.00    92.84%     61.65    61.90    60.15    60.70       71.35    71.60    70.15    70.75    +10.05   +16.56%
      36             171  2409      友達                    0.00          0.00    92.70%     36.65    36.65    33.40    34.70       38.75    40.85    38.65    40.45     +5.75   +16.57%
      37               7  6743      安普新                   0.00          0.00    92.66%     30.00    30.45    29.90    30.35       33.70    36.45    33.50    35.45     +5.10   +16.80%
      38              13  3042      晶技                   12.00          0.00    92.55%    186.50   201.50   179.00   198.00      219.00   232.50   217.50   230.50    +32.50   +16.41%
      39             229  3031      佰鴻                    0.00          0.00    92.51%     27.95    29.30    27.35    28.30       31.40    33.50    30.25    32.80     +4.50   +15.90%
      40             318  6834      天二科技                 10.50          0.00    92.50%    113.00   116.50   110.50   113.50      118.00   131.00   118.00   131.00    +17.50   +15.42%
==========================================================================================================================================================================
✅ 共 40 筆


══════════════════════════════════════════════════════════════════════════════════════════════════════════════
  🔄 第  4/5 次  2026/09/22 ～ 2026/10/01
══════════════════════════════════════════════════════════════════════════════════════════════════════════════

==========================================================================================================================================================================
📊 ROI 每日報酬率累計排名 (2026/09/22 ~ 2026/10/01)
==========================================================================================================================================================================
    實資排名          累計天數排名  代號        名稱                 累計漲停(元)       累計跌停(元)       強度%  (09/22)開盤      最高      最低      收盤    (10/01)開盤      最高      最低      收盤      賺賠    賺賠率
--------------------------------------------------------------------------------------------------------------------------------------------------------------------------
       1              17  6533      晶心科                 115.50          0.00   100.00%    268.50   278.50   254.50   254.50      346.00   366.50   337.00   366.50   +112.00   +44.01%
       2              18  8201      無敵                    0.00          0.00    99.85%     12.00    12.30    11.80    12.30       17.60    17.65    16.10    17.65     +5.35   +43.50%
       3               2  2030      彰源                    0.00          0.00    98.09%     24.30    27.25    24.30    27.25       37.20    40.00    36.05    37.65    +10.40   +38.17%
       4              13  6672      騰輝電子-KY             100.50          0.00    96.88%    315.00   315.00   300.00   302.00      376.50   405.50   369.50   405.50   +103.50   +34.27%
       5              26  6225      天瀚                    0.00          0.00    96.04%     51.30    51.30    51.30    51.30       66.90    66.90    66.90    66.90    +15.60   +30.41%
       6               5  3593      力銘                    0.00          0.00    95.56%      8.77     8.99     8.23     8.80       11.75    11.75    10.50    11.50     +2.70   +30.68%
       7               7  3094      聯傑                    0.00          0.00    94.95%     56.20    56.20    52.50    52.60       61.80    67.70    61.70    67.70    +15.10   +28.71%
       8               4  2340      台亞                    0.00          0.00    94.90%     34.85    35.20    34.10    34.10       40.80    44.70    40.25    43.85     +9.75   +28.59%
       9             137  3016      嘉晶                   40.00          0.00    94.41%    125.00   132.50   124.50   132.50      169.00   169.00   162.50   168.00    +35.50   +26.79%
      10              28  6957      裕慶-KY                88.50          0.00    94.33%    297.50   312.00   292.00   303.00      400.00   400.00   364.00   384.00    +81.00   +26.73%
      11              20  1617      榮星                    0.00          0.00    94.23%     20.00    20.45    19.25    19.60       24.90    26.45    24.40    24.80     +5.20   +26.53%
      12              39  3518      柏騰                    0.00          0.00    93.78%     31.85    33.25    31.85    32.25       42.15    45.15    40.15    40.35     +8.10   +25.12%
      13              64  2033      佳大                    0.00          0.00    93.67%     35.00    37.30    34.60    37.30       45.10    46.55    44.00    46.55     +9.25   +24.80%
      14              51  6155      鈞寶                    0.00          0.00    93.44%     57.90    58.20    56.00    56.00       64.20    69.60    64.20    69.60    +13.60   +24.29%
      15             214  6933      AMAX-KY              90.00          0.00    93.40%    326.00   330.50   317.00   318.50      370.00   404.50   369.50   394.50    +76.00   +23.86%
      16              16  3311      閎暉                    0.00          0.00    92.92%     37.70    38.85    36.75    36.75       42.35    45.15    42.10    45.15     +8.40   +22.86%
      17              48  2020      美亞                    0.00          0.00    92.64%     21.40    21.50    21.35    21.50       29.20    29.25    26.00    26.20     +4.70   +21.86%
      18              49  4195      基米-創                  0.00          0.00    92.59%     13.00    13.20    12.85    12.90       15.85    15.85    15.35    15.70     +2.80   +21.71%
      19               3  8046      南電                  255.00          0.00    92.44%   1125.00  1165.00  1120.00  1165.00     1390.00  1450.00  1370.00  1420.00   +255.00   +21.89%
      20              15  2484      希華                    0.00          0.00    92.39%     71.00    71.20    69.60    69.60       78.40    85.80    77.30    84.60    +15.00   +21.55%
      21              61  3701      大眾控                   0.00          0.00    92.38%     42.80    43.60    41.45    41.60       46.25    50.40    43.90    50.40     +8.80   +21.15%
      22              37  6456      GIS-KY                0.00          0.00    91.77%     73.50    79.00    73.20    73.60       91.90    92.00    86.10    87.90    +14.30   +19.43%
      23              10  3042      晶技                   14.50          0.00    91.46%    186.50   188.00   183.50   183.50      210.00   224.00   207.50   218.50    +35.00   +19.07%
      24              58  6213      聯茂                   98.00          0.00    91.23%    545.00   574.00   539.00   543.00      623.00   643.00   611.00   642.00    +99.00   +18.23%
      25             116  3653      健策                 1165.00        120.00    91.19%   5985.00  6050.00  5780.00  5830.00     6720.00  6895.00  6665.00  6875.00  +1045.00   +17.92%
      26             148  4545      銘鈺                    0.00          0.00    90.94%     33.95    34.00    33.30    33.60       39.10    40.75    38.50    39.40     +5.80   +17.26%
      27             111  2342      茂矽                    0.00          0.00    90.83%     41.25    43.00    41.25    42.15       50.30    50.50    49.00    49.35     +7.20   +17.08%
      28              40  1709      和益                    0.00          0.00    90.76%     43.10    47.40    41.35    45.95       51.80    53.20    51.60    53.20     +7.25   +15.78%
      29              94  3149      正達                    0.00          0.00    90.43%     66.00    67.90    64.10    64.10       74.30    76.10    72.20    74.30    +10.20   +15.91%
      30              59  4566      時碩工業                  0.00          0.00    90.30%     66.20    66.50    65.00    65.00       74.30    77.20    74.30    75.20    +10.20   +15.69%
      31              35  6691      洋基工程                111.00         13.00    90.21%    641.00   649.00   634.00   635.00      727.00   748.00   719.00   733.00    +98.00   +15.43%
      32              11  7822      倍利科                 133.00          0.00    90.17%    853.00   880.00   845.00   865.00     1000.00  1020.00   979.00  1000.00   +135.00   +15.61%
      33              44  2404      漢唐                  230.00         65.00    89.95%   1140.00  1175.00  1130.00  1140.00     1280.00  1315.00  1270.00  1305.00   +165.00   +14.47%
      34              22  7711      永擎                   70.00          0.00    89.92%    552.00   555.00   534.00   537.00      561.00   616.00   551.00   616.00    +79.00   +14.71%
      35             282  1597      直得                   13.00          0.00    89.86%    141.00   141.00   135.00   135.00      147.00   158.50   141.00   154.50    +19.50   +14.44%
      36              12  2254      巨鎧精密-創                0.00          0.00    89.78%     79.10    82.10    79.10    82.10       93.00    94.60    93.00    94.10    +12.00   +14.62%
      37              31  4919      新唐                   13.50          0.00    89.60%    127.00   138.00   126.50   133.50      140.50   152.00   139.00   152.00    +18.50   +13.86%
      38              70  3665      貿聯-KY               350.00         40.00    89.54%   2335.00  2345.00  2215.00  2245.00     2595.00  2625.00  2510.00  2555.00   +310.00   +13.81%
      39               8  8162      微矽電子-創                0.00          0.00    89.44%     61.00    61.60    59.00    59.80       66.80    68.30    66.10    68.00     +8.20   +13.71%
      40             274  3167      大量                  173.00         62.00    89.38%    815.00   868.00   812.00   864.00      908.00   975.00   908.00   975.00   +111.00   +12.85%
==========================================================================================================================================================================
✅ 共 40 筆


══════════════════════════════════════════════════════════════════════════════════════════════════════════════
  🔄 第  5/5 次  2026/09/21 ～ 2026/09/30
══════════════════════════════════════════════════════════════════════════════════════════════════════════════

==========================================================================================================================================================================
📊 ROI 每日報酬率累計排名 (2026/09/21 ~ 2026/09/30)
==========================================================================================================================================================================
    實資排名          累計天數排名  代號        名稱                 累計漲停(元)       累計跌停(元)       強度%  (09/21)開盤      最高      最低      收盤    (09/30)開盤      最高      最低      收盤      賺賠    賺賠率
--------------------------------------------------------------------------------------------------------------------------------------------------------------------------
       1               1  2030      彰源                    0.00          0.00   100.00%     24.80    24.80    23.95    24.80       36.60    36.70    36.00    36.70    +11.90   +47.98%
       2              25  3016      嘉晶                   52.00          0.00    97.71%    118.00   123.00   115.50   120.50      170.00   172.50   165.00   169.00    +48.50   +40.25%
       3              21  8201      無敵                    0.00          0.00    95.63%     12.00    12.00    12.00    12.00       15.50    16.05    15.50    16.05     +4.05   +33.75%
       4               6  3518      柏騰                    0.00          0.00    94.25%     31.10    32.30    30.95    31.65       40.50    41.10    40.05    41.10     +9.45   +29.86%
       5              27  6957      裕慶-KY                88.50          0.00    93.66%    274.50   295.00   272.50   290.00      365.00   371.00   356.00   371.00    +81.00   +27.93%
       6               5  6456      GIS-KY                0.00          0.00    93.54%     66.70    71.90    65.90    71.90       91.50    95.70    89.50    92.00    +20.10   +27.96%
       7               4  6861      睿生光電                 49.50          0.00    93.40%    235.00   252.00   234.00   246.00      294.00   313.50   294.00   313.50    +67.50   +27.44%
       8             192  6533      晶心科                  82.50          0.00    93.35%    269.00   270.50   260.00   263.50      316.00   333.50   301.00   333.50    +70.00   +26.57%
       9               3  8046      南電                  280.00          0.00    93.00%   1110.00  1150.00  1050.00  1060.00     1285.00  1340.00  1250.00  1340.00   +280.00   +26.42%
      10              60  2033      佳大                    0.00          0.00    92.58%     33.05    35.25    32.00    33.95       38.85    42.35    38.65    42.35     +8.40   +24.74%
      11              14  2020      美亞                    0.00          0.00    92.55%     21.50    21.60    21.40    21.40       26.70    26.70    26.65    26.70     +5.30   +24.77%
      12              32  1617      榮星                    0.00          0.00    92.28%     18.55    20.10    18.45    19.40       22.75    24.05    22.40    24.05     +4.65   +23.97%
      13              28  4195      基米-創                  0.00          0.00    92.24%     13.20    13.20    13.00    13.00       17.35    17.35    16.00    16.10     +3.10   +23.85%
      14              16  2241      艾姆勒                   0.00          0.00    92.07%     35.05    37.35    34.50    37.35       43.50    47.90    43.45    46.15     +8.80   +23.56%
      15              18  1809      中釉                    0.00          0.00    91.77%     38.60    39.90    38.20    39.00       45.10    48.60    45.05    47.85     +8.85   +22.69%
      16              17  2342      茂矽                    0.00          0.00    91.73%     41.15    41.75    40.45    41.00       49.15    51.40    49.10    50.30     +9.30   +22.68%
      17               8  3563      牧德                  147.00          0.00    91.54%    677.00   677.00   660.00   660.00      811.00   825.00   784.00   807.00   +147.00   +22.27%
      18              73  3593      力銘                    0.00          0.00    91.35%      9.48     9.49     9.07     9.07       10.75    11.00    10.30    11.00     +1.93   +21.28%
      19              92  6405      悅城                    0.00          0.00    91.07%     40.30    42.25    40.30    41.60       50.10    50.10    50.10    50.10     +8.50   +20.43%
      20             118  6672      騰輝電子-KY              64.00          0.00    90.61%    306.50   316.00   304.00   310.00      337.50   369.00   335.50   369.00    +59.00   +19.03%
      21              10  2032      新鋼                    0.00          0.00    90.53%     17.05    17.05    16.80    17.00       20.15    21.00    19.95    20.30     +3.30   +19.41%
      22              42  2340      台亞                    0.00          0.00    90.24%     34.40    34.70    34.00    34.50       38.50    41.50    37.70    40.80     +6.30   +18.26%
      23               9  2025      千興                    0.00          0.00    90.11%     12.40    12.40    12.25    12.40       13.50    14.65    13.40    14.65     +2.25   +18.15%
      24             132  3653      健策                 1130.00        120.00    89.97%   5765.00  5890.00  5700.00  5790.00     6980.00  7080.00  6720.00  6800.00  +1010.00   +17.44%
      25              90  3189      景碩                  153.00          0.00    89.86%    849.00   878.00   824.00   827.00      961.00   972.00   937.00   970.00   +143.00   +17.29%
      26             406  6933      AMAX-KY              66.50          0.00    89.83%    345.00   348.00   316.00   317.50      380.50   392.00   371.00   371.00    +53.50   +16.85%
      27              13  2254      巨鎧精密-創                0.00          0.00    89.80%     76.80    78.80    76.80    78.80       92.20    93.10    92.10    92.60    +13.80   +17.51%
      28               7  7822      倍利科                 148.00          0.00    89.77%    850.00   851.00   836.00   850.00      998.00  1025.00   989.00   998.00   +148.00   +17.41%
      29              65  8438      昶昕                    0.00          0.00    89.74%     68.10    69.70    68.10    69.00       80.00    81.00    78.60    80.80    +11.80   +17.10%
      30             193  2305      全友                    0.00          0.00    89.70%     59.10    61.90    55.50    58.80       70.00    72.50    66.40    68.70     +9.90   +16.84%
      31             250  2409      友達                    0.00          0.00    89.45%     31.85    33.35    31.80    33.35       36.00    38.55    35.65    38.55     +5.20   +15.59%
      32              83  6526      達發                  142.00         26.00    89.43%    700.00   734.00   688.00   724.00      830.00   855.00   819.00   840.00   +116.00   +16.02%
      33              11  2034      允強                    0.00          0.00    89.12%     21.50    21.55    21.15    21.45       24.10    25.00    23.80    24.80     +3.35   +15.62%
      34             550  4545      銘鈺                    0.00          0.00    89.08%     33.50    34.15    33.50    34.00       35.80    39.10    35.80    39.10     +5.10   +15.00%
      35              68  3037      欣興                  175.00         20.00    89.07%    999.00  1055.00   999.00  1020.00     1175.00  1190.00  1155.00  1175.00   +155.00   +15.20%
      36              87  3673      TPK-KY                0.00          0.00    88.98%     64.90    66.80    64.30    65.70       69.10    75.50    68.90    75.50     +9.80   +14.92%
      37             109  6213      聯茂                   79.00          0.00    88.98%    515.00   542.00   510.00   542.00      624.00   649.00   622.00   623.00    +81.00   +14.94%
      38              29  2444      兆勁                    0.00          0.00    88.84%     13.60    13.85    13.60    13.85       15.30    16.50    15.05    15.90     +2.05   +14.80%
      39              44  2404      漢唐                  225.00         65.00    88.79%   1125.00  1160.00  1090.00  1130.00     1230.00  1300.00  1230.00  1290.00   +160.00   +14.16%
      40              31  3042      晶技                   14.50          0.00    88.72%    186.50   186.50   183.00   183.50      208.50   218.50   206.00   210.00    +26.50   +14.44%
==========================================================================================================================================================================
✅ 共 40 筆
