
██████████████████████████████████████████████████████████████████████████████████████████████████████████████
  📅 天數組合: 5 日  →  輸出檔: q14_05.txt
██████████████████████████████████████████████████████████████████████████████████████████████████████████████

🔁 共執行 5 次，每次區間長度 6 個交易日

══════════════════════════════════════════════════════════════════════════════════════════════════════════════
  🔄 第  1/5 次  2026/09/23 ～ 2026/10/02
══════════════════════════════════════════════════════════════════════════════════════════════════════════════

==========================================================================================================================================================================
📊 ROI 每日報酬率累計排名 (2026/09/23 ~ 2026/10/02)
==========================================================================================================================================================================
    實資排名          累計天數排名  代號        名稱                 累計漲停(元)       累計跌停(元)       強度%  (09/23)開盤      最高      最低      收盤    (10/02)開盤      最高      最低      收盤      賺賠    賺賠率
--------------------------------------------------------------------------------------------------------------------------------------------------------------------------
       1               4  6708      天擎                    0.00          0.00   100.00%     38.70    38.95    38.70    38.95       62.00    62.40    59.90    62.40    +23.45   +60.21%
       2              34  5013      強新                    0.00          0.00    88.91%     32.00    32.95    32.00    32.50       46.85    46.85    46.85    46.85    +14.35   +44.15%
       3              54  6207      雷科                   37.00          0.00    77.92%    116.00   117.00   113.50   114.00      145.00   152.50   141.50   148.00    +34.00   +29.82%
       4             152  4174      浩鼎                    0.00          0.00    77.11%     29.25    32.60    29.00    32.60       45.60    45.60    40.10    42.00     +9.40   +28.83%
       5              16  5309      系統電                   0.00          0.00    75.52%     52.40    52.40    51.30    51.50       63.00    68.00    62.30    65.70    +14.20   +27.57%
       6              49  3114      好德                    0.00          0.00    75.51%     32.00    32.60    31.00    31.15       36.75    39.65    35.35    39.65     +8.50   +27.29%
       7              25  8289      泰藝                    0.00          0.00    74.58%     44.65    45.80    43.95    44.45       53.80    56.10    53.50    56.10    +11.65   +26.21%
       8              61  6488      環球晶                 245.00          0.00    73.82%    929.00  1005.00   922.00   950.00     1090.00  1190.00  1075.00  1190.00   +240.00   +25.26%
       9             267  3259      鑫創                    0.00          0.00    73.41%     10.20    10.35    10.15    10.35       12.85    12.85    12.85    12.85     +2.50   +24.15%
      10              31  6174      安碁                    0.00          0.00    72.31%     44.15    45.95    43.35    44.55       54.90    55.00    54.10    55.00    +10.45   +23.46%
      11             103  6485      點序                    0.00          0.00    72.25%     69.30    70.40    66.60    67.80       85.10    86.20    80.00    83.60    +15.80   +23.30%
      12              95  3219      倚強科                  21.00          0.00    71.98%    108.50   110.00   100.00   104.50      132.50   132.50   126.50   128.50    +24.00   +22.97%
      13              71  6532      瑞耘                   20.00          0.00    71.61%     99.70    99.70    97.60    97.90      123.00   123.50   117.50   120.00    +22.10   +22.57%
      14              91  4556      旭然                   10.00          0.00    71.41%     85.20    93.60    85.20    93.60      111.50   122.50   109.50   114.50    +20.90   +22.33%
      15             233  8121      越峰                    0.00          0.00    71.39%     28.00    28.55    27.90    27.90       34.65    35.75    33.45    34.10     +6.20   +22.22%
      16              58  3236      千如                    0.00          0.00    71.28%     43.80    44.60    43.20    43.70       51.40    53.40    51.40    53.40     +9.70   +22.20%
      17              96  2061      風青                    0.00          0.00    70.80%     55.50    56.70    54.90    55.80       60.80    67.80    60.00    67.80    +12.00   +21.51%
      18              40  6127      九豪                    0.00          0.00    70.72%     48.60    49.30    47.95    47.95       57.00    59.60    55.80    58.40    +10.45   +21.79%
      19              64  8027      鈦昇                   38.00         12.50    70.50%    183.00   185.00   176.00   176.50      210.00   217.00   207.00   213.50    +37.00   +20.96%
      20              87  5228      鈺鎧                    0.00          0.00    70.44%     40.00    40.30    39.45    39.65       46.35    48.05    45.20    48.05     +8.40   +21.19%
      21              23  3707      漢磊                    0.00          0.00    70.28%     70.90    76.40    69.80    70.20       77.50    85.20    76.30    85.20    +15.00   +21.37%
      22               1  5205      中茂                    0.00          0.00    69.95%        --       --       --       --       22.40    22.80    22.30    22.80        --        --
      23             274  6877      鏵友益                  26.00          0.00    69.71%    125.00   127.50   123.50   126.50      152.00   152.00   150.00   152.00    +25.50   +20.16%
      24              98  4760      勤凱                   54.50          0.00    69.17%    266.00   269.00   263.00   265.00      302.00   317.00   302.00   317.00    +52.00   +19.62%
      25              24  5483      中美晶                  28.50          0.00    69.15%    195.00   195.00   183.00   184.50      210.50   229.50   209.50   221.50    +37.00   +20.05%
      26              57  3162      精確                    0.00          0.00    69.14%     75.20    75.50    74.00    74.70       87.50    91.00    85.50    89.60    +14.90   +19.95%
      27             218  8227      巨有科技                 64.00          0.00    68.93%    308.50   310.00   290.00   310.00      363.50   370.00   351.00   370.00    +60.00   +19.35%
      28              52  2221      大甲                   33.50         18.50    68.88%    166.00   168.50   149.50   158.50      182.00   188.00   177.50   188.00    +29.50   +18.61%
      29              38  4991      環宇-KY                89.00          0.00    68.54%    476.50   477.50   439.50   447.50      509.00   534.00   498.50   534.00    +86.50   +19.33%
      30             185  3105      穩懋                  102.00          0.00    68.53%    507.00   518.00   486.50   497.00      574.00   591.00   572.00   591.00    +94.00   +18.91%
      31             407  7547      碩網                    0.00          0.00    68.35%     52.10    54.30    52.10    54.00       64.50    65.50    64.10    64.10    +10.10   +18.70%
      32              47  3441      聯一光                  18.00          0.00    68.13%    180.50   180.50   175.50   177.50      210.00   222.50   207.00   211.00    +33.50   +18.87%
      33             388  4905      台聯電                   0.00          0.00    68.12%     78.30    78.30    78.10    78.10       85.60    92.50    84.00    92.50    +14.40   +18.44%
      34             207  3615      安可                    0.00          0.00    67.55%     37.45    41.10    37.45    38.30       43.25    46.80    43.05    45.00     +6.70   +17.49%
      35             232  5220      萬達光電                  0.00          0.00    66.70%     19.85    19.95    19.80    19.80       23.00    23.70    23.00    23.10     +3.30   +16.67%
      36              84  6182      合晶                   12.00          0.00    66.50%    120.00   125.00   114.50   115.50      131.00   140.00   128.50   135.00    +19.50   +16.88%
      37             265  5310      天剛                    0.00          0.00    66.37%     25.65    25.65    25.35    25.45       27.20    29.90    26.15    29.60     +4.15   +16.31%
      38              33  3564      其陽                    0.00          0.00    66.16%     49.40    49.40    47.55    48.10       51.80    56.10    50.80    56.10     +8.00   +16.63%
      39              39  8240      華宏                    0.00          0.00    65.91%     51.90    52.70    50.60    52.00       59.00    60.90    58.20    60.60     +8.60   +16.54%
      40             208  8111      立碁                    0.00          0.00    65.52%     76.50    77.40    74.10    74.10       80.10    85.80    80.10    85.80    +11.70   +15.79%
==========================================================================================================================================================================
✅ 共 40 筆


══════════════════════════════════════════════════════════════════════════════════════════════════════════════
  🔄 第  2/5 次  2026/09/22 ～ 2026/10/01
══════════════════════════════════════════════════════════════════════════════════════════════════════════════

==========================================================================================================================================================================
📊 ROI 每日報酬率累計排名 (2026/09/22 ~ 2026/10/01)
==========================================================================================================================================================================
    實資排名          累計天數排名  代號        名稱                 累計漲停(元)       累計跌停(元)       強度%  (09/22)開盤      最高      最低      收盤    (10/01)開盤      最高      最低      收盤      賺賠    賺賠率
--------------------------------------------------------------------------------------------------------------------------------------------------------------------------
       1              10  6708      天擎                    0.00          0.00   100.00%     40.00    40.00    38.80    38.90       56.80    56.80    54.90    56.80    +17.90   +46.02%
       2              19  4174      浩鼎                    0.00          0.00    99.51%     29.90    31.05    29.00    29.65       43.10    43.10    43.10    43.10    +13.45   +45.36%
       3              47  5013      強新                    0.00          0.00    88.12%     33.30    35.20    31.80    32.30       42.60    42.60    42.60    42.60    +10.30   +31.89%
       4              67  4556      旭然                   10.00          0.00    87.37%     87.30    89.60    84.30    85.10      108.00   111.50    98.30   111.50    +26.40   +31.02%
       5             203  6925      意藍                    0.00          0.00    84.66%     58.30    58.30    56.10    56.40       73.80    80.00    72.10    72.10    +15.70   +27.84%
       6             194  6207      雷科                   37.00          0.00    82.65%    119.00   120.00   114.00   115.50      153.00   158.00   139.50   145.00    +29.50   +25.54%
       7              45  6532      瑞耘                   20.00          0.00    81.02%    100.00   101.00    97.90    98.50      121.00   127.00   115.50   122.50    +24.00   +24.37%
       8             118  8121      越峰                    0.00          0.00    80.75%     27.90    28.20    27.70    27.95       31.50    34.65    31.00    34.65     +6.70   +23.97%
       9              90  3624      光頡                   25.50          0.00    80.57%    133.50   136.00   122.00   122.00      138.00   151.00   138.00   151.00    +29.00   +23.77%
      10             160  7547      碩網                    0.00          0.00    80.56%     51.30    52.30    51.30    51.80       65.10    68.00    64.00    64.10    +12.30   +23.75%
      11              88  6485      點序                    0.00          0.00    79.64%     77.30    77.30    69.00    69.00       80.70    84.70    77.50    84.70    +15.70   +22.75%
      12              89  3219      倚強科                  21.00          0.00    78.25%    104.50   108.50    99.70   108.50      132.50   134.00   128.50   131.50    +23.00   +21.20%
      13              52  5309      系統電                   0.00          0.00    77.93%     52.80    53.10    51.80    51.80       63.00    66.50    62.00    62.80    +11.00   +21.24%
      14             187  8227      巨有科技                 64.00          0.00    76.28%    299.50   316.00   295.00   305.00      379.50   384.50   342.00   363.50    +58.50   +19.18%
      15             143  3675      德微                   59.00          0.00    75.85%    304.00   308.00   295.50   302.00      330.00   360.00   328.00   359.00    +57.00   +18.87%
      16              76  6693      廣閎科                  30.00          0.00    75.31%    180.50   184.00   179.00   179.50      210.00   219.50   205.00   212.50    +33.00   +18.38%
      17             189  4768      晶呈科技                 72.50         13.00    74.89%    323.00   325.00   310.00   311.50      392.50   403.50   366.00   367.00    +55.50   +17.82%
      18             102  6127      九豪                    0.00          0.00    74.82%     49.80    50.20    48.05    48.15       52.30    56.80    52.20    56.80     +8.65   +17.96%
      19              80  8437      大地-KY                 0.00          0.00    74.53%      8.98     9.21     8.96     9.03       10.10    10.65    10.10    10.60     +1.57   +17.39%
      20             135  5220      萬達光電                  0.00          0.00    74.45%     19.65    19.95    19.55    19.80       24.25    24.30    22.60    23.20     +3.40   +17.17%
      21              11  6122      擎邦                    0.00          0.00    74.22%     52.30    53.00    51.60    52.90       60.60    62.50    60.40    62.30     +9.40   +17.77%
      22              53  2221      大甲                   33.50         18.50    74.03%    152.00   154.00   147.50   154.00      190.50   193.00   178.00   179.00    +25.00   +16.23%
      23              39  5314      世紀*                   0.00          0.00    73.59%     28.00    28.15    26.15    26.15       29.30    31.65    29.20    30.60     +4.45   +17.02%
      24             153  3162      精確                    0.00          0.00    73.39%     76.90    76.90    73.50    75.10       86.00    92.00    86.00    87.50    +12.40   +16.51%
      25             249  8027      鈦昇                   38.00         12.50    73.26%    183.00   189.00   180.00   181.00      225.00   225.00   207.00   209.50    +28.50   +15.75%
      26             197  3615      安可                    0.00          0.00    72.93%     37.95    38.40    37.00    37.45       45.80    45.80    43.20    43.25     +5.80   +15.49%
      27             120  3455      由田                   34.00          0.00    72.69%    257.50   260.50   246.00   247.50      266.00   292.00   258.00   287.00    +39.50   +15.96%
      28              73  3581      博磊                   10.50          0.00    72.65%    105.50   106.00   101.00   101.00      126.00   128.50   114.00   117.00    +16.00   +15.84%
      29              40  8240      華宏                    0.00          0.00    72.57%     51.70    54.10    51.00    51.90       60.80    63.00    60.10    60.20     +8.30   +15.99%
      30              51  3147      大綜                   24.00          0.00    72.08%    238.00   239.00   231.50   232.00      242.00   267.50   240.00   267.50    +35.50   +15.30%
      31              37  8289      泰藝                    0.00          0.00    71.89%     45.25    45.25    43.95    44.30       46.35    51.00    46.30    51.00     +6.70   +15.12%
      32             302  3259      鑫創                    0.00          0.00    71.49%     10.15    10.40    10.15    10.25       11.60    11.70    11.55    11.70     +1.45   +14.15%
      33              18  7751      竑騰                  205.00          0.00    71.32%   1460.00  1490.00  1420.00  1420.00     1615.00  1650.00  1570.00  1630.00   +210.00   +14.79%
      34              56  5016      松和                    0.00          0.00    71.25%     24.55    24.80    24.50    24.55       25.95    28.10    25.55    28.10     +3.55   +14.46%
      35              64  6620      漢達                   12.00          0.00    71.21%    137.50   137.50   125.00   126.50      145.50   154.50   140.50   144.50    +18.00   +14.23%
      36              38  6174      安碁                    0.00          0.00    70.66%     44.60    45.05    43.90    43.90       45.80    50.00    45.45    50.00     +6.10   +13.90%
      37              96  6150      撼訊                    0.00          0.00    70.46%     62.60    62.70    61.50    61.50       64.50    69.90    64.00    69.90     +8.40   +13.66%
      38              99  3552      同致                    0.00          0.00    70.19%     39.55    39.55    39.15    39.15       44.05    45.30    43.75    44.30     +5.15   +13.15%
      39              82  7825      和亞智慧                  0.00          0.00    70.16%     77.40    77.50    74.90    75.50       84.60    88.00    83.50    85.60    +10.10   +13.38%
      40               3  4609      唐鋒                    0.00          0.00    69.96%      4.06     4.06     4.06     4.06        4.15     4.49     4.15     4.49     +0.43   +10.59%
==========================================================================================================================================================================
✅ 共 40 筆


══════════════════════════════════════════════════════════════════════════════════════════════════════════════
  🔄 第  3/5 次  2026/09/21 ～ 2026/09/30
══════════════════════════════════════════════════════════════════════════════════════════════════════════════

==========================================================================================================================================================================
📊 ROI 每日報酬率累計排名 (2026/09/21 ~ 2026/09/30)
==========================================================================================================================================================================
    實資排名          累計天數排名  代號        名稱                 累計漲停(元)       累計跌停(元)       強度%  (09/21)開盤      最高      最低      收盤    (09/30)開盤      最高      最低      收盤      賺賠    賺賠率
--------------------------------------------------------------------------------------------------------------------------------------------------------------------------
       1               3  2221      大甲                   47.50          0.00   100.00%    136.00   140.00   136.00   140.00      178.00   198.00   170.00   197.50    +57.50   +41.07%
       2              43  3219      倚強科                  30.80          0.00    92.45%     96.00    98.70    94.10    98.70      130.00   134.50   127.50   131.50    +32.80   +33.23%
       3              53  6708      天擎                    0.00          0.00    90.26%     39.65    39.95    38.40    39.40       51.70    51.70    51.70    51.70    +12.30   +31.22%
       4              74  4174      浩鼎                    0.00          0.00    90.15%     27.75    29.90    27.70    29.90       39.00    39.20    38.55    39.20     +9.30   +31.10%
       5             138  6207      雷科                   37.00          0.00    88.04%    120.00   124.00   116.00   117.00      141.00   151.00   140.00   151.00    +34.00   +29.06%
       6              30  8227      巨有科技                 81.50          0.00    87.51%    282.00   287.50   271.50   287.50      370.50   370.50   370.50   370.50    +83.00   +28.87%
       7              11  9960      邁達康                   0.00          0.00    87.38%     32.25    32.80    32.00    32.15       41.20    41.95    40.40    41.50     +9.35   +29.08%
       8             187  6925      意藍                    0.00          0.00    86.69%     58.70    58.90    57.50    57.80       74.80    75.00    72.70    73.80    +16.00   +27.68%
       9              35  7547      碩網                    0.00          0.00    86.30%     50.00    50.80    49.80    50.70       64.40    66.30    62.80    64.80    +14.10   +27.81%
      10              64  1595      川寶                    0.00          0.00    82.75%     65.90    69.30    65.80    68.50       79.40    85.30    76.20    85.30    +16.80   +24.53%
      11              49  8027      鈦昇                   38.00          0.00    81.91%    180.00   182.00   176.50   179.50      222.00   222.00   219.00   222.00    +42.50   +23.68%
      12              50  7792      安葆                   91.50         19.50    81.62%    339.50   352.50   325.00   344.00      420.00   424.00   413.00   424.00    +80.00   +23.26%
      13              68  5220      萬達光電                  0.00          0.00    79.54%     19.90    19.90    19.80    19.90       22.80    24.20    22.00    24.20     +4.30   +21.61%
      14             118  3615      安可                    0.00          0.00    79.25%     36.90    38.85    36.90    37.75       42.20    45.80    42.10    45.80     +8.05   +21.32%
      15              66  5013      強新                    0.00          0.00    78.56%     29.45    32.10    29.45    32.10       38.50    38.75    38.05    38.75     +6.65   +20.72%
      16              86  5309      系統電                   0.00          0.00    77.88%     51.90    52.40    51.20    52.10       60.50    64.00    60.00    62.70    +10.60   +20.35%
      17             160  4768      晶呈科技                 72.50          0.00    77.28%    315.50   331.50   312.00   317.50      365.00   382.00   360.00   380.00    +62.50   +19.69%
      18              18  3707      漢磊                    0.00          0.00    76.62%     63.30    64.10    62.50    63.40       72.50    77.30    71.70    75.70    +12.30   +19.40%
      19             174  3691      碩禾                   21.00          0.00    76.57%    100.50   104.50    99.00   100.50      118.00   122.50   117.50   119.50    +19.00   +18.91%
      20              61  6693      廣閎科                  30.00          0.00    76.22%    182.00   183.00   176.50   178.00      222.50   223.50   210.00   211.50    +33.50   +18.82%
      21             172  6532      瑞耘                   20.00          0.00    76.03%    100.00   102.50    99.10   100.00      114.00   118.50   114.00   118.50    +18.50   +18.50%
      22              45  8040      九暘                    0.00          0.00    74.90%     83.00    86.70    82.10    83.50      101.00   102.50    98.00    98.50    +15.00   +17.96%
      23             227  3498      陽程                   45.50          0.00    74.18%    200.00   203.00   194.00   196.00      234.50   234.50   221.00   229.00    +33.00   +16.84%
      24              90  8147      正淩                   22.00          0.00    73.90%    134.00   136.00   133.00   135.50      149.50   160.50   148.00   158.50    +23.00   +16.97%
      25             150  3529      力旺                  550.00         75.00    73.83%   2880.00  2950.00  2820.00  2830.00     3450.00  3635.00  3305.00  3305.00   +475.00   +16.78%
      26             313  4556      旭然                    0.00          0.00    73.60%     84.00    91.50    83.20    87.30       93.70   101.50    93.70   101.50    +14.20   +16.27%
      27              10  6122      擎邦                    0.00          0.00    73.57%     51.20    52.30    51.00    51.70       60.30    60.90    59.20    60.50     +8.80   +17.02%
      28             190  6643      M31                 100.00         23.00    73.26%    461.00   486.00   457.00   478.00      506.00   555.00   500.00   555.00    +77.00   +16.11%
      29             189  3317      尼克森                   0.00          0.00    73.18%     56.50    56.50    55.70    56.20       65.40    65.90    64.60    65.20     +9.00   +16.01%
      30              75  6182      合晶                   12.00          0.00    72.48%    117.00   119.00   113.50   115.00      123.00   133.00   121.00   133.00    +18.00   +15.65%
      31              65  7728      光焱科技                 85.00         10.00    70.18%    587.00   594.00   580.00   586.00      615.00   667.00   615.00   667.00    +81.00   +13.82%
      32             164  8121      越峰                    0.00          0.00    70.09%     27.90    27.95    27.30    27.70       32.00    32.00    31.15    31.50     +3.80   +13.72%
      33             151  4542      科嶠                   41.00          0.00    70.07%    279.00   302.50   276.50   302.50      345.00   347.00   338.00   344.00    +41.50   +13.72%
      34             179  3581      博磊                   10.50          0.00    69.36%    103.00   107.00   102.00   103.50      109.50   117.00   109.50   117.00    +13.50   +13.04%
      35              80  5465      富驊                    0.00          0.00    68.95%     29.35    29.35    29.35    29.35       32.80    34.35    32.80    33.05     +3.70   +12.61%
      36             472  3162      精確                    0.00          0.00    68.61%     77.50    77.50    75.50    76.00       81.90    87.90    81.70    85.40     +9.40   +12.37%
      37             166  3552      同致                    0.00          0.00    68.54%     39.35    39.70    38.80    39.30       43.80    44.55    43.00    44.10     +4.80   +12.21%
      38             245  8437      大地-KY                 0.00          0.00    68.28%      8.98     9.17     8.98     9.12       10.25    10.50    10.10    10.20     +1.08   +11.84%
      39              48  7751      竑騰                  205.00         25.00    68.27%   1495.00  1495.00  1445.00  1445.00     1625.00  1650.00  1530.00  1625.00   +180.00   +12.46%
      40             157  3675      德微                   30.00          0.00    68.07%    296.50   303.00   287.50   294.50      337.00   338.00   328.50   330.00    +35.50   +12.05%
==========================================================================================================================================================================
✅ 共 40 筆


══════════════════════════════════════════════════════════════════════════════════════════════════════════════
  🔄 第  4/5 次  2026/09/18 ～ 2026/09/29
══════════════════════════════════════════════════════════════════════════════════════════════════════════════

==========================================================================================================================================================================
📊 ROI 每日報酬率累計排名 (2026/09/18 ~ 2026/09/29)
==========================================================================================================================================================================
    實資排名          累計天數排名  代號        名稱                 累計漲停(元)       累計跌停(元)       強度%  (09/18)開盤      最高      最低      收盤    (09/29)開盤      最高      最低      收盤      賺賠    賺賠率
--------------------------------------------------------------------------------------------------------------------------------------------------------------------------
       1               3  2221      大甲                   42.50          0.00   100.00%    124.00   127.50   119.00   127.50      169.00   180.00   167.50   180.00    +52.50   +41.18%
       2              40  3219      倚強科                  30.80          0.00    99.09%     83.30    89.80    82.70    89.80      123.50   125.50   120.50   125.50    +35.70   +39.76%
       3              78  4174      浩鼎                    0.00          0.00    88.96%     27.55    29.30    27.20    27.20       32.65    35.65    32.45    35.65     +8.45   +31.07%
       4               8  7547      碩網                    0.00          0.00    88.09%     49.50    49.95    49.35    49.95       65.30    65.30    65.30    65.30    +15.35   +30.73%
       5              14  5465      富驊                    0.00          0.00    87.18%     26.60    26.70    26.60    26.70       35.35    36.95    34.25    34.70     +8.00   +29.96%
       6              12  9960      邁達康                   0.00          0.00    86.50%     30.65    31.80    30.65    31.80       39.35    41.40    38.85    41.20     +9.40   +29.56%
       7             197  6925      意藍                    0.00          0.00    82.39%     56.80    62.30    56.80    59.90       72.00    75.00    71.00    75.00    +15.10   +25.21%
       8             104  4542      科嶠                   68.50          0.00    79.37%    291.00   298.00   275.00   275.00      329.00   342.00   329.00   339.00    +64.00   +23.27%
       9              52  7792      安葆                   91.50         19.50    78.93%    320.00   344.00   320.00   339.00      427.50   430.00   400.00   416.00    +77.00   +22.71%
      10             113  3691      碩禾                   21.00          0.00    77.30%     96.70    98.10    95.20    97.50      120.50   126.00   118.50   118.50    +21.00   +21.54%
      11              63  5013      強新                    0.00          0.00    76.22%     29.20    29.40    29.20    29.20       34.70    35.25    32.95    35.25     +6.05   +20.72%
      12              38  8227      巨有科技                 48.00          0.00    75.96%    263.00   279.00   252.00   279.00      313.00   337.00   308.00   337.00    +58.00   +20.79%
      13              81  3498      陽程                   45.50          0.00    75.89%    185.50   200.00   183.00   195.00      216.00   235.00   212.00   235.00    +40.00   +20.51%
      14              17  8040      九暘                    0.00          0.00    75.80%     79.50    83.50    78.50    82.70       93.00   102.50    92.50   100.00    +17.30   +20.92%
      15              53  6922      宸曜                   31.50          0.00    74.61%    189.00   189.50   185.50   188.00      212.00   228.50   210.00   225.00    +37.00   +19.68%
      16             185  6207      雷科                   23.50          0.00    74.16%    114.00   115.50   111.50   115.50      130.50   137.50   127.50   137.50    +22.00   +19.05%
      17              55  6693      廣閎科                  30.00          0.00    73.61%    183.00   186.50   180.50   183.50      206.50   220.50   203.50   218.00    +34.50   +18.80%
      18             236  6708      天擎                    0.00          0.00    73.50%     39.85    39.95    38.50    39.70       47.05    47.05    47.05    47.05     +7.35   +18.51%
      19              67  1595      川寶                    0.00          0.00    72.52%     66.00    67.50    64.80    65.70       77.40    83.00    76.40    77.60    +11.90   +18.11%
      20              65  1569      濱川                    0.00          0.00    71.31%     52.00    57.00    52.00    55.50       65.00    66.30    63.30    65.00     +9.50   +17.12%
      21              46  5310      天剛                    0.00          0.00    70.98%     25.00    25.00    24.80    24.80       28.70    29.65    28.40    29.00     +4.20   +16.94%
      22             111  3317      尼克森                   0.00          0.00    70.72%     55.90    56.20    55.20    56.20       67.30    67.30    65.00    65.40     +9.20   +16.37%
      23             181  3529      力旺                  550.00         90.00    70.22%   2770.00  2890.00  2760.00  2845.00     3175.00  3410.00  3145.00  3305.00   +460.00   +16.17%
      24              19  6122      擎邦                    0.00          0.00    70.17%     51.50    51.70    50.60    51.20       57.70    60.00    57.60    59.70     +8.50   +16.60%
      25              62  3268      海德威                   0.00          0.00    70.07%     18.10    18.70    18.10    18.50       21.90    21.90    21.05    21.50     +3.00   +16.22%
      26              31  3707      漢磊                    0.00          0.00    69.60%     62.60    63.30    62.00    62.90       72.50    74.50    72.30    72.90    +10.00   +15.90%
      27              50  6236      中湛                    0.00          0.00    69.08%     16.00    16.00    16.00    16.00       18.45    18.45    18.45    18.45     +2.45   +15.31%
      28             116  5309      系統電                   0.00          0.00    68.22%     51.10    51.50    50.60    51.50       53.50    59.10    53.50    59.10     +7.60   +14.76%
      29              54  3580      友威科                   0.00          0.00    67.99%     95.30    97.60    94.00    96.80      102.50   111.50   100.50   111.00    +14.20   +14.67%
      30             118  8121      越峰                    0.00          0.00    67.65%     27.30    27.90    27.25    27.90       30.65    32.75    30.00    31.90     +4.00   +14.34%
      31             240  6872      浩宇生醫                  0.00          0.00    67.35%     22.10    22.10    21.00    21.10       24.50    24.50    23.30    24.00     +2.90   +13.74%
      32             219  7772      耀穎                   32.50         14.50    67.33%    148.00   160.50   147.00   155.50      176.00   179.50   172.50   176.00    +20.50   +13.18%
      33              48  4903      聯光通                   0.00          0.00    66.94%     34.60    37.60    34.30    37.60       42.75    44.30    42.20    42.80     +5.20   +13.83%
      34             233  4768      晶呈科技                 50.00          0.00    66.72%    317.00   323.50   314.00   315.00      325.50   357.50   323.00   357.50    +42.50   +13.49%
      35              57  3675      德微                   30.00          0.00    66.64%    291.00   300.00   287.00   294.00      337.50   354.50   331.00   334.00    +40.00   +13.61%
      36              59  2061      風青                    0.00          0.00    66.47%     52.90    54.00    51.90    52.40       54.40    59.40    54.30    59.40     +7.00   +13.36%
      37              99  4416      三圓                    0.00          0.00    66.23%     11.25    12.15    11.15    12.15       13.80    14.30    13.75    13.75     +1.60   +13.17%
      38               5  8047      星雲                    0.00          0.00    65.90%     46.50    46.50    45.00    45.10       49.20    51.00    49.20    51.00     +5.90   +13.08%
      39             133  3615      安可                    0.00          0.00    65.72%     36.30    37.50    36.25    36.90       37.80    41.65    37.50    41.65     +4.75   +12.87%
      40              27  4946      辣椒                    0.00          0.00    65.72%     89.80    91.90    89.80    90.10       98.60   102.50    98.60   102.00    +11.90   +13.21%
==========================================================================================================================================================================
✅ 共 40 筆


══════════════════════════════════════════════════════════════════════════════════════════════════════════════
  🔄 第  5/5 次  2026/09/17 ～ 2026/09/24
══════════════════════════════════════════════════════════════════════════════════════════════════════════════

==========================================================================================================================================================================
📊 ROI 每日報酬率累計排名 (2026/09/17 ~ 2026/09/24)
==========================================================================================================================================================================
    實資排名          累計天數排名  代號        名稱                 累計漲停(元)       累計跌停(元)       強度%  (09/17)開盤      最高      最低      收盤    (09/24)開盤      最高      最低      收盤      賺賠    賺賠率
--------------------------------------------------------------------------------------------------------------------------------------------------------------------------
       1               1  2221      大甲                   38.00          0.00   100.00%    110.50   116.00   108.00   116.00      158.00   164.50   158.00   164.00    +48.00   +41.38%
       2               3  5465      富驊                    0.00          0.00    99.20%     24.05    24.50    24.05    24.30       31.55    34.20    31.05    34.20     +9.90   +40.74%
       3              47  3219      倚強科                  19.80          0.00    99.18%     82.60    84.60    81.30    81.70      107.00   114.50   105.50   114.50    +32.80   +40.15%
       4               5  7792      安葆                  117.50          0.00    97.05%    314.00   321.00   310.50   313.00      415.00   453.00   415.00   435.50   +122.50   +39.14%
       5              38  3691      碩禾                   21.00          0.00    81.38%     95.90    98.40    94.70    94.90      126.50   130.50   118.50   121.00    +26.10   +27.50%
       6              20  9960      邁達康                   0.00          0.00    79.94%     30.95    31.05    30.90    31.05       37.05    39.35    36.30    39.35     +8.30   +26.73%
       7              24  4903      聯光通                   0.00          0.00    78.88%     34.50    34.90    34.20    34.20       41.95    43.90    41.85    43.00     +8.80   +25.73%
       8               9  5230      雷笛克光學                 0.00          0.00    76.93%     18.75    18.90    18.60    18.70       22.40    23.50    22.00    23.30     +4.60   +24.60%
       9              51  1569      濱川                    0.00          0.00    76.87%     51.00    53.00    50.40    52.00       63.80    68.00    62.60    64.70    +12.70   +24.42%
      10              60  4416      三圓                    0.00          0.00    76.64%     11.25    11.30    10.80    11.05       14.00    14.10    13.40    13.70     +2.65   +23.98%
      11              54  7772      耀穎                   42.00         14.50    76.44%    133.00   146.00   133.00   146.00      173.00   182.00   170.50   180.00    +34.00   +23.29%
      12              36  3317      尼克森                   0.00          0.00    76.14%     56.10    56.20    55.10    55.10       64.10    73.00    64.10    68.30    +13.20   +23.96%
      13              34  3324      雙鴻                  330.00          0.00    75.19%   1375.00  1460.00  1335.00  1385.00     1595.00  1750.00  1590.00  1710.00   +325.00   +23.47%
      14              58  3508      位速                    0.00          0.00    73.15%     21.50    22.10    21.35    21.60       24.95    27.10    24.65    26.20     +4.60   +21.30%
      15              21  2724      藝舍-KY                 0.00          0.00    72.87%     10.40    10.75    10.40    10.75       13.20    13.20    13.10    13.10     +2.35   +21.86%
      16             198  6925      意藍                    0.00          0.00    71.61%     57.50    61.80    56.60    56.70       62.60    68.20    62.60    68.20    +11.50   +20.28%
      17              15  8040      九暘                    0.00          0.00    70.99%     79.20    83.00    78.30    78.30       92.30    97.60    92.30    94.50    +16.20   +20.69%
      18              66  1595      川寶                    0.00          0.00    70.52%     68.80    68.80    64.40    64.40       76.70    80.00    75.00    77.40    +13.00   +20.19%
      19              33  7547      碩網                    0.00          0.00    69.50%     50.20    50.20    49.70    49.70       57.60    59.40    56.40    59.40     +9.70   +19.52%
      20             150  3529      力旺                  610.00         90.00    69.37%   2735.00  2810.00  2660.00  2710.00     3250.00  3315.00  3160.00  3230.00   +520.00   +19.19%
      21              56  3624      光頡                   12.00         10.50    69.34%    124.50   130.00   115.00   118.00      132.50   144.50   132.00   140.00    +22.00   +18.64%
      22              50  8227      巨有科技                 38.50          0.00    68.40%    273.00   281.00   258.00   258.00      305.00   309.00   295.00   306.50    +48.50   +18.80%
      23             182  6485      點序                    0.00          0.00    68.15%     60.80    61.50    59.40    59.40       68.80    71.30    67.00    70.10    +10.70   +18.01%
      24             403  4542      科嶠                   57.50          0.00    67.57%    258.00   278.50   257.50   278.50      323.50   357.00   320.50   328.00    +49.50   +17.77%
      25              35  3675      德微                   40.00          0.00    67.18%    304.00   309.50   283.50   284.00      332.00   335.00   320.50   335.00    +51.00   +17.96%
      26              18  6199      天品                    0.00          0.00    67.14%    102.50   106.00   101.00   105.00      122.00   125.00   118.50   124.00    +19.00   +18.10%
      27              59  6643      M31                  90.00         13.00    66.64%    425.00   451.00   425.00   438.00      471.00   524.00   471.00   515.00    +77.00   +17.58%
      28              32  3707      漢磊                    0.00          0.00    66.60%     63.30    65.70    61.90    61.90       69.30    74.40    68.90    72.80    +10.90   +17.61%
      29             376  4174      浩鼎                    0.00          0.00    66.35%     26.95    28.35    26.80    27.75       33.00    34.15    32.05    32.45     +4.70   +16.94%
      30             221  6103      合邦                    0.00          0.00    65.80%     34.45    35.45    34.45    35.45       40.90    40.90    40.90    40.90     +5.45   +15.37%
      31             207  8437      大地-KY                 0.00          0.00    65.70%      9.24     9.24     9.00     9.12       10.00    10.85    10.00    10.65     +1.53   +16.78%
      32             235  4304      勝昱                    0.00          0.00    64.69%     14.40    15.70    14.40    15.70       18.00    18.50    17.25    18.00     +2.30   +14.65%
      33              92  6693      廣閎科                  30.00          0.00    64.64%    184.00   188.50   180.50   180.50      201.50   212.50   194.00   209.50    +29.00   +16.07%
      34             189  4923      力士                    0.00          0.00    64.56%     54.90    56.00    54.10    55.30       66.70    67.40    63.30    64.00     +8.70   +15.73%
      35              82  3498      陽程                   35.00          0.00    64.33%    192.50   193.00   180.00   184.50      198.00   215.00   197.00   214.00    +29.50   +15.99%
      36              79  5432      新門                   24.50          0.00    63.41%    147.00   148.00   145.50   145.50      163.50   169.00   163.00   167.50    +22.00   +15.12%
      37             173  3297      杭特                    0.00          0.00    62.54%     32.00    32.00    30.10    30.10       33.90    36.05    33.50    34.35     +4.25   +14.12%
      38              73  6218      豪勉                    0.00          0.00    62.30%     56.00    58.90    53.70    56.00       61.50    63.70    61.50    63.60     +7.60   +13.57%
      39             223  4924      欣厚-KY                 0.00          0.00    62.12%     14.80    14.80    13.55    14.25       16.45    17.40    16.10    16.10     +1.85   +12.98%
      40             228  6538      倉和                   92.50         47.50    60.82%    377.00   392.50   344.00   353.00      403.00   409.50   389.00   398.00    +45.00   +12.75%
==========================================================================================================================================================================
✅ 共 40 筆
