
██████████████████████████████████████████████████████████████████████████████████████████████████████████████
  📅 天數組合: 3 日  →  輸出檔: q14_03.txt
██████████████████████████████████████████████████████████████████████████████████████████████████████████████

🔁 共執行 3 次，每次區間長度 4 個交易日

══════════════════════════════════════════════════════════════════════════════════════════════════════════════
  🔄 第  1/3 次  2026/09/29 ～ 2026/10/02
══════════════════════════════════════════════════════════════════════════════════════════════════════════════

==========================================================================================================================================================================
📊 ROI 每日報酬率累計排名 (2026/09/29 ~ 2026/10/02)
==========================================================================================================================================================================
    實資排名          累計天數排名  代號        名稱                 累計漲停(元)       累計跌停(元)       強度%  (09/29)開盤      最高      最低      收盤    (10/02)開盤      最高      最低      收盤      賺賠    賺賠率
--------------------------------------------------------------------------------------------------------------------------------------------------------------------------
       1               1  5013      強新                    0.00          0.00   100.00%     34.70    35.25    32.95    35.25       46.85    46.85    46.85    46.85    +11.60   +32.91%
       2               6  6708      天擎                    0.00          0.00    99.61%     47.05    47.05    47.05    47.05       62.00    62.40    59.90    62.40    +15.35   +32.62%
       3               8  3259      鑫創                    0.00          0.00    99.21%      9.63     9.71     9.63     9.71       12.85    12.85    12.85    12.85     +3.14   +32.34%
       4              10  6488      環球晶                 245.00          0.00    90.24%    940.00   964.00   930.00   945.00     1090.00  1190.00  1075.00  1190.00   +245.00   +25.93%
       5              12  4556      旭然                   10.00          0.00    87.49%     92.10    97.40    92.10    92.40      111.50   122.50   109.50   114.50    +22.10   +23.92%
       6              21  5228      鈺鎧                    0.00          0.00    84.99%     39.80    40.10    39.35    39.35       46.35    48.05    45.20    48.05     +8.70   +22.11%
       7              22  6174      安碁                    0.00          0.00    84.96%     45.70    47.25    44.90    45.05       54.90    55.00    54.10    55.00     +9.95   +22.09%
       8              25  4760      勤凱                   54.50          0.00    84.72%    268.00   268.00   259.50   260.00      302.00   317.00   302.00   317.00    +57.00   +21.92%
       9              28  8289      泰藝                    0.00          0.00    84.60%     46.00    47.40    45.30    46.05       53.80    56.10    53.50    56.10    +10.05   +21.82%
      10              66  3236      千如                    0.00          0.00    83.58%     43.60    45.30    43.10    44.10       51.40    53.40    51.40    53.40     +9.30   +21.09%
      11               5  5205      中茂                    0.00          0.00    82.91%        --       --       --       --       22.40    22.80    22.30    22.80        --        --
      12             108  4905      台聯電                   0.00          0.00    82.90%     77.00    78.10    76.40    76.70       85.60    92.50    84.00    92.50    +15.80   +20.60%
      13             107  3105      穩懋                  102.00          0.00    81.88%    496.50   498.50   484.50   493.00      574.00   591.00   572.00   591.00    +98.00   +19.88%
      14             131  6485      點序                    0.00          0.00    81.29%     68.00    70.30    67.70    70.00       85.10    86.20    80.00    83.60    +13.60   +19.43%
      15             165  6877      鏵友益                  26.00          0.00    80.29%    122.50   130.00   122.50   128.00      152.00   152.00   150.00   152.00    +24.00   +18.75%
      16             159  4174      浩鼎                    0.00          0.00    79.02%     32.65    35.65    32.45    35.65       45.60    45.60    40.10    42.00     +6.35   +17.81%
      17              14  5483      中美晶                  28.50          0.00    77.49%    187.00   192.00   186.00   189.00      210.50   229.50   209.50   221.50    +32.50   +17.20%
      18              13  3707      漢磊                    0.00          0.00    77.01%     72.50    74.50    72.30    72.90       77.50    85.20    76.30    85.20    +12.30   +16.87%
      19              18  5016      松和                    0.00          0.00    74.71%     24.80    24.80    24.80    24.80       28.45    29.40    28.10    28.60     +3.80   +15.32%
      20               7  4609      唐鋒                    0.00          0.00    73.73%        --       --       --       --        4.86     4.86     4.76     4.76        --        --
      21              27  6127      九豪                    0.00          0.00    73.48%     48.45    51.70    47.90    51.00       57.00    59.60    55.80    58.40     +7.40   +14.51%
      22              44  2061      風青                    0.00          0.00    72.95%     54.40    59.40    54.30    59.40       60.80    67.80    60.00    67.80     +8.40   +14.14%
      23             125  3441      聯一光                  18.00          0.00    72.86%    177.50   185.00   176.00   185.00      210.00   222.50   207.00   211.00    +26.00   +14.05%
      24             136  6821      聯寶                    0.00          0.00    72.00%     40.60    41.10    40.40    40.95       43.00    46.45    43.00    46.45     +5.50   +13.43%
      25             164  3114      好德                    0.00          0.00    71.77%     35.00    36.50    34.55    35.00       36.75    39.65    35.35    39.65     +4.65   +13.29%
      26              39  5328      華容                    0.00          0.00    71.22%     52.20    53.70    51.80    52.30       57.50    60.80    56.50    59.10     +6.80   +13.00%
      27             112  4991      環宇-KY                62.00          0.00    70.57%    455.00   493.00   455.00   474.50      509.00   534.00   498.50   534.00    +59.50   +12.54%
      28             187  3490      單井                    0.00          0.00    70.46%     44.85    46.45    44.85    45.10       50.80    51.40    46.80    50.70     +5.60   +12.42%
      29              53  8182      加高                    0.00          0.00    70.41%     41.25    42.60    41.00    41.20       44.70    48.65    44.50    46.40     +5.20   +12.62%
      30             183  6432      今展科                   0.00          0.00    70.13%     59.10    61.00    59.10    59.50       67.20    70.50    64.60    66.60     +7.10   +11.93%
      31             109  5015      華祺                    0.00          0.00    70.00%     21.50    21.60    21.10    21.35       22.10    23.95    22.10    23.95     +2.60   +12.18%
      32             132  4716      大立                    0.00          0.00    69.92%     17.00    17.00    16.80    16.90       17.25    18.95    17.15    18.95     +2.05   +12.13%
      33              52  8074      鉅橡                    0.00          0.00    69.71%     51.80    51.80    50.40    50.80       51.90    56.90    51.90    56.90     +6.10   +12.01%
      34             110  6144      得利影                   0.00          0.00    69.62%     12.55    12.65    12.40    12.55       13.65    14.05    12.95    14.05     +1.50   +11.95%
      35             180  6182      合晶                   12.00          0.00    69.20%    119.50   124.50   117.00   121.00      131.00   140.00   128.50   135.00    +14.00   +11.57%
      36             147  5498      凱崴                    0.00          0.00    69.05%     49.90    50.30    49.45    49.85       50.90    55.60    50.80    55.60     +5.75   +11.53%
      37              81  3564      其陽                    0.00          0.00    68.66%     49.75    50.70    49.75    50.40       51.80    56.10    50.80    56.10     +5.70   +11.31%
      38              77  3581      博磊                   10.50          0.00    68.59%    103.00   109.00   102.50   106.50      115.50   122.00   115.50   118.50    +12.00   +11.27%
      39             128  6423      億而得                   0.00          0.00    68.45%     88.00    88.00    85.70    85.90      103.50   103.50    95.50    95.50     +9.60   +11.18%
      40             190  6532      瑞耘                   10.50          0.00    68.44%     99.80   108.00    99.60   108.00      123.00   123.50   117.50   120.00    +12.00   +11.11%
==========================================================================================================================================================================
✅ 共 40 筆


══════════════════════════════════════════════════════════════════════════════════════════════════════════════
  🔄 第  2/3 次  2026/09/24 ～ 2026/10/01
══════════════════════════════════════════════════════════════════════════════════════════════════════════════

==========================================================================================================================================================================
📊 ROI 每日報酬率累計排名 (2026/09/24 ~ 2026/10/01)
==========================================================================================================================================================================
    實資排名          累計天數排名  代號        名稱                 累計漲停(元)       累計跌停(元)       強度%  (09/24)開盤      最高      最低      收盤    (10/01)開盤      最高      最低      收盤      賺賠    賺賠率
--------------------------------------------------------------------------------------------------------------------------------------------------------------------------
       1               1  5013      強新                    0.00          0.00   100.00%     32.30    32.50    31.80    32.05       42.60    42.60    42.60    42.60    +10.55   +32.92%
       2               2  4174      浩鼎                    0.00          0.00    99.86%     33.00    34.15    32.05    32.45       43.10    43.10    43.10    43.10    +10.65   +32.82%
       3               6  6708      天擎                    0.00          0.00    99.71%     39.40    42.80    39.40    42.80       56.80    56.80    54.90    56.80    +14.00   +32.71%
       4               7  6532      瑞耘                   20.00          0.00    88.07%     97.90   100.50    97.90    98.50      121.00   127.00   115.50   122.50    +24.00   +24.37%
       5              34  4556      旭然                   10.00          0.00    83.52%     95.40    96.90    90.60    92.10      108.00   111.50    98.30   111.50    +19.40   +21.06%
       6              54  6485      點序                    0.00          0.00    83.23%     68.80    71.30    67.00    70.10       80.70    84.70    77.50    84.70    +14.60   +20.83%
       7             133  8227      巨有科技                 64.00          0.00    80.12%    305.00   309.00   295.00   306.50      379.50   384.50   342.00   363.50    +57.00   +18.60%
       8              11  3162      精確                    0.00          0.00    80.01%     74.70    75.00    73.40    73.60       86.00    92.00    86.00    87.50    +13.90   +18.89%
       9              24  6127      九豪                    0.00          0.00    80.00%     47.55    48.90    47.40    47.80       52.30    56.80    52.20    56.80     +9.00   +18.83%
      10             148  3259      鑫創                    0.00          0.00    78.65%      9.55     9.99     9.54     9.95       11.60    11.70    11.55    11.70     +1.75   +17.59%
      11              39  5309      系統電                   0.00          0.00    76.93%     51.50    54.30    51.30    53.80       63.00    66.50    62.00    62.80     +9.00   +16.73%
      12             149  5220      萬達光電                  0.00          0.00    76.54%     20.15    20.15    19.90    20.00       24.25    24.30    22.60    23.20     +3.20   +16.00%
      13             157  6207      雷科                   26.00          0.00    76.50%    115.50   125.00   115.50   125.00      153.00   158.00   139.50   145.00    +20.00   +16.00%
      14              17  6620      漢達                   12.00          0.00    76.48%    129.00   129.00   120.00   124.00      145.50   154.50   140.50   144.50    +20.50   +16.53%
      15             110  6432      今展科                   0.00          0.00    75.34%     60.60    60.60    59.50    60.40       62.80    69.80    62.50    69.80     +9.40   +15.56%
      16              12  5314      世紀*                   0.00          0.00    75.32%     26.10    26.85    25.45    26.40       29.30    31.65    29.20    30.60     +4.20   +15.91%
      17               9  8240      華宏                    0.00          0.00    75.09%     51.20    54.00    51.10    52.00       60.80    63.00    60.10    60.20     +8.20   +15.77%
      18              48  3219      倚強科                  11.00          0.00    74.05%    107.00   114.50   105.50   114.50      132.50   134.00   128.50   131.50    +17.00   +14.85%
      19              25  6150      撼訊                    0.00          0.00    73.89%     60.90    61.40    60.90    60.90       64.50    69.90    64.00    69.90     +9.00   +14.78%
      20             159  3615      安可                    0.00          0.00    73.89%     37.50    39.40    37.50    37.90       45.80    45.80    43.20    43.25     +5.35   +14.12%
      21             169  8027      鈦昇                   38.00         12.50    73.49%    175.50   188.00   175.50   184.00      225.00   225.00   207.00   209.50    +25.50   +13.86%
      22              75  6488      環球晶                 140.00          0.00    73.47%    944.00   960.00   930.00   948.00     1055.00  1135.00  1045.00  1085.00   +137.00   +14.45%
      23              45  2061      風青                    0.00          0.00    73.15%     55.40    56.30    53.90    54.00       60.00    65.00    60.00    61.70     +7.70   +14.26%
      24              16  6425      易發                    0.00          0.00    72.98%     72.50    72.50    70.80    71.10       80.00    84.30    78.40    81.30    +10.20   +14.35%
      25              32  5016      松和                    0.00          0.00    72.75%     24.80    24.80    24.65    24.65       25.95    28.10    25.55    28.10     +3.45   +14.00%
      26              47  8289      泰藝                    0.00          0.00    72.70%     44.50    45.50    43.85    44.75       46.35    51.00    46.30    51.00     +6.25   +13.97%
      27             160  4768      晶呈科技                 55.00         13.00    71.51%    325.00   328.00   315.00   325.00      392.50   403.50   366.00   367.00    +42.00   +12.92%
      28             164  6877      鏵友益                  12.50          0.00    71.47%    123.00   126.00   122.50   122.50      138.50   138.50   138.50   138.50    +16.00   +13.06%
      29             156  8121      越峰                    0.00          0.00    71.43%     27.65    30.65    27.60    30.65       31.50    34.65    31.00    34.65     +4.00   +13.05%
      30              59  3581      博磊                   10.50          0.00    70.49%    102.50   105.50   102.00   104.00      126.00   128.50   114.00   117.00    +13.00   +12.50%
      31              53  5483      中美晶                  18.50          0.00    70.01%    184.00   188.50   181.50   188.50      209.00   221.50   207.00   211.50    +23.00   +12.20%
      32              83  6113      亞矽                    0.00          0.00    69.99%     22.40    22.40    22.20    22.20       22.70    24.90    22.70    24.90     +2.70   +12.16%
      33             128  3441      聯一光                  18.00          0.00    69.54%    176.00   181.00   175.00   181.00      189.00   202.50   189.00   202.50    +21.50   +11.88%
      34              99  5328      華容                    0.00          0.00    68.59%     52.20    53.30    51.80    52.50       53.60    58.40    53.30    58.40     +5.90   +11.24%
      35              84  6174      安碁                    0.00          0.00    68.55%     44.25    45.55    43.70    44.95       45.80    50.00    45.45    50.00     +5.05   +11.23%
      36              90  3455      由田                   20.00          0.00    68.33%    242.00   265.00   242.00   258.00      266.00   292.00   258.00   287.00    +29.00   +11.24%
      37              63  3226      龍鋒                    0.00          0.00    68.12%     58.20    58.50    57.80    58.50       61.80    65.00    60.50    65.00     +6.50   +11.11%
      38             115  3236      千如                    0.00          0.00    67.78%     43.20    44.95    43.15    43.85       44.40    48.55    44.40    48.55     +4.70   +10.72%
      39             152  3537      堡達                    0.00          0.00    66.94%     52.90    53.60    52.80    53.20       54.00    58.60    54.00    58.60     +5.40   +10.15%
      40             174  2221      大甲                   33.50         18.50    66.88%    158.00   164.50   158.00   164.00      190.50   193.00   178.00   179.00    +15.00    +9.15%
==========================================================================================================================================================================
✅ 共 40 筆


══════════════════════════════════════════════════════════════════════════════════════════════════════════════
  🔄 第  3/3 次  2026/09/23 ～ 2026/09/30
══════════════════════════════════════════════════════════════════════════════════════════════════════════════

==========================================================================================================================================================================
📊 ROI 每日報酬率累計排名 (2026/09/23 ~ 2026/09/30)
==========================================================================================================================================================================
    實資排名          累計天數排名  代號        名稱                 累計漲停(元)       累計跌停(元)       強度%  (09/23)開盤      最高      最低      收盤    (09/30)開盤      最高      最低      收盤      賺賠    賺賠率
--------------------------------------------------------------------------------------------------------------------------------------------------------------------------
       1               2  6708      天擎                    0.00          0.00   100.00%     38.70    38.95    38.70    38.95       51.70    51.70    51.70    51.70    +12.75   +32.73%
       2               3  6207      雷科                   37.00          0.00    99.61%    116.00   117.00   113.50   114.00      141.00   151.00   140.00   151.00    +37.00   +32.46%
       3               5  3219      倚強科                  21.00          0.00    90.35%    108.50   110.00   100.00   104.50      130.00   134.50   127.50   131.50    +27.00   +25.84%
       4               4  8027      鈦昇                   38.00          0.00    90.31%    183.00   185.00   176.00   176.50      222.00   222.00   219.00   222.00    +45.50   +25.78%
       5               7  2221      大甲                   33.50          0.00    88.66%    166.00   168.50   149.50   158.50      178.00   198.00   170.00   197.50    +39.00   +24.61%
       6              12  5220      萬達光電                  0.00          0.00    85.40%     19.85    19.95    19.80    19.80       22.80    24.20    22.00    24.20     +4.40   +22.22%
       7               6  5309      系統電                   0.00          0.00    84.39%     52.40    52.40    51.30    51.50       60.50    64.00    60.00    62.70    +11.20   +21.75%
       8              21  6532      瑞耘                   20.00          0.00    83.67%     99.70    99.70    97.60    97.90      114.00   118.50   114.00   118.50    +20.60   +21.04%
       9              81  4174      浩鼎                    0.00          0.00    82.62%     29.25    32.60    29.00    32.60       39.00    39.20    38.55    39.20     +6.60   +20.25%
      10             146  7547      碩網                    0.00          0.00    82.30%     52.10    54.30    52.10    54.00       64.40    66.30    62.80    64.80    +10.80   +20.00%
      11             110  3615      安可                    0.00          0.00    81.71%     37.45    41.10    37.45    38.30       42.20    45.80    42.10    45.80     +7.50   +19.58%
      12             114  8227      巨有科技                 64.00          0.00    81.62%    308.50   310.00   290.00   310.00      370.50   370.50   370.50   370.50    +60.50   +19.52%
      13             136  5013      強新                    0.00          0.00    81.23%     32.00    32.95    32.00    32.50       38.50    38.75    38.05    38.75     +6.25   +19.23%
      14             172  6925      意藍                    0.00          0.00    80.96%     56.80    62.00    56.70    62.00       74.80    75.00    72.70    73.80    +11.80   +19.03%
      15             140  6643      M31                  88.50         10.00    77.04%    497.00   501.00   475.00   476.50      506.00   555.00   500.00   555.00    +78.50   +16.47%
      16             126  4768      晶呈科技                 55.00          0.00    75.43%    319.00   337.00   311.00   329.00      365.00   382.00   360.00   380.00    +51.00   +15.50%
      17             193  3498      陽程                   36.00          0.00    74.96%    205.00   209.50   197.50   199.00      234.50   234.50   221.00   229.00    +30.00   +15.08%
      18             100  8147      正淩                   22.00          0.00    74.95%    136.50   139.50   135.00   137.50      149.50   160.50   148.00   158.50    +21.00   +15.27%
      19              31  6182      合晶                   12.00          0.00    74.73%    120.00   125.00   114.50   115.50      123.00   133.00   121.00   133.00    +17.50   +15.15%
      20             168  3162      精確                    0.00          0.00    73.63%     75.20    75.50    74.00    74.70       81.90    87.90    81.70    85.40    +10.70   +14.32%
      21             182  3354      律勝                    0.00          0.00    73.59%     28.90    28.95    27.60    28.15       29.70    32.15    29.50    32.15     +4.00   +14.21%
      22              20  3290      東浦                    0.00          0.00    73.03%     46.20    46.70    45.65    45.75       48.35    52.40    48.35    52.20     +6.45   +14.10%
      23              60  6485      點序                    0.00          0.00    72.36%     69.30    70.40    66.60    67.80       70.60    77.00    70.60    77.00     +9.20   +13.57%
      24              23  8935      邦泰                    0.00          0.00    72.32%     17.30    17.50    17.25    17.30       19.00    20.40    18.80    19.65     +2.35   +13.58%
      25              26  7728      光焱科技                 72.00          0.00    71.80%    580.00   591.00   576.00   589.00      615.00   667.00   615.00   667.00    +78.00   +13.24%
      26              11  7751      竑騰                  190.00          0.00    71.46%   1420.00  1440.00  1410.00  1435.00     1625.00  1650.00  1530.00  1625.00   +190.00   +13.24%
      27             191  8121      越峰                    0.00          0.00    71.40%     28.00    28.55    27.90    27.90       32.00    32.00    31.15    31.50     +3.60   +12.90%
      28              47  7825      和亞智慧                  0.00          0.00    71.19%     75.30    76.80    74.80    74.80       82.60    86.50    81.40    84.40     +9.60   +12.83%
      29              49  5483      中美晶                  18.50          0.00    70.63%    195.00   195.00   183.00   184.50      193.00   207.50   192.00   207.50    +23.00   +12.47%
      30              30  3663      鑫科                    0.00          0.00    69.31%     61.40    61.40    60.60    60.70       63.10    68.60    63.00    67.80     +7.10   +11.70%
      31             141  3581      博磊                   10.50          0.00    69.10%    103.00   106.00   102.50   105.00      109.50   117.00   109.50   117.00    +12.00   +11.43%
      32             209  3114      好德                    0.00          0.00    68.57%     32.00    32.60    31.00    31.15       35.80    35.80    33.90    34.60     +3.45   +11.08%
      33             159  6654      天正國際                 16.00          0.00    68.38%    202.50   202.50   194.50   194.50      206.50   217.50   203.00   216.00    +21.50   +11.05%
      34             206  6228      全譜                    0.00          0.00    68.29%     17.00    17.00    17.00    17.00       20.60    20.60    18.80    18.80     +1.80   +10.59%
      35             149  8047      星雲                    0.00          0.00    68.25%     42.00    45.80    42.00    45.75       51.20    51.50    50.20    50.80     +5.05   +11.04%
      36             183  4939      亞電                    0.00          0.00    68.23%     77.20    77.50    74.50    74.70       77.00    82.80    77.00    82.80     +8.10   +10.84%
      37              36  3268      海德威                   0.00          0.00    68.10%     19.95    19.95    19.50    19.60       21.50    22.00    21.25    21.75     +2.15   +10.97%
      38             167  3580      友威科                   0.00          0.00    68.04%    102.50   105.50    99.00    99.70      112.00   116.00   108.00   110.50    +10.80   +10.83%
      39              17  5314      世紀*                   0.00          0.00    67.93%     26.30    27.00    25.00    26.00       28.05    29.00    28.05    28.85     +2.85   +10.96%
      40              44  9960      邁達康                   0.00          0.00    67.04%     35.25    38.70    32.75    37.60       41.20    41.95    40.40    41.50     +3.90   +10.37%
==========================================================================================================================================================================
✅ 共 40 筆
