
██████████████████████████████████████████████████████████████████████████████████████████████████████████████
  📅 天數組合: 3 日  →  輸出檔: s14_03.txt
██████████████████████████████████████████████████████████████████████████████████████████████████████████████

🔁 共執行 3 次，每次區間長度 4 個交易日

══════════════════════════════════════════════════════════════════════════════════════════════════════════════
  🔄 第  1/3 次  2026/09/29 ～ 2026/10/02
══════════════════════════════════════════════════════════════════════════════════════════════════════════════

==========================================================================================================================================================================
📊 ROI 每日報酬率累計排名 (2026/09/29 ~ 2026/10/02)
==========================================================================================================================================================================
    實資排名          累計天數排名  代號        名稱                 累計漲停(元)       累計跌停(元)       強度%  (09/29)開盤      最高      最低      收盤    (10/02)開盤      最高      最低      收盤      賺賠    賺賠率
--------------------------------------------------------------------------------------------------------------------------------------------------------------------------
       1               1  2033      佳大                    0.00          0.00   100.00%     36.80    39.95    36.50    38.50       51.20    51.20    51.20    51.20    +12.70   +32.99%
       2               2  1709      和益                    0.00          0.00    99.99%     43.50    44.95    43.20    44.00       55.50    58.50    54.70    58.50    +14.50   +32.95%
       3               5  3701      大眾控                   0.00          0.00    99.89%     41.15    42.90    41.15    41.75       53.00    55.40    51.20    55.40    +13.65   +32.69%
       4               4  6672      騰輝電子-KY             103.50          0.00    99.23%    330.50   335.50   321.00   335.50      413.00   439.00   404.00   439.00   +103.50   +30.85%
       5               3  3311      閎暉                    0.00          0.00    98.98%     38.45    38.50    37.55    38.15       48.25    49.65    48.15    49.65    +11.50   +30.14%
       6               7  2466      冠西電                  23.50          0.00    96.84%    119.50   119.50   112.50   113.50      130.50   141.00   130.50   141.00    +27.50   +24.23%
       7              10  6225      天瀚                    0.00          0.00    96.51%     46.35    55.40    46.35    55.40       73.50    73.50    64.90    68.30    +12.90   +23.29%
       8              18  8150      南茂                   21.50          0.00    95.86%    112.00   112.00   104.50   104.50      116.00   127.00   114.50   127.00    +22.50   +21.53%
       9              90  4722      國精化                  39.50          0.00    95.70%    184.00   194.50   184.00   190.00      212.00   230.00   209.50   230.00    +40.00   +21.05%
      10             138  6994      富威電力                  0.00          0.00    95.51%     26.50    26.65    26.10    26.60       29.95    32.05    29.30    32.05     +5.45   +20.49%
      11              15  4919      新唐                   24.50          0.00    95.34%    134.00   139.50   132.00   135.50      151.00   167.00   145.50   163.00    +27.50   +20.30%
      12               6  2340      台亞                    0.00          0.00    95.33%     34.40    38.00    34.40    38.00       45.00    47.20    43.70    45.75     +7.75   +20.39%
      13             173  2492      華新科                  62.00          0.00    95.21%    313.00   321.00   299.00   302.00      335.00   361.50   329.00   361.50    +59.50   +19.70%
      14             160  3518      柏騰                    0.00          0.00    94.81%     35.00    37.40    35.00    37.40       41.00    44.35    40.15    44.35     +6.95   +18.58%
      15             189  3673      TPK-KY                0.00          0.00    94.36%     65.50    69.50    65.50    68.70       73.50    80.60    73.00    80.60    +11.90   +17.32%
      16              12  3094      聯傑                    0.00          0.00    94.35%     53.00    59.70    52.70    59.70       69.20    73.00    67.90    70.30    +10.60   +17.76%
      17             190  8201      無敵                    0.00          0.00    94.29%     14.60    14.60    14.20    14.60       17.55    17.80    17.00    17.10     +2.50   +17.12%
      18              13  1459      聯發                    0.00          0.00    94.03%     15.95    16.15    15.90    16.00       17.00    18.70    17.00    18.70     +2.70   +16.87%
      19             221  6834      天二科技                 10.50          0.00    94.01%    114.00   116.00   111.50   112.50      118.00   131.00   118.00   131.00    +18.50   +16.44%
      20               9  6120      達運                    0.00          0.00    94.01%     12.75    13.25    12.65    13.05       14.60    15.40    14.50    15.25     +2.20   +16.86%
      21             213  6533      晶心科                  63.00         14.50    93.87%    272.50   303.50   268.00   303.50      366.50   366.50   350.50   352.00    +48.50   +15.98%
      22             103  2409      友達                    0.00          0.00    93.49%     34.40    35.80    33.80    35.05       38.75    40.85    38.65    40.45     +5.40   +15.41%
      23              28  8021      尖點                   67.00          0.00    93.38%    475.50   481.50   470.00   480.00      503.00   553.00   501.00   553.00    +73.00   +15.21%
      24              16  2030      彰源                    0.00          0.00    93.28%     33.40    33.40    33.40    33.40       38.15    39.20    37.95    38.40     +5.00   +14.97%
      25              27  3149      正達                    0.00          0.00    93.25%     63.20    68.00    63.00    67.30       74.80    79.70    74.00    77.30    +10.00   +14.86%
      26              11  8046      南電                  190.00          0.00    93.21%   1210.00  1280.00  1200.00  1270.00     1440.00  1480.00  1395.00  1460.00   +190.00   +14.96%
      27             124  2327      國巨*                  78.00          0.00    93.01%    570.00   570.00   548.00   548.00      604.00   647.00   598.00   626.00    +78.00   +14.23%
      28              22  2483      百容                    0.00          0.00    92.85%     32.20    32.95    32.20    32.50       37.00    38.40    36.65    37.00     +4.50   +13.85%
      29              17  6743      安普新                   0.00          0.00    92.83%     30.60    32.35    30.60    31.10       33.70    36.45    33.50    35.45     +4.35   +13.99%
      30              47  9933      中鼎                    0.00          0.00    92.72%     40.95    41.30    40.35    40.35       41.80    45.80    41.80    45.80     +5.45   +13.51%
      31              14  6196      帆宣                   74.00          0.00    92.69%    554.00   554.00   537.00   544.00      609.00   619.00   602.00   618.00    +74.00   +13.60%
      32             199  6155      鈞寶                    0.00          0.00    92.66%     61.50    64.90    61.20    64.00       69.60    75.50    69.50    72.50     +8.50   +13.28%
      33              24  6691      洋基工程                 79.00          0.00    92.64%    657.00   665.00   645.00   654.00      740.00   759.00   730.00   741.00    +87.00   +13.30%
      34              41  4958      臻鼎-KY                51.00          0.00    92.34%    479.00   499.50   472.50   498.50      515.00   561.00   514.00   561.00    +62.50   +12.54%
      35              32  2484      希華                    0.00          0.00    92.27%     75.00    79.50    74.20    76.90       85.20    89.00    84.20    86.50     +9.60   +12.48%
      36              44  3037      欣興                  140.00          0.00    92.07%   1170.00  1185.00  1130.00  1165.00     1225.00  1305.00  1215.00  1305.00   +140.00   +12.02%
      37             202  6957      裕慶-KY                46.50          0.00    92.04%    334.50   337.50   307.50   337.50      375.00   389.00   366.00   377.00    +39.50   +11.70%
      38             186  7711      永擎                   70.00          0.00    92.03%    540.00   553.00   537.00   546.00      616.00   620.00   602.00   610.00    +64.00   +11.72%
      39              53  6796      晉弘                    0.00          0.00    91.94%     52.00    52.00    51.40    51.70       54.00    58.40    53.20    57.70     +6.00   +11.61%
      40             219  4764      雙鍵                   18.50          0.00    91.85%    179.50   184.00   175.00   183.00      185.00   203.50   185.00   203.50    +20.50   +11.20%
==========================================================================================================================================================================
✅ 共 40 筆


══════════════════════════════════════════════════════════════════════════════════════════════════════════════
  🔄 第  2/3 次  2026/09/24 ～ 2026/10/01
══════════════════════════════════════════════════════════════════════════════════════════════════════════════

==========================================================================================================================================================================
📊 ROI 每日報酬率累計排名 (2026/09/24 ~ 2026/10/01)
==========================================================================================================================================================================
    實資排名          累計天數排名  代號        名稱                 累計漲停(元)       累計跌停(元)       強度%  (09/24)開盤      最高      最低      收盤    (10/01)開盤      最高      最低      收盤      賺賠    賺賠率
--------------------------------------------------------------------------------------------------------------------------------------------------------------------------
       1               1  6533      晶心科                  90.50          0.00   100.00%    251.00   276.00   250.00   276.00      346.00   366.50   337.00   366.50    +90.50   +32.79%
       2               2  6225      天瀚                    0.00          0.00    99.97%     41.60    50.80    41.60    50.40       66.90    66.90    66.90    66.90    +16.50   +32.74%
       3               3  8201      無敵                    0.00          0.00    99.95%     12.80    13.30    12.80    13.30       17.60    17.65    16.10    17.65     +4.35   +32.71%
       4               6  2340      台亞                    0.00          0.00    96.26%     34.35    35.80    34.15    34.55       40.80    44.70    40.25    43.85     +9.30   +26.92%
       5               5  2033      佳大                    0.00          0.00    96.03%     37.65    38.30    35.50    36.80       45.10    46.55    44.00    46.55     +9.75   +26.49%
       6               7  6957      裕慶-KY                77.00          0.00    95.14%    298.50   307.00   287.00   307.00      400.00   400.00   364.00   384.00    +77.00   +25.08%
       7              11  3094      聯傑                    0.00          0.00    94.88%     53.60    57.80    53.50    54.30       61.80    67.70    61.70    67.70    +13.40   +24.68%
       8               9  1617      榮星                    0.00          0.00    94.64%     20.10    20.90    19.85    19.95       24.90    26.45    24.40    24.80     +4.85   +24.31%
       9              10  2030      彰源                    0.00          0.00    94.36%     28.10    30.40    27.90    30.40       37.20    40.00    36.05    37.65     +7.25   +23.85%
      10              14  1709      和益                    0.00          0.00    93.39%     45.85    46.45    43.50    43.50       51.80    53.20    51.60    53.20     +9.70   +22.30%
      11              15  3701      大眾控                   0.00          0.00    93.30%     41.25    41.65    40.90    41.25       46.25    50.40    43.90    50.40     +9.15   +22.18%
      12               8  3593      力銘                    0.00          0.00    92.40%     10.35    10.35     9.50     9.50       11.75    11.75    10.50    11.50     +2.00   +21.05%
      13              66  6672      騰輝電子-KY              70.00          0.00    92.03%    315.00   337.50   315.00   337.50      376.50   405.50   369.50   405.50    +68.00   +20.15%
      14              17  4545      銘鈺                    0.00          0.00    91.17%     32.65    33.30    32.65    33.10       39.10    40.75    38.50    39.40     +6.30   +19.03%
      15             137  3518      柏騰                    0.00          0.00    91.10%     32.85    35.65    32.50    34.00       42.15    45.15    40.15    40.35     +6.35   +18.68%
      16             142  2020      美亞                    0.00          0.00    91.02%     21.60    22.25    21.50    22.10       29.20    29.25    26.00    26.20     +4.10   +18.55%
      17              23  3311      閎暉                    0.00          0.00    90.94%     36.90    38.65    36.65    38.05       42.35    45.15    42.10    45.15     +7.10   +18.66%
      18              27  3149      正達                    0.00          0.00    90.05%     62.80    64.20    62.50    63.30       74.30    76.10    72.20    74.30    +11.00   +17.38%
      19              26  2484      希華                    0.00          0.00    89.17%     73.20    75.00    71.10    72.80       78.40    85.80    77.30    84.60    +11.80   +16.21%
      20              97  1597      直得                   13.00          0.00    88.92%    134.00   135.00   131.50   133.50      147.00   158.50   141.00   154.50    +21.00   +15.73%
      21             161  6155      鈞寶                    0.00          0.00    88.90%     56.20    61.50    55.60    60.20       64.20    69.60    64.20    69.60     +9.40   +15.61%
      22              13  6120      達運                    0.00          0.00    88.84%     12.65    12.95    12.65    12.75       15.30    15.40    14.45    14.75     +2.00   +15.69%
      23              12  8046      南電                  180.00          0.00    87.93%   1210.00  1270.00  1190.00  1240.00     1390.00  1450.00  1370.00  1420.00   +180.00   +14.52%
      24              85  4722      國精化                  19.00          0.00    87.62%    190.00   191.50   182.50   184.00      196.50   209.50   194.50   209.50    +25.50   +13.86%
      25              28  7711      永擎                   70.00          0.00    87.47%    543.00   548.00   535.00   542.00      561.00   616.00   551.00   616.00    +74.00   +13.65%
      26              82  3588      通嘉                    0.00          0.00    87.00%     52.20    53.50    52.20    52.40       54.20    59.20    54.20    59.20     +6.80   +12.98%
      27              19  7730      暉盛-創                 15.00          0.00    87.00%    171.00   172.00   171.00   172.00      180.00   197.00   180.00   194.50    +22.50   +13.08%
      28             122  6133      金橋                    0.00          0.00    86.99%     26.00    26.75    25.90    25.95       29.55    31.00    29.30    29.30     +3.35   +12.91%
      29              43  2483      百容                    0.00          0.00    86.65%     32.40    33.25    32.30    32.55       36.15    37.45    34.30    36.60     +4.05   +12.44%
      30              95  2409      友達                    0.00          0.00    86.35%     34.75    35.95    33.75    34.20       39.80    40.00    37.80    38.30     +4.10   +11.99%
      31             181  3673      TPK-KY                0.00          0.00    86.26%     64.60    65.90    64.20    65.60       73.70    75.80    71.70    73.30     +7.70   +11.74%
      32              36  2939      永邑-KY                 0.00          0.00    86.25%     19.80    19.80    19.60    19.60       21.90    22.00    21.50    21.95     +2.35   +11.99%
      33             189  8039      台虹                   42.00         12.00    86.24%    255.50   261.00   254.00   258.50      297.00   297.50   285.00   288.50    +30.00   +11.61%
      34              88  3543      州巧                    0.00          0.00    86.21%     45.30    46.35    45.10    45.70       51.30    51.80    50.50    51.10     +5.40   +11.82%
      35              78  4919      新唐                   13.50          0.00    86.17%    132.00   138.50   130.00   136.00      140.50   152.00   139.00   152.00    +16.00   +11.76%
      36             130  7799      禾榮科                  64.50          0.00    85.99%    523.00   525.00   480.00   498.00      555.00   574.00   544.00   555.00    +57.00   +11.45%
      37              79  4178      永笙-KY                 0.00          0.00    85.79%     16.50    16.70    16.45    16.50       17.00    18.35    17.00    18.35     +1.85   +11.21%
      38              76  3013      晟銘電                   0.00          0.00    85.75%     84.10    84.50    83.10    84.50       87.10    94.00    85.80    94.00     +9.50   +11.24%
      39              38  6695      芯鼎                    0.00          0.00    85.57%     50.10    50.20    49.40    49.90       54.90    56.80    54.90    55.40     +5.50   +11.02%
      40              89  3025      星通                    0.00          0.00    85.55%     51.80    52.60    51.40    52.40       56.00    58.10    55.70    58.10     +5.70   +10.88%
==========================================================================================================================================================================
✅ 共 40 筆


══════════════════════════════════════════════════════════════════════════════════════════════════════════════
  🔄 第  3/3 次  2026/09/23 ～ 2026/09/30
══════════════════════════════════════════════════════════════════════════════════════════════════════════════

==========================================================================================================================================================================
📊 ROI 每日報酬率累計排名 (2026/09/23 ~ 2026/09/30)
==========================================================================================================================================================================
    實資排名          累計天數排名  代號        名稱                 累計漲停(元)       累計跌停(元)       強度%  (09/23)開盤      最高      最低      收盤    (09/30)開盤      最高      最低      收盤      賺賠    賺賠率
--------------------------------------------------------------------------------------------------------------------------------------------------------------------------
       1               1  6533      晶心科                  82.50          0.00   100.00%    259.00   264.00   249.50   251.00      316.00   333.50   301.00   333.50    +82.50   +32.87%
       2               3  2030      彰源                    0.00          0.00    99.95%     27.60    29.95    26.35    27.65       36.60    36.70    36.00    36.70     +9.05   +32.73%
       3               5  8201      無敵                    0.00          0.00    99.92%     12.05    12.25    11.80    12.10       15.50    16.05    15.50    16.05     +3.95   +32.64%
       4               2  6225      天瀚                    0.00          0.00    99.62%     46.20    46.20    46.20    46.20       60.10    60.90    60.10    60.90    +14.70   +31.82%
       5               4  3518      柏騰                    0.00          0.00    97.76%     32.15    32.80    31.85    32.45       40.50    41.10    40.05    41.10     +8.65   +26.66%
       6               6  6957      裕慶-KY                75.50          0.00    97.36%    300.00   305.00   295.00   295.50      365.00   371.00   356.00   371.00    +75.50   +25.55%
       7               7  2020      美亞                    0.00          0.00    96.67%     21.50    21.70    21.45    21.60       26.70    26.70    26.65    26.70     +5.10   +23.61%
       8              19  4195      基米-創                  0.00          0.00    96.40%     12.90    13.15    12.80    13.10       17.35    17.35    16.00    16.10     +3.00   +22.90%
       9              58  6405      悅城                    0.00          0.00    95.58%     42.00    43.80    41.10    41.55       50.10    50.10    50.10    50.10     +8.55   +20.58%
      10              70  6672      騰輝電子-KY              64.00          0.00    95.44%    302.00   310.00   298.00   307.00      337.50   369.00   335.50   369.00    +62.00   +20.20%
      11             142  1617      榮星                    0.00          0.00    95.12%     19.70    21.05    19.20    20.15       22.75    24.05    22.40    24.05     +3.90   +19.35%
      12              21  2340      台亞                    0.00          0.00    94.83%     34.25    37.30    34.25    34.35       38.50    41.50    37.70    40.80     +6.45   +18.78%
      13              16  8039      台虹                   42.00          0.00    94.27%    264.00   264.00   253.00   256.00      279.50   300.50   277.50   300.50    +44.50   +17.38%
      14             130  4545      銘鈺                    0.00          0.00    94.20%     33.65    33.65    33.35    33.40       35.80    39.10    35.80    39.10     +5.70   +17.07%
      15              31  3149      正達                    0.00          0.00    94.18%     65.20    65.80    63.10    63.20       69.50    74.00    69.00    74.00    +10.80   +17.09%
      16              11  6456      GIS-KY                0.00          0.00    94.12%     76.50    80.90    76.50    78.60       91.50    95.70    89.50    92.00    +13.40   +17.05%
      17             227  3021      鴻名                    0.00          0.00    93.97%     25.35    25.55    24.45    24.50       30.90    31.00    28.00    28.45     +3.95   +16.12%
      18              14  3673      TPK-KY                0.00          0.00    93.93%     66.30    67.50    64.80    64.80       69.10    75.50    68.90    75.50    +10.70   +16.51%
      19             224  3016      嘉晶                   27.00          0.00    93.88%    145.00   145.50   141.50   145.50      170.00   172.50   165.00   169.00    +23.50   +16.15%
      20              90  1809      中釉                    0.00          0.00    93.77%     41.40    41.90    39.75    41.25       45.10    48.60    45.05    47.85     +6.60   +16.00%
      21              44  3593      力銘                    0.00          0.00    93.65%      8.80     9.68     8.80     9.50       10.75    11.00    10.30    11.00     +1.50   +15.79%
      22              13  2025      千興                    0.00          0.00    93.64%     12.55    12.65    12.45    12.65       13.50    14.65    13.40    14.65     +2.00   +15.81%
      23              20  2032      新鋼                    0.00          0.00    93.55%     17.50    17.65    17.25    17.55       20.15    21.00    19.95    20.30     +2.75   +15.67%
      24              76  6213      聯茂                   79.00          0.00    93.41%    542.00   547.00   525.00   541.00      624.00   649.00   622.00   623.00    +82.00   +15.16%
      25              12  6861      睿生光電                 28.50          0.00    93.27%    267.00   290.00   265.00   273.00      294.00   313.50   294.00   313.50    +40.50   +14.84%
      26              89  6133      金橋                    0.00          0.00    92.82%     26.75    27.40    25.80    26.05       29.40    30.45    28.20    29.60     +3.55   +13.63%
      27             166  2033      佳大                    0.00          0.00    92.81%     39.70    40.25    36.20    37.30       38.85    42.35    38.65    42.35     +5.05   +13.54%
      28              51  3094      聯傑                    0.00          0.00    92.74%     53.00    57.80    51.60    54.30       62.10    62.50    59.00    61.60     +7.30   +13.44%
      29              17  7822      倍利科                 115.00          0.00    92.48%    888.00   892.00   866.00   883.00      998.00  1025.00   989.00   998.00   +115.00   +13.02%
      30             211  6155      鈞寶                    0.00          0.00    92.40%     56.70    57.60    55.90    56.20       65.00    65.20    63.00    63.30     +7.10   +12.63%
      31               8  2034      允強                    0.00          0.00    92.36%     21.90    22.35    21.50    22.00       24.10    25.00    23.80    24.80     +2.80   +12.73%
      32              94  6120      達運                    0.00          0.00    92.22%     13.00    13.30    12.65    12.80       13.75    14.35    13.70    14.35     +1.55   +12.11%
      33              10  1303      南亞                   10.50          0.00    92.18%    232.00   235.00   223.00   227.50      250.50   265.00   245.50   255.50    +28.00   +12.31%
      34              28  3311      閎暉                    0.00          0.00    92.05%     36.80    37.40    36.60    36.70       38.00    41.95    38.00    41.05     +4.35   +11.85%
      35              46  2939      永邑-KY                 0.00          0.00    92.02%     19.95    19.95    19.50    19.60       20.05    22.00    20.05    21.90     +2.30   +11.73%
      36              33  3591      艾笛森                   0.00          0.00    91.94%     24.00    25.55    24.00    24.60       26.45    27.80    26.45    27.45     +2.85   +11.59%
      37             178  6691      洋基工程                 86.00         13.00    91.92%    639.00   651.00   632.00   646.00      666.00   719.00   665.00   719.00    +73.00   +11.30%
      38              67  6505      台塑化                   0.00          0.00    91.91%     87.90    88.50    86.50    87.30       94.00    98.60    93.00    97.30    +10.00   +11.45%
      39             167  3543      州巧                    0.00          0.00    91.90%     47.00    47.00    45.10    46.00       49.70    51.90    49.00    51.20     +5.20   +11.30%
      40              66  3701      大眾控                   0.00          0.00    91.88%     42.00    42.00    41.05    41.25       42.25    45.90    42.25    45.90     +4.65   +11.27%
==========================================================================================================================================================================
✅ 共 40 筆
