
██████████████████████████████████████████████████████████████████████████████████████████████████████████████
  📅 天數組合: 5 日  →  輸出檔: s14_05.txt
██████████████████████████████████████████████████████████████████████████████████████████████████████████████

🔁 共執行 5 次，每次區間長度 6 個交易日

══════════════════════════════════════════════════════════════════════════════════════════════════════════════
  🔄 第  1/5 次  2026/09/23 ～ 2026/10/02
══════════════════════════════════════════════════════════════════════════════════════════════════════════════

==========================================================================================================================================================================
📊 ROI 每日報酬率累計排名 (2026/09/23 ~ 2026/10/02)
==========================================================================================================================================================================
    實資排名          累計天數排名  代號        名稱                 累計漲停(元)       累計跌停(元)       強度%  (09/23)開盤      最高      最低      收盤    (10/02)開盤      最高      最低      收盤      賺賠    賺賠率
--------------------------------------------------------------------------------------------------------------------------------------------------------------------------
       1               1  6225      天瀚                    0.00          0.00   100.00%     46.20    46.20    46.20    46.20       73.50    73.50    64.90    68.30    +22.10   +47.84%
       2              12  6672      騰輝電子-KY             134.00          0.00    99.00%    302.00   310.00   298.00   307.00      413.00   439.00   404.00   439.00   +132.00   +43.00%
       3              35  8201      無敵                    0.00          0.00    98.71%     12.05    12.25    11.80    12.10       17.55    17.80    17.00    17.10     +5.00   +41.32%
       4              38  6533      晶心科                 115.50         14.50    98.49%    259.00   264.00   249.50   251.00      366.50   366.50   350.50   352.00   +101.00   +40.24%
       5               2  2030      彰源                    0.00          0.00    98.06%     27.60    29.95    26.35    27.65       38.15    39.20    37.95    38.40    +10.75   +38.88%
       6              26  2033      佳大                    0.00          0.00    97.74%     39.70    40.25    36.20    37.30       51.20    51.20    51.20    51.20    +13.90   +37.27%
       7              30  3518      柏騰                    0.00          0.00    97.62%     32.15    32.80    31.85    32.45       41.00    44.35    40.15    44.35    +11.90   +36.67%
       8               6  3311      閎暉                    0.00          0.00    97.25%     36.80    37.40    36.60    36.70       48.25    49.65    48.15    49.65    +12.95   +35.29%
       9              10  3701      大眾控                   0.00          0.00    97.06%     42.00    42.00    41.05    41.25       53.00    55.40    51.20    55.40    +14.15   +34.30%
      10               5  2340      台亞                    0.00          0.00    96.73%     34.25    37.30    34.25    34.35       45.00    47.20    43.70    45.75    +11.40   +33.19%
      11               9  3094      聯傑                    0.00          0.00    95.89%     53.00    57.80    51.60    54.30       69.20    73.00    67.90    70.30    +16.00   +29.47%
      12              43  6155      鈞寶                    0.00          0.00    95.77%     56.70    57.60    55.90    56.20       69.60    75.50    69.50    72.50    +16.30   +29.00%
      13              40  6957      裕慶-KY                88.50          0.00    95.47%    300.00   305.00   295.00   295.50      375.00   389.00   366.00   377.00    +81.50   +27.58%
      14              15  6213      聯茂                  139.00          0.00    95.08%    542.00   547.00   525.00   541.00      646.00   700.00   639.00   683.00   +142.00   +26.25%
      15              48  2020      美亞                    0.00          0.00    94.74%     21.50    21.70    21.45    21.60       26.00    27.80    25.10    26.90     +5.30   +24.54%
      16              53  3673      TPK-KY                0.00          0.00    94.73%     66.30    67.50    64.80    64.80       73.50    80.60    73.00    80.60    +15.80   +24.38%
      17              49  2466      冠西電                  23.50          0.00    94.72%    117.00   120.00   112.00   113.50      130.50   141.00   130.50   141.00    +27.50   +24.23%
      18             170  3016      嘉晶                   39.50          0.00    94.64%    145.00   145.50   141.50   145.50      169.50   182.00   169.50   180.50    +35.00   +24.05%
      19              56  1709      和益                    0.00          0.00    94.19%     47.50    50.50    45.50    48.30       55.50    58.50    54.70    58.50    +10.20   +21.12%
      20              16  3149      正達                    0.00          0.00    94.13%     65.20    65.80    63.10    63.20       74.80    79.70    74.00    77.30    +14.10   +22.31%
      21             167  4722      國精化                  39.50          0.00    94.06%    192.00   193.50   189.00   189.00      212.00   230.00   209.50   230.00    +41.00   +21.69%
      22              91  4195      基米-創                  0.00          0.00    93.97%     12.90    13.15    12.80    13.10       16.30    16.40    15.80    15.90     +2.80   +21.37%
      23              20  4919      新唐                   24.50          0.00    93.97%    135.00   144.00   132.50   134.00      151.00   167.00   145.50   163.00    +29.00   +21.64%
      24               3  8046      南電                  250.00          0.00    93.64%   1185.00  1225.00  1150.00  1210.00     1440.00  1480.00  1395.00  1460.00   +250.00   +20.66%
      25             233  1617      榮星                    0.00          0.00    93.55%     19.70    21.05    19.20    20.15       24.80    25.25    24.00    24.10     +3.95   +19.60%
      26              67  8150      南茂                   21.50          0.00    93.40%    110.00   116.00   105.00   107.00      116.00   127.00   114.50   127.00    +20.00   +18.69%
      27              21  6120      達運                    0.00          0.00    93.32%     13.00    13.30    12.65    12.80       14.60    15.40    14.50    15.25     +2.45   +19.14%
      28              18  4958      臻鼎-KY                74.00          0.00    93.19%    471.50   482.50   470.00   473.00      515.00   561.00   514.00   561.00    +88.00   +18.60%
      29             285  2492      華新科                  62.00          9.50    93.18%    314.50   322.50   304.00   306.00      335.00   361.50   329.00   361.50    +55.50   +18.14%
      30              27  2484      希華                    0.00          0.00    93.18%     70.70    75.00    68.60    72.90       85.20    89.00    84.20    86.50    +13.60   +18.66%
      31              58  6456      GIS-KY                0.00          0.00    93.15%     76.50    80.90    76.50    78.60       89.10    94.00    87.00    92.90    +14.30   +18.19%
      32             102  4545      銘鈺                    0.00          0.00    93.14%     33.65    33.65    33.35    33.40       39.50    39.85    39.00    39.50     +6.10   +18.26%
      33               8  1459      聯發                    0.00          0.00    93.12%     15.90    16.00    15.80    15.80       17.00    18.70    17.00    18.70     +2.90   +18.35%
      34             650  6994      富威電力                  0.00          0.00    92.99%     27.30    27.60    27.15    27.30       29.95    32.05    29.30    32.05     +4.75   +17.40%
      35              97  00715L    期街口布蘭特正2              0.00          0.00    92.84%     61.65    61.90    60.15    60.70       71.35    71.60    70.15    70.75    +10.05   +16.56%
      36             171  2409      友達                    0.00          0.00    92.70%     36.65    36.65    33.40    34.70       38.75    40.85    38.65    40.45     +5.75   +16.57%
      37               7  6743      安普新                   0.00          0.00    92.66%     30.00    30.45    29.90    30.35       33.70    36.45    33.50    35.45     +5.10   +16.80%
      38              13  3042      晶技                   12.00          0.00    92.55%    186.50   201.50   179.00   198.00      219.00   232.50   217.50   230.50    +32.50   +16.41%
      39             229  3031      佰鴻                    0.00          0.00    92.51%     27.95    29.30    27.35    28.30       31.40    33.50    30.25    32.80     +4.50   +15.90%
      40             318  6834      天二科技                 10.50          0.00    92.50%    113.00   116.50   110.50   113.50      118.00   131.00   118.00   131.00    +17.50   +15.42%
==========================================================================================================================================================================
✅ 共 40 筆


══════════════════════════════════════════════════════════════════════════════════════════════════════════════
  🔄 第  2/5 次  2026/09/22 ～ 2026/10/01
══════════════════════════════════════════════════════════════════════════════════════════════════════════════

==========================================================================================================================================================================
📊 ROI 每日報酬率累計排名 (2026/09/22 ~ 2026/10/01)
==========================================================================================================================================================================
    實資排名          累計天數排名  代號        名稱                 累計漲停(元)       累計跌停(元)       強度%  (09/22)開盤      最高      最低      收盤    (10/01)開盤      最高      最低      收盤      賺賠    賺賠率
--------------------------------------------------------------------------------------------------------------------------------------------------------------------------
       1              17  6533      晶心科                 115.50          0.00   100.00%    268.50   278.50   254.50   254.50      346.00   366.50   337.00   366.50   +112.00   +44.01%
       2              18  8201      無敵                    0.00          0.00    99.85%     12.00    12.30    11.80    12.30       17.60    17.65    16.10    17.65     +5.35   +43.50%
       3               2  2030      彰源                    0.00          0.00    98.09%     24.30    27.25    24.30    27.25       37.20    40.00    36.05    37.65    +10.40   +38.17%
       4              13  6672      騰輝電子-KY             100.50          0.00    96.88%    315.00   315.00   300.00   302.00      376.50   405.50   369.50   405.50   +103.50   +34.27%
       5              26  6225      天瀚                    0.00          0.00    96.04%     51.30    51.30    51.30    51.30       66.90    66.90    66.90    66.90    +15.60   +30.41%
       6               5  3593      力銘                    0.00          0.00    95.56%      8.77     8.99     8.23     8.80       11.75    11.75    10.50    11.50     +2.70   +30.68%
       7               7  3094      聯傑                    0.00          0.00    94.95%     56.20    56.20    52.50    52.60       61.80    67.70    61.70    67.70    +15.10   +28.71%
       8               4  2340      台亞                    0.00          0.00    94.90%     34.85    35.20    34.10    34.10       40.80    44.70    40.25    43.85     +9.75   +28.59%
       9             137  3016      嘉晶                   40.00          0.00    94.41%    125.00   132.50   124.50   132.50      169.00   169.00   162.50   168.00    +35.50   +26.79%
      10              28  6957      裕慶-KY                88.50          0.00    94.33%    297.50   312.00   292.00   303.00      400.00   400.00   364.00   384.00    +81.00   +26.73%
      11              20  1617      榮星                    0.00          0.00    94.23%     20.00    20.45    19.25    19.60       24.90    26.45    24.40    24.80     +5.20   +26.53%
      12              39  3518      柏騰                    0.00          0.00    93.78%     31.85    33.25    31.85    32.25       42.15    45.15    40.15    40.35     +8.10   +25.12%
      13              64  2033      佳大                    0.00          0.00    93.67%     35.00    37.30    34.60    37.30       45.10    46.55    44.00    46.55     +9.25   +24.80%
      14              51  6155      鈞寶                    0.00          0.00    93.44%     57.90    58.20    56.00    56.00       64.20    69.60    64.20    69.60    +13.60   +24.29%
      15             214  6933      AMAX-KY              90.00          0.00    93.40%    326.00   330.50   317.00   318.50      370.00   404.50   369.50   394.50    +76.00   +23.86%
      16              16  3311      閎暉                    0.00          0.00    92.92%     37.70    38.85    36.75    36.75       42.35    45.15    42.10    45.15     +8.40   +22.86%
      17              48  2020      美亞                    0.00          0.00    92.64%     21.40    21.50    21.35    21.50       29.20    29.25    26.00    26.20     +4.70   +21.86%
      18              49  4195      基米-創                  0.00          0.00    92.59%     13.00    13.20    12.85    12.90       15.85    15.85    15.35    15.70     +2.80   +21.71%
      19               3  8046      南電                  255.00          0.00    92.44%   1125.00  1165.00  1120.00  1165.00     1390.00  1450.00  1370.00  1420.00   +255.00   +21.89%
      20              15  2484      希華                    0.00          0.00    92.39%     71.00    71.20    69.60    69.60       78.40    85.80    77.30    84.60    +15.00   +21.55%
      21              61  3701      大眾控                   0.00          0.00    92.38%     42.80    43.60    41.45    41.60       46.25    50.40    43.90    50.40     +8.80   +21.15%
      22              37  6456      GIS-KY                0.00          0.00    91.77%     73.50    79.00    73.20    73.60       91.90    92.00    86.10    87.90    +14.30   +19.43%
      23              10  3042      晶技                   14.50          0.00    91.46%    186.50   188.00   183.50   183.50      210.00   224.00   207.50   218.50    +35.00   +19.07%
      24              58  6213      聯茂                   98.00          0.00    91.23%    545.00   574.00   539.00   543.00      623.00   643.00   611.00   642.00    +99.00   +18.23%
      25             116  3653      健策                 1165.00        120.00    91.19%   5985.00  6050.00  5780.00  5830.00     6720.00  6895.00  6665.00  6875.00  +1045.00   +17.92%
      26             148  4545      銘鈺                    0.00          0.00    90.94%     33.95    34.00    33.30    33.60       39.10    40.75    38.50    39.40     +5.80   +17.26%
      27             111  2342      茂矽                    0.00          0.00    90.83%     41.25    43.00    41.25    42.15       50.30    50.50    49.00    49.35     +7.20   +17.08%
      28              40  1709      和益                    0.00          0.00    90.76%     43.10    47.40    41.35    45.95       51.80    53.20    51.60    53.20     +7.25   +15.78%
      29              94  3149      正達                    0.00          0.00    90.43%     66.00    67.90    64.10    64.10       74.30    76.10    72.20    74.30    +10.20   +15.91%
      30              59  4566      時碩工業                  0.00          0.00    90.30%     66.20    66.50    65.00    65.00       74.30    77.20    74.30    75.20    +10.20   +15.69%
      31              35  6691      洋基工程                111.00         13.00    90.21%    641.00   649.00   634.00   635.00      727.00   748.00   719.00   733.00    +98.00   +15.43%
      32              11  7822      倍利科                 133.00          0.00    90.17%    853.00   880.00   845.00   865.00     1000.00  1020.00   979.00  1000.00   +135.00   +15.61%
      33              44  2404      漢唐                  230.00         65.00    89.95%   1140.00  1175.00  1130.00  1140.00     1280.00  1315.00  1270.00  1305.00   +165.00   +14.47%
      34              22  7711      永擎                   70.00          0.00    89.92%    552.00   555.00   534.00   537.00      561.00   616.00   551.00   616.00    +79.00   +14.71%
      35             282  1597      直得                   13.00          0.00    89.86%    141.00   141.00   135.00   135.00      147.00   158.50   141.00   154.50    +19.50   +14.44%
      36              12  2254      巨鎧精密-創                0.00          0.00    89.78%     79.10    82.10    79.10    82.10       93.00    94.60    93.00    94.10    +12.00   +14.62%
      37              31  4919      新唐                   13.50          0.00    89.60%    127.00   138.00   126.50   133.50      140.50   152.00   139.00   152.00    +18.50   +13.86%
      38              70  3665      貿聯-KY               350.00         40.00    89.54%   2335.00  2345.00  2215.00  2245.00     2595.00  2625.00  2510.00  2555.00   +310.00   +13.81%
      39               8  8162      微矽電子-創                0.00          0.00    89.44%     61.00    61.60    59.00    59.80       66.80    68.30    66.10    68.00     +8.20   +13.71%
      40             274  3167      大量                  173.00         62.00    89.38%    815.00   868.00   812.00   864.00      908.00   975.00   908.00   975.00   +111.00   +12.85%
==========================================================================================================================================================================
✅ 共 40 筆


══════════════════════════════════════════════════════════════════════════════════════════════════════════════
  🔄 第  3/5 次  2026/09/21 ～ 2026/09/30
══════════════════════════════════════════════════════════════════════════════════════════════════════════════

==========================================================================================================================================================================
📊 ROI 每日報酬率累計排名 (2026/09/21 ~ 2026/09/30)
==========================================================================================================================================================================
    實資排名          累計天數排名  代號        名稱                 累計漲停(元)       累計跌停(元)       強度%  (09/21)開盤      最高      最低      收盤    (09/30)開盤      最高      最低      收盤      賺賠    賺賠率
--------------------------------------------------------------------------------------------------------------------------------------------------------------------------
       1               1  2030      彰源                    0.00          0.00   100.00%     24.80    24.80    23.95    24.80       36.60    36.70    36.00    36.70    +11.90   +47.98%
       2              25  3016      嘉晶                   52.00          0.00    97.71%    118.00   123.00   115.50   120.50      170.00   172.50   165.00   169.00    +48.50   +40.25%
       3              21  8201      無敵                    0.00          0.00    95.63%     12.00    12.00    12.00    12.00       15.50    16.05    15.50    16.05     +4.05   +33.75%
       4               6  3518      柏騰                    0.00          0.00    94.25%     31.10    32.30    30.95    31.65       40.50    41.10    40.05    41.10     +9.45   +29.86%
       5              27  6957      裕慶-KY                88.50          0.00    93.66%    274.50   295.00   272.50   290.00      365.00   371.00   356.00   371.00    +81.00   +27.93%
       6               5  6456      GIS-KY                0.00          0.00    93.54%     66.70    71.90    65.90    71.90       91.50    95.70    89.50    92.00    +20.10   +27.96%
       7               4  6861      睿生光電                 49.50          0.00    93.40%    235.00   252.00   234.00   246.00      294.00   313.50   294.00   313.50    +67.50   +27.44%
       8             192  6533      晶心科                  82.50          0.00    93.35%    269.00   270.50   260.00   263.50      316.00   333.50   301.00   333.50    +70.00   +26.57%
       9               3  8046      南電                  280.00          0.00    93.00%   1110.00  1150.00  1050.00  1060.00     1285.00  1340.00  1250.00  1340.00   +280.00   +26.42%
      10              60  2033      佳大                    0.00          0.00    92.58%     33.05    35.25    32.00    33.95       38.85    42.35    38.65    42.35     +8.40   +24.74%
      11              14  2020      美亞                    0.00          0.00    92.55%     21.50    21.60    21.40    21.40       26.70    26.70    26.65    26.70     +5.30   +24.77%
      12              32  1617      榮星                    0.00          0.00    92.28%     18.55    20.10    18.45    19.40       22.75    24.05    22.40    24.05     +4.65   +23.97%
      13              28  4195      基米-創                  0.00          0.00    92.24%     13.20    13.20    13.00    13.00       17.35    17.35    16.00    16.10     +3.10   +23.85%
      14              16  2241      艾姆勒                   0.00          0.00    92.07%     35.05    37.35    34.50    37.35       43.50    47.90    43.45    46.15     +8.80   +23.56%
      15              18  1809      中釉                    0.00          0.00    91.77%     38.60    39.90    38.20    39.00       45.10    48.60    45.05    47.85     +8.85   +22.69%
      16              17  2342      茂矽                    0.00          0.00    91.73%     41.15    41.75    40.45    41.00       49.15    51.40    49.10    50.30     +9.30   +22.68%
      17               8  3563      牧德                  147.00          0.00    91.54%    677.00   677.00   660.00   660.00      811.00   825.00   784.00   807.00   +147.00   +22.27%
      18              73  3593      力銘                    0.00          0.00    91.35%      9.48     9.49     9.07     9.07       10.75    11.00    10.30    11.00     +1.93   +21.28%
      19              92  6405      悅城                    0.00          0.00    91.07%     40.30    42.25    40.30    41.60       50.10    50.10    50.10    50.10     +8.50   +20.43%
      20             118  6672      騰輝電子-KY              64.00          0.00    90.61%    306.50   316.00   304.00   310.00      337.50   369.00   335.50   369.00    +59.00   +19.03%
      21              10  2032      新鋼                    0.00          0.00    90.53%     17.05    17.05    16.80    17.00       20.15    21.00    19.95    20.30     +3.30   +19.41%
      22              42  2340      台亞                    0.00          0.00    90.24%     34.40    34.70    34.00    34.50       38.50    41.50    37.70    40.80     +6.30   +18.26%
      23               9  2025      千興                    0.00          0.00    90.11%     12.40    12.40    12.25    12.40       13.50    14.65    13.40    14.65     +2.25   +18.15%
      24             132  3653      健策                 1130.00        120.00    89.97%   5765.00  5890.00  5700.00  5790.00     6980.00  7080.00  6720.00  6800.00  +1010.00   +17.44%
      25              90  3189      景碩                  153.00          0.00    89.86%    849.00   878.00   824.00   827.00      961.00   972.00   937.00   970.00   +143.00   +17.29%
      26             406  6933      AMAX-KY              66.50          0.00    89.83%    345.00   348.00   316.00   317.50      380.50   392.00   371.00   371.00    +53.50   +16.85%
      27              13  2254      巨鎧精密-創                0.00          0.00    89.80%     76.80    78.80    76.80    78.80       92.20    93.10    92.10    92.60    +13.80   +17.51%
      28               7  7822      倍利科                 148.00          0.00    89.77%    850.00   851.00   836.00   850.00      998.00  1025.00   989.00   998.00   +148.00   +17.41%
      29              65  8438      昶昕                    0.00          0.00    89.74%     68.10    69.70    68.10    69.00       80.00    81.00    78.60    80.80    +11.80   +17.10%
      30             193  2305      全友                    0.00          0.00    89.70%     59.10    61.90    55.50    58.80       70.00    72.50    66.40    68.70     +9.90   +16.84%
      31             250  2409      友達                    0.00          0.00    89.45%     31.85    33.35    31.80    33.35       36.00    38.55    35.65    38.55     +5.20   +15.59%
      32              83  6526      達發                  142.00         26.00    89.43%    700.00   734.00   688.00   724.00      830.00   855.00   819.00   840.00   +116.00   +16.02%
      33              11  2034      允強                    0.00          0.00    89.12%     21.50    21.55    21.15    21.45       24.10    25.00    23.80    24.80     +3.35   +15.62%
      34             550  4545      銘鈺                    0.00          0.00    89.08%     33.50    34.15    33.50    34.00       35.80    39.10    35.80    39.10     +5.10   +15.00%
      35              68  3037      欣興                  175.00         20.00    89.07%    999.00  1055.00   999.00  1020.00     1175.00  1190.00  1155.00  1175.00   +155.00   +15.20%
      36              87  3673      TPK-KY                0.00          0.00    88.98%     64.90    66.80    64.30    65.70       69.10    75.50    68.90    75.50     +9.80   +14.92%
      37             109  6213      聯茂                   79.00          0.00    88.98%    515.00   542.00   510.00   542.00      624.00   649.00   622.00   623.00    +81.00   +14.94%
      38              29  2444      兆勁                    0.00          0.00    88.84%     13.60    13.85    13.60    13.85       15.30    16.50    15.05    15.90     +2.05   +14.80%
      39              44  2404      漢唐                  225.00         65.00    88.79%   1125.00  1160.00  1090.00  1130.00     1230.00  1300.00  1230.00  1290.00   +160.00   +14.16%
      40              31  3042      晶技                   14.50          0.00    88.72%    186.50   186.50   183.00   183.50      208.50   218.50   206.00   210.00    +26.50   +14.44%
==========================================================================================================================================================================
✅ 共 40 筆


══════════════════════════════════════════════════════════════════════════════════════════════════════════════
  🔄 第  4/5 次  2026/09/18 ～ 2026/09/29
══════════════════════════════════════════════════════════════════════════════════════════════════════════════

==========================================================================================================================================================================
📊 ROI 每日報酬率累計排名 (2026/09/18 ~ 2026/09/29)
==========================================================================================================================================================================
    實資排名          累計天數排名  代號        名稱                 累計漲停(元)       累計跌停(元)       強度%  (09/18)開盤      最高      最低      收盤    (09/29)開盤      最高      最低      收盤      賺賠    賺賠率
--------------------------------------------------------------------------------------------------------------------------------------------------------------------------
       1               1  3016      嘉晶                   52.00          0.00   100.00%    116.50   119.00   115.00   116.50      165.00   176.00   161.50   172.50    +56.00   +48.07%
       2               2  6456      GIS-KY                0.00          0.00    97.51%     65.10    65.90    64.20    65.40       85.00    89.40    84.10    89.40    +24.00   +36.70%
       3              13  2030      彰源                    0.00          0.00    96.94%     23.75    24.95    23.45    24.95       33.40    33.40    33.40    33.40     +8.45   +33.87%
       4               6  2241      艾姆勒                   0.00          0.00    95.45%     33.90    34.60    33.75    34.45       43.00    44.50    41.20    44.00     +9.55   +27.72%
       5              28  6957      裕慶-KY                74.50          0.00    94.74%    274.50   279.00   267.50   270.50      334.50   337.50   307.50   337.50    +67.00   +24.77%
       6              10  3653      健策                 1395.00         25.00    94.74%   5520.00  5650.00  5415.00  5525.00     7000.00  7160.00  6850.00  6895.00  +1370.00   +24.80%
       7               4  6861      睿生光電                 37.50          0.00    94.53%    216.00   229.50   216.00   229.50      271.00   288.00   270.50   285.00    +55.50   +24.18%
       8              30  6213      聯茂                  116.00          0.00    94.24%    503.00   525.00   501.00   505.00      620.00   628.00   588.00   620.00   +115.00   +22.77%
       9               8  2342      茂矽                    0.00          0.00    94.02%     40.10    41.20    39.90    41.05       47.00    53.00    46.85    50.10     +9.05   +22.05%
      10             133  8201      無敵                    0.00          0.00    93.89%     11.80    12.35    11.75    12.05       14.60    14.60    14.20    14.60     +2.55   +21.16%
      11               5  3518      柏騰                    0.00          0.00    93.76%     31.50    31.50    30.80    30.90       35.00    37.40    35.00    37.40     +6.50   +21.04%
      12             130  4195      基米-創                  0.00          0.00    93.64%     13.10    13.25    13.10    13.15       14.40    15.80    14.40    15.80     +2.65   +20.15%
      13              21  2444      兆勁                    0.00          0.00    93.38%     12.55    12.75    12.20    12.60       14.60    15.20    14.45    15.05     +2.45   +19.44%
      14             256  3055      蔚華科                  35.50          0.00    93.37%    166.00   173.50   163.50   171.00      196.00   207.50   191.50   203.50    +32.50   +19.01%
      15               3  2254      巨鎧精密-創                0.00          0.00    93.32%     75.20    76.80    74.70    76.80       89.20    92.10    89.20    91.80    +15.00   +19.53%
      16              55  1721      國慶科技                  0.00          0.00    93.22%     22.40    22.40    21.60    22.00       24.30    26.45    24.15    26.10     +4.10   +18.64%
      17              23  3037      欣興                  204.00         20.00    93.21%    973.00   990.00   971.00   981.00     1170.00  1185.00  1130.00  1165.00   +184.00   +18.76%
      18              12  3605      宏致                   15.00          0.00    93.14%    149.50   154.00   142.00   154.00      182.00   190.50   179.00   182.50    +28.50   +18.51%
      19              29  3563      牧德                  134.00         11.00    93.08%    675.00   676.00   665.00   671.00      773.00   815.00   773.00   794.00   +123.00   +18.33%
      20              32  1617      榮星                    0.00          0.00    93.03%     18.70    18.85    18.35    18.55       21.00    21.90    20.95    21.90     +3.35   +18.06%
      21              70  6526      達發                  149.00         26.00    93.01%    643.00   691.00   640.00   691.00      825.00   833.00   800.00   814.00   +123.00   +17.80%
      22              16  6166      凌華                   11.00          0.00    92.98%    113.50   114.50   112.00   114.50      131.00   143.50   130.00   135.00    +20.50   +17.90%
      23              63  2305      全友                    0.00          0.00    92.96%     57.70    59.00    53.80    58.70       61.70    69.10    61.10    69.10    +10.40   +17.72%
      24              34  6168      宏齊                    0.00          0.00    92.71%     37.15    38.85    35.85    38.85       44.40    45.55    44.30    45.20     +6.35   +16.34%
      25              53  8438      昶昕                    0.00          0.00    92.69%     69.50    69.50    67.80    68.50       76.90    83.40    76.60    80.00    +11.50   +16.79%
      26              22  1809      中釉                    0.00          0.00    92.65%     38.00    39.10    37.50    38.60       45.10    47.25    43.05    45.00     +6.40   +16.58%
      27              77  3094      聯傑                    0.00          0.00    92.57%     48.80    51.70    48.60    51.70       53.00    59.70    52.70    59.70     +8.00   +15.47%
      28              31  2032      新鋼                    0.00          0.00    92.56%     17.05    17.15    16.85    17.10       18.90    20.40    18.80    19.90     +2.80   +16.37%
      29             155  6902      GOGOLOOK             28.50         14.00    92.53%    131.50   141.00   131.50   141.00      173.00   175.00   162.00   162.50    +21.50   +15.25%
      30             284  2409      友達                    0.00          0.00    92.53%     30.75    30.80    29.50    30.35       34.40    35.80    33.80    35.05     +4.70   +15.49%
      31              36  8046      南電                  210.00         40.00    92.39%   1105.00  1120.00  1065.00  1100.00     1210.00  1280.00  1200.00  1270.00   +170.00   +15.45%
      32              50  6674      鋐寶科技                  0.00          0.00    92.38%     15.70    15.80    15.45    15.80       18.35    18.35    18.25    18.25     +2.45   +15.51%
      33             311  3189      景碩                  138.00          0.00    92.22%    828.00   850.00   815.00   832.00      960.00   969.00   939.00   955.00   +123.00   +14.78%
      34              11  7822      倍利科                 126.00          0.00    92.12%    856.00   861.00   839.00   850.00      930.00   986.00   925.00   976.00   +126.00   +14.82%
      35              43  4770      上品                   25.00          0.00    92.03%    242.00   255.50   242.00   251.00      277.00   295.00   277.00   286.50    +35.50   +14.14%
      36             204  2033      佳大                    0.00          0.00    91.88%     32.45    33.90    31.50    33.90       36.80    39.95    36.50    38.50     +4.60   +13.57%
      37             200  4566      時碩工業                  0.00          0.00    91.86%     65.40    65.40    64.30    64.50       74.30    75.20    71.70    73.20     +8.70   +13.49%
      38              33  2020      美亞                    0.00          0.00    91.85%     21.50    21.70    21.40    21.40       22.50    24.30    22.50    24.30     +2.90   +13.55%
      39             220  3543      州巧                    0.00          0.00    91.82%     45.40    45.40    44.10    44.30       46.45    50.20    46.10    50.20     +5.90   +13.32%
      40              39  1709      和益                    0.00          0.00    91.76%     41.85    42.00    38.70    39.20       43.50    44.95    43.20    44.00     +4.80   +12.24%
==========================================================================================================================================================================
✅ 共 40 筆


══════════════════════════════════════════════════════════════════════════════════════════════════════════════
  🔄 第  5/5 次  2026/09/17 ～ 2026/09/24
══════════════════════════════════════════════════════════════════════════════════════════════════════════════

==========================================================================================================================================================================
📊 ROI 每日報酬率累計排名 (2026/09/17 ~ 2026/09/24)
==========================================================================================================================================================================
    實資排名          累計天數排名  代號        名稱                 累計漲停(元)       累計跌停(元)       強度%  (09/17)開盤      最高      最低      收盤    (09/24)開盤      最高      最低      收盤      賺賠    賺賠率
--------------------------------------------------------------------------------------------------------------------------------------------------------------------------
       1              12  3016      嘉晶                   39.50          0.00   100.00%    116.00   122.00   113.50   115.50      147.50   160.00   147.00   160.00    +44.50   +38.53%
       2              23  6902      GOGOLOOK             41.00          0.00    99.63%    126.00   128.50   125.50   128.50      170.00   183.00   167.50   176.50    +48.00   +37.35%
       3               1  6861      睿生光電                 58.00          0.00    98.35%    224.00   229.50   207.50   209.00      266.50   290.00   266.00   279.50    +70.50   +33.73%
       4              11  6526      達發                  211.00          0.00    98.32%    639.00   649.00   629.00   629.00      845.00   862.00   818.00   840.00   +211.00   +33.55%
       5              10  3443      創意                 2025.00          0.00    97.54%   6315.00  6610.00  6205.00  6500.00     8300.00  8545.00  8205.00  8525.00  +2025.00   +31.15%
       6               3  3605      宏致                   29.00          0.00    97.47%    145.00   152.50   137.50   140.00      179.50   186.50   178.50   183.50    +43.50   +31.07%
       7              36  2030      彰源                    0.00          0.00    96.94%     22.60    23.55    22.60    23.50       28.10    30.40    27.90    30.40     +6.90   +29.36%
       8              20  2241      艾姆勒                   0.00          0.00    96.90%     33.70    34.05    33.50    33.70       41.85    44.90    41.85    43.60     +9.90   +29.38%
       9               6  3653      健策                 1565.00          0.00    96.81%   5400.00  5605.00  5320.00  5355.00     6560.00  6920.00  6215.00  6920.00  +1565.00   +29.23%
      10               2  8150      南茂                    0.00          0.00    96.79%     88.10    90.10    86.30    86.70      106.00   114.00   105.00   112.00    +25.30   +29.18%
      11               4  3037      欣興                  245.00          0.00    95.66%    979.00   993.00   940.00   940.00     1155.00  1190.00  1145.00  1185.00   +245.00   +26.06%
      12              57  6168      宏齊                    0.00          0.00    95.41%     32.15    35.35    31.60    35.35       41.50    44.00    41.10    44.00     +8.65   +24.47%
      13              15  2404      漢唐                  250.00          0.00    95.29%   1040.00  1055.00  1025.00  1030.00     1255.00  1285.00  1205.00  1285.00   +255.00   +24.76%
      14              19  6456      GIS-KY                0.00          0.00    95.28%     65.30    68.00    64.60    65.10       78.00    82.50    75.60    81.30    +16.20   +24.88%
      15             223  3055      蔚華科                  45.50          0.00    95.00%    168.00   169.50   160.50   161.00      201.50   208.00   195.50   199.00    +38.00   +23.60%
      16              24  2342      茂矽                    0.00          0.00    94.13%     40.55    41.60    39.50    39.60       47.20    50.90    46.55    48.20     +8.60   +21.72%
      17               8  1809      中釉                    0.00          0.00    94.07%     37.15    38.50    37.15    37.30       42.35    45.35    42.30    45.35     +8.05   +21.58%
      18              49  2444      兆勁                    0.00          0.00    94.00%     11.65    12.50    11.65    12.20       14.50    15.15    14.40    14.80     +2.60   +21.31%
      19              61  6805      富世達                 510.00         70.00    93.95%   2095.00  2200.00  2080.00  2090.00     2570.00  2615.00  2505.00  2530.00   +440.00   +21.05%
      20              80  6213      聯茂                  101.00          0.00    93.64%    548.00   548.00   495.00   495.00      595.00   595.00   592.00   595.00   +100.00   +20.20%
      21             205  2033      佳大                    0.00          0.00    93.39%     27.95    30.85    27.80    30.85       37.65    38.30    35.50    36.80     +5.95   +19.29%
      22             142  3189      景碩                  165.00          0.00    93.37%    825.00   835.00   785.00   805.00      938.00   996.00   929.00   962.00   +157.00   +19.50%
      23              74  6443      元晶                    0.00          0.00    93.21%     23.90    24.85    23.70    23.75       28.65    29.40    28.00    28.25     +4.50   +18.95%
      24               9  1560      中砂                  151.00          0.00    93.19%    750.00   815.00   750.00   815.00      950.00   975.00   945.00   971.00   +156.00   +19.14%
      25              17  6715      嘉基                   57.50          0.00    93.11%    406.00   432.00   391.50   394.00      462.50   472.50   459.00   468.50    +74.50   +18.91%
      26             182  8996      高力                  355.00        125.00    92.98%   1330.00  1360.00  1285.00  1300.00     1555.00  1560.00  1480.00  1530.00   +230.00   +17.69%
      27              71  4919      新唐                   11.50          0.00    92.91%    116.50   118.50   114.50   115.00      132.00   138.50   130.00   136.00    +21.00   +18.26%
      28              58  6166      凌華                   11.00          0.00    92.72%    111.50   114.00   111.50   112.00      126.50   133.00   125.00   132.00    +20.00   +17.86%
      29               7  2254      巨鎧精密-創                0.00          0.00    92.70%     74.20    75.20    72.80    75.20       86.80    89.40    86.20    88.80    +13.60   +18.09%
      30               5  02001L    富邦蘋果正二N               0.00          0.00    92.64%    136.80   138.20   132.90   132.95      150.00   156.75   150.00   156.75    +23.80   +17.90%
      31              63  2449      京元電子                 52.00         13.00    92.62%    265.50   274.00   264.50   265.00      303.50   315.50   300.50   311.00    +46.00   +17.36%
      32              67  6674      鋐寶科技                  0.00          0.00    92.51%     15.75    15.80    15.65    15.65       18.35    18.40    18.30    18.35     +2.70   +17.25%
      33              13  2454      聯發科                 780.00          0.00    92.49%   4565.00  4700.00  4500.00  4500.00     5105.00  5360.00  5105.00  5285.00   +785.00   +17.44%
      34             155  6205      詮欣                    0.00          0.00    92.40%     61.80    65.10    61.80    63.30       74.00    78.50    72.70    73.60    +10.30   +16.27%
      35             483  3346      麗清                    0.00          0.00    92.30%     19.75    20.35    19.50    20.30       23.45    23.85    23.30    23.60     +3.30   +16.26%
      36              82  3563      牧德                  121.00         11.00    92.27%    651.00   676.00   649.00   659.00      760.00   777.00   739.00   769.00   +110.00   +16.69%
      37              73  8046      南電                  215.00         40.00    92.25%   1120.00  1130.00  1060.00  1065.00     1210.00  1270.00  1190.00  1240.00   +175.00   +16.43%
      38             190  2368      金像電                 195.00         35.00    92.25%   1035.00  1085.00   950.00   950.00     1135.00  1150.00  1075.00  1105.00   +155.00   +16.32%
      39             124  3665      貿聯-KY               385.00         55.00    92.24%   2035.00  2085.00  1985.00  2010.00     2410.00  2470.00  2285.00  2340.00   +330.00   +16.42%
      40              76  4770      上品                   25.00          0.00    92.19%    223.50   242.50   223.50   242.00      285.00   290.00   272.00   281.50    +39.50   +16.32%
==========================================================================================================================================================================
✅ 共 40 筆
