
██████████████████████████████████████████████████████████████████████████████████████████████████████████████
  📅 天數組合: 5 日  →  輸出檔: q12_05.txt
██████████████████████████████████████████████████████████████████████████████████████████████████████████████

🔁 共執行 5 次，每次區間長度 5 個交易日

══════════════════════════════════════════════════════════════════════════════════════════════════════════════
  🔄 第  1/5 次  2026/09/24 ～ 2026/10/05
══════════════════════════════════════════════════════════════════════════════════════════════════════════════

==========================================================================================================================================================================
📊 累計漲跌停強度排名 (2026/09/24 ~ 2026/10/05)
==========================================================================================================================================================================
    實資排名        累計天數排名  代號        名稱                 累計漲停(元)       累計跌停(元)       強度%  (09/24)開盤      最高      最低      收盤    (10/05)開盤      最高      最低      收盤      賺賠    賺賠率
--------------------------------------------------------------------------------------------------------------------------------------------------------------------------
       1            58  6274      台燿                  330.00         10.00    22.56%   1485.00  1530.00  1475.00  1495.00     1695.00  1780.00  1680.00  1780.00   +285.00   +19.06%
       2            43  3081      聯亞                  405.00         85.00    22.56%   2640.00  2710.00  2595.00  2700.00     3000.00  3105.00  2900.00  3000.00   +300.00   +11.11%
       3            36  6187      萬潤                  330.00         45.00    20.09%   1210.00  1210.00  1180.00  1195.00     1400.00  1490.00  1390.00  1490.00   +295.00   +24.69%
       4            19  6488      環球晶                 245.00         10.00    16.57%    944.00   960.00   930.00   948.00     1220.00  1235.00  1175.00  1180.00   +232.00   +24.47%
       5            34  7734      印能科技                330.00        120.00    14.80%   2580.00  2775.00  2580.00  2750.00     2850.00  2885.00  2790.00  2790.00    +40.00    +1.45%
       6            31  3131      弘塑                  310.00        145.00    11.63%   2340.00  2410.00  2340.00  2410.00     2470.00  2580.00  2455.00  2530.00   +120.00    +4.98%
       7            42  7751      竑騰                  205.00         40.00    11.63%   1435.00  1520.00  1425.00  1515.00     1600.00  1660.00  1590.00  1605.00    +90.00    +5.94%
       8            34  3105      穩懋                  126.00          0.00     8.88%    495.50   506.00   482.00   502.00      614.00   630.00   604.00   615.00   +113.00   +22.51%
       9            52  6640      均華                  155.00         40.00     8.11%   1025.00  1030.00  1000.00  1010.00     1140.00  1195.00  1120.00  1165.00   +155.00   +15.35%
      10            37  4760      勤凱                   86.00          0.00     6.06%    265.00   271.00   265.00   268.50      348.50   348.50   348.50   348.50    +80.00   +29.80%
      11            43  4749      新應材                  85.00          0.00     5.99%    725.00   728.00   717.00   728.00      803.00   812.00   788.00   806.00    +78.00   +10.71%
      12            75  4991      環宇-KY                89.00         10.00     5.57%    447.50   464.00   436.00   463.50      547.00   547.00   519.00   524.00    +60.50   +13.05%
      13            90  8358      金居                   89.00         13.00     5.36%    498.00   511.00   495.00   511.00      534.00   570.00   526.00   570.00    +59.00   +11.55%
      14            59  3491      昇達科                 145.00         75.00     4.93%   1545.00  1565.00  1520.00  1555.00     1530.00  1630.00  1515.00  1630.00    +75.00    +4.82%
      15            67  6739      竹陞科技                145.00         80.00     4.58%   1060.00  1130.00  1050.00  1110.00     1210.00  1210.00  1110.00  1125.00    +15.00    +1.35%
      16            18  8227      巨有科技                 64.00          0.00     4.51%    305.00   309.00   295.00   306.50      372.00   372.00   361.50   366.00    +59.50   +19.41%
      17            65  6727      亞泰金屬                 83.00         22.00     4.30%    468.00   509.00   464.50   505.00      520.00   545.00   513.00   531.00    +26.00    +5.15%
      18            22  5536      聖暉*                  57.00          0.00     4.02%    890.00   905.00   881.00   902.00      975.00   977.00   946.00   954.00    +52.00    +5.76%
      19            36  7728      光焱科技                 72.00         18.00     3.81%    582.00   603.00   580.00   595.00      627.00   646.00   627.00   636.00    +41.00    +6.89%
      20            35  3293      鈊象                   76.00         23.00     3.74%    734.00   774.00   734.00   761.00      797.00   798.00   787.00   794.00    +33.00    +4.34%
      21            23  3163      波若威                  62.00         10.00     3.67%    660.00   663.00   645.00   653.00      722.00   725.00   707.00   709.00    +56.00    +8.58%
      22            65  3498      陽程                   57.50          9.50     3.38%    198.00   215.00   197.00   214.00      215.00   236.50   214.00   236.50    +22.50   +10.51%
      23            43  6643      M31                  88.50         44.00     3.14%    471.00   524.00   471.00   515.00      513.00   521.00   505.00   508.00     -7.00    -1.36%
      24            29  4971      IET-KY               53.00         12.00     2.89%    551.00   554.00   536.00   552.00      601.00   607.00   582.00   584.00    +32.00    +5.80%
      25            30  4772      台特化                  39.50          0.00     2.78%    246.50   249.00   245.50   248.50      290.00   290.00   277.50   278.00    +29.50   +11.87%
      26            33  3441      聯一光                  39.00          0.00     2.75%    176.00   181.00   175.00   181.00      215.00   232.00   215.00   232.00    +51.00   +28.18%
      27            44  7556      意德士                  37.50          0.00     2.64%    258.00   264.50   258.00   264.50      275.50   300.00   275.50   300.00    +35.50   +13.42%
      28            56  6207      雷科                   37.00          0.00     2.61%    115.50   125.00   115.50   125.00      150.50   152.50   145.50   152.00    +27.00   +21.60%
      29            45  3147      大綜                   34.50          0.00     2.43%    235.00   249.50   234.00   243.00      264.50   275.00   257.00   275.00    +32.00   +13.17%
      30            25  3455      由田                   34.00          0.00     2.40%    242.00   265.00   242.00   258.00      286.00   295.50   274.00   283.50    +25.50    +9.88%
      31            47  4768      晶呈科技                 55.00         22.50     2.29%    325.00   328.00   315.00   325.00      378.00   383.00   364.50   365.00    +40.00   +12.31%
      32            48  6788      華景電                  30.00          0.00     2.11%    334.50   340.50   334.50   339.00      367.00   389.50   360.00   376.50    +37.50   +11.06%
      33            13  3363      上詮                   30.00          0.00     2.11%    636.00   654.00   629.00   652.00      682.00   688.00   663.00   664.00    +12.00    +1.84%
      34            56  4908      前鼎                   30.00          0.00     2.11%    209.00   213.00   205.00   210.00      234.00   242.00   228.00   234.50    +24.50   +11.67%
      35            43  5483      中美晶                  28.50          0.00     2.01%    184.00   188.50   181.50   188.50      225.00   229.00   213.00   214.50    +26.00   +13.79%
      36            45  6877      鏵友益                  26.00          0.00     1.83%    123.00   126.00   122.50   122.50      153.50   153.50   140.00   145.50    +23.00   +18.78%
      37            43  8027      鈦昇                   38.00         12.50     1.80%    175.50   188.00   175.50   184.00      218.00   218.00   208.50   209.50    +25.50   +13.86%
      38            44  6435      大中                   25.00          0.00     1.76%    249.00   253.50   246.50   253.50      279.00   294.50   275.00   276.50    +23.00    +9.07%
      39            37  6664      群翊                   24.00          0.00     1.69%    343.00   360.00   342.50   358.50      389.50   395.00   384.50   385.00    +26.50    +7.39%
      40            56  6693      廣閎科                  22.00          0.00     1.55%    201.50   212.50   194.00   209.50      209.00   217.00   208.00   215.50     +6.00    +2.86%
==========================================================================================================================================================================
✅ 共 40 筆


══════════════════════════════════════════════════════════════════════════════════════════════════════════════
  🔄 第  2/5 次  2026/09/23 ～ 2026/10/02
══════════════════════════════════════════════════════════════════════════════════════════════════════════════

==========================================================================================================================================================================
📊 累計漲跌停強度排名 (2026/09/23 ~ 2026/10/02)
==========================================================================================================================================================================
    實資排名        累計天數排名  代號        名稱                 累計漲停(元)       累計跌停(元)       強度%  (09/23)開盤      最高      最低      收盤    (10/02)開盤      最高      最低      收盤      賺賠    賺賠率
--------------------------------------------------------------------------------------------------------------------------------------------------------------------------
       1             6  5274      信驊                  290.00       2355.00   209.22%  20385.00 20620.00 19780.00 20280.00    18740.00 18905.00 18355.00 18840.00  -1440.00    -7.10%
       2            21  6510      精測                   70.00        700.00    63.83%   3735.00  3740.00  3420.00  3475.00     3000.00  3120.00  3000.00  3070.00   -405.00   -11.65%
       3            17  7856      漢測                   50.00        585.00    54.20%   4800.00  4800.00  4520.00  4730.00     4330.00  4470.00  4160.00  4195.00   -535.00   -11.31%
       4            43  6683      雍智科技                115.00        215.00    10.13%   1595.00  1605.00  1540.00  1555.00     1595.00  1650.00  1480.00  1490.00    -65.00    -4.18%
       5            60  8299      群聯                   65.00        155.00     9.12%   2280.00  2350.00  2200.00  2215.00     2130.00  2140.00  2085.00  2095.00   -120.00    -5.42%
       6            17  3324      雙鴻                  115.00        200.00     8.61%   1605.00  1630.00  1555.00  1595.00     1540.00  1560.00  1490.00  1505.00    -90.00    -5.64%
       7            46  6538      倉和                   13.50         87.00     7.45%    440.00   457.50   405.00   410.50      369.50   382.00   352.00   372.50    -38.00    -9.26%
       8            47  7828      創新服務                 50.00        120.00     7.09%   1940.00  2025.00  1910.00  1970.00     1900.00  1910.00  1850.00  1850.00   -120.00    -6.09%
       9            14  6223      旺矽                  555.00        590.00     3.55%   5445.00  5625.00  5335.00  5620.00     5055.00  5310.00  5055.00  5310.00   -310.00    -5.52%
      10            36  3693      營邦                   32.00         65.00     3.34%    706.00   738.00   705.00   732.00      660.00   676.00   656.00   663.00    -69.00    -9.43%
      11            84  7717      萊德光電-KY              35.00         67.00     3.24%    601.00   631.00   596.00   608.00      553.00   581.00   550.00   561.00    -47.00    -7.73%
      12            51  3374      精材                   11.50         38.00     2.68%    486.00   486.00   463.00   472.00      457.00   467.50   454.00   467.50     -4.50    -0.95%
      13            60  4979      華星光                  28.00         54.00     2.63%    612.00   613.00   583.00   590.00      564.00   585.00   564.00   585.00     -5.00    -0.85%
      14            90  8155      博智                   19.50         41.00     2.18%    350.50   351.00   335.50   347.00      316.50   328.50   313.50   323.00    -24.00    -6.92%
      15            42  7744      崴寶                   14.00         30.00     1.62%    545.00   546.00   530.00   534.00      540.00   540.00   522.00   527.00     -7.00    -1.31%
      16            37  4542      科嶠                   11.00         16.00     0.51%    325.50   335.00   317.00   331.50      334.00   336.50   325.00   336.50     +5.00    +1.51%
      17            62  5289      宜鼎                   20.00         25.00     0.51%   1325.00  1375.00  1295.00  1305.00     1305.00  1315.00  1290.00  1295.00    -10.00    -0.77%
      18            44  7810      捷創科技                 10.00         12.00     0.20%    231.00   240.00   226.50   234.50      233.50   252.50   233.50   245.00    +10.50    +4.48%
      19            36  3680      家登                   14.00         10.00    -0.41%    542.00   545.00   528.00   528.00      558.00   558.00   547.00   552.00    +24.00    +4.55%
      20            34  6291      沛亨                   15.00         11.00    -0.41%    501.00   504.00   485.00   493.00      492.00   504.00   489.00   493.00     +0.00    +0.00%
      21            64  8147      正淩                   22.00         15.00    -0.71%    136.50   139.50   135.00   137.50      147.00   148.00   143.50   143.50     +6.00    +4.36%
      22            38  4908      前鼎                   20.00         12.50    -0.76%    222.50   225.00   207.50   210.00      210.00   224.50   210.00   224.50    +14.50    +6.90%
      23            24  8109      博大                    9.50          0.00    -0.96%    131.00   132.00   130.50   132.00      144.50   148.00   143.50   146.50    +14.50   +10.98%
      24            23  6204      艾華                    9.50          0.00    -0.96%    104.00   104.50    98.00    98.00      105.50   114.00   105.00   110.00    +12.00   +12.24%
      25            32  3234      光環                    9.50          0.00    -0.96%    174.50   174.50   169.00   170.00      174.50   184.00   174.50   181.50    +11.50    +6.76%
      26            21  5432      新門                   10.00          0.00    -1.01%    154.50   166.50   151.50   163.50      159.00   166.50   159.00   164.50     +1.00    +0.61%
      27            58  3491      昇達科                  85.00         75.00    -1.01%   1490.00  1575.00  1490.00  1565.00     1480.00  1510.00  1475.00  1485.00    -80.00    -5.11%
      28            30  7714      創泓科技                 10.00          0.00    -1.01%    163.50   165.00   161.50   162.00      168.00   172.50   168.00   171.00     +9.00    +5.56%
      29            22  6231      系微                   10.00          0.00    -1.01%    224.50   226.00   221.50   225.00      237.00   247.50   237.00   243.00    +18.00    +8.00%
      30            21  4556      旭然                   10.00          0.00    -1.01%     85.20    93.60    85.20    93.60      111.50   122.50   109.50   114.50    +20.90   +22.33%
      31            20  6907      雅特力-KY               10.50          0.00    -1.06%    187.50   187.50   183.50   184.50      200.00   206.00   196.00   200.50    +16.00    +8.67%
      32            28  7556      意德士                  10.50          0.00    -1.06%    258.50   262.00   256.50   262.00      261.00   273.50   260.00   273.00    +11.00    +4.20%
      33            25  6290      良維                   10.50          0.00    -1.06%    277.50   281.50   272.50   274.00      279.00   280.00   276.00   277.00     +3.00    +1.09%
      34            24  3581      博磊                   10.50          0.00    -1.06%    103.00   106.00   102.50   105.00      115.50   122.00   115.50   118.50    +13.50   +12.86%
      35            19  3152      璟德                   11.00          0.00    -1.11%    221.50   223.00   220.00   220.50      234.50   235.50   233.00   235.50    +15.00    +6.80%
      36            23  6903      巨漢                   11.00          0.00    -1.11%    305.00   313.00   303.50   308.50      316.00   320.50   315.00   317.00     +8.50    +2.76%
      37            19  3691      碩禾                   11.00          0.00    -1.11%    118.50   121.50   117.00   121.50      112.50   114.00   109.50   113.00     -8.50    -7.00%
      38            18  6620      漢達                   12.00          0.00    -1.22%    126.50   132.50   125.00   130.00      145.00   149.50   142.50   143.50    +13.50   +10.38%
      39            21  6182      合晶                   12.00          0.00    -1.22%    120.00   125.00   114.50   115.50      131.00   140.00   128.50   135.00    +19.50   +16.88%
      40            20  3211      順達                   12.50          0.00    -1.27%    390.50   390.50   380.00   380.00      396.00   402.00   391.00   397.00    +17.00    +4.47%
==========================================================================================================================================================================
✅ 共 40 筆


══════════════════════════════════════════════════════════════════════════════════════════════════════════════
  🔄 第  3/5 次  2026/09/22 ～ 2026/10/01
══════════════════════════════════════════════════════════════════════════════════════════════════════════════

==========================================================================================================================================================================
📊 累計漲跌停強度排名 (2026/09/22 ~ 2026/10/01)
==========================================================================================================================================================================
    實資排名        累計天數排名  代號        名稱                 累計漲停(元)       累計跌停(元)       強度%  (09/22)開盤      最高      最低      收盤    (10/01)開盤      最高      最低      收盤      賺賠    賺賠率
--------------------------------------------------------------------------------------------------------------------------------------------------------------------------
       1            16  7856      漢測                 2530.00        480.00   118.31%   4400.00  4995.00  4305.00  4730.00     4240.00  4470.00  4115.00  4300.00   -430.00    -9.09%
       2            17  3529      力旺                  550.00        135.00    23.95%   2895.00  3110.00  2890.00  3110.00     3305.00  3345.00  3215.00  3245.00   +135.00    +4.34%
       3            36  7734      印能科技                320.00        110.00    12.12%   2610.00  2690.00  2560.00  2560.00     2705.00  2900.00  2680.00  2795.00   +235.00    +9.18%
       4            35  7751      竑騰                  205.00         25.00    10.39%   1460.00  1490.00  1420.00  1420.00     1615.00  1650.00  1570.00  1630.00   +210.00   +14.79%
       5            23  6488      環球晶                 180.00         21.00     9.18%    950.00  1010.00   950.00   971.00     1055.00  1135.00  1045.00  1085.00   +114.00   +11.74%
       6            61  6274      台燿                  105.00         10.00     5.48%   1480.00  1510.00  1395.00  1440.00     1530.00  1540.00  1500.00  1535.00    +95.00    +6.60%
       7            31  8227      巨有科技                 81.50          0.00     4.70%    299.50   316.00   295.00   305.00      379.50   384.50   342.00   363.50    +58.50   +19.18%
       8            33  5536      聖暉*                  80.00          0.00     4.62%    876.00   905.00   869.00   888.00      929.00   970.00   919.00   959.00    +71.00    +8.00%
       9            28  3293      鈊象                   76.00          0.00     4.39%    725.00   729.00   719.00   727.00      786.00   814.00   785.00   814.00    +87.00   +11.97%
      10            42  7792      安葆                   91.50         19.50     4.16%    345.00   378.00   332.00   378.00      416.00   430.50   410.00   421.00    +43.00   +11.38%
      11            47  4768      晶呈科技                 72.50         13.00     3.43%    323.00   325.00   310.00   311.50      392.50   403.50   366.00   367.00    +55.50   +17.82%
      12            27  3105      穩懋                   59.50          0.00     3.43%    501.00   515.00   489.00   501.00      546.00   546.00   529.00   538.00    +37.00    +7.39%
      13            14  3675      德微                   59.00          0.00     3.40%    304.00   308.00   295.50   302.00      330.00   360.00   328.00   359.00    +57.00   +18.87%
      14            73  7728      光焱科技                 85.00         28.00     3.29%    607.00   607.00   576.00   576.00      685.00   714.00   647.00   649.00    +73.00   +12.67%
      15            78  6643      M31                 100.00         57.00     2.48%    482.50   520.00   482.00   489.50      555.00   557.00   518.00   521.00    +31.50    +6.44%
      16            59  6187      萬潤                  115.00         75.00     2.31%   1260.00  1270.00  1215.00  1215.00     1300.00  1325.00  1260.00  1275.00    +60.00    +4.94%
      17            56  6207      雷科                   37.00          0.00     2.14%    119.00   120.00   114.00   115.50      153.00   158.00   139.50   145.00    +29.50   +25.54%
      18             5  4749      新應材                  36.00          0.00     2.08%    745.00   746.00   725.00   728.00      777.00   786.00   756.00   757.00    +29.00    +3.98%
      19            69  3498      陽程                   45.50          9.50     2.08%    202.00   210.00   196.50   205.50      225.00   228.00   214.00   219.50    +14.00    +6.81%
      20            25  3455      由田                   34.00          0.00     1.96%    257.50   260.50   246.00   247.50      266.00   292.00   258.00   287.00    +39.50   +15.96%
      21            65  3219      倚強科                  30.80          0.00     1.78%    104.50   108.50    99.70   108.50      132.50   134.00   128.50   131.50    +23.00   +21.20%
      22            31  6693      廣閎科                  30.00          0.00     1.73%    180.50   184.00   179.00   179.50      210.00   219.50   205.00   212.50    +33.00   +18.38%
      23            57  2221      大甲                   47.50         18.50     1.67%    152.00   154.00   147.50   154.00      190.50   193.00   178.00   179.00    +25.00   +16.23%
      24             9  4760      勤凱                   26.00          0.00     1.50%    270.50   276.00   263.00   263.00      267.00   288.50   267.00   288.50    +25.50    +9.70%
      25            43  8027      鈦昇                   38.00         12.50     1.47%    183.00   189.00   180.00   181.00      225.00   225.00   207.00   209.50    +28.50   +15.75%
      26            47  4542      科嶠                   41.00         16.00     1.44%    318.00   332.50   310.00   332.50      343.00   343.00   328.00   328.00     -4.50    -1.35%
      27            10  3147      大綜                   24.00          0.00     1.39%    238.00   239.00   231.50   232.00      242.00   267.50   240.00   267.50    +35.50   +15.30%
      28            37  6664      群翊                   24.00          0.00     1.39%    348.50   348.50   342.00   347.00      380.00   380.00   367.00   371.50    +24.50    +7.06%
      29             9  4772      台特化                  22.50          0.00     1.30%    248.00   248.00   243.50   243.50      270.00   275.00   263.00   264.50    +21.00    +8.62%
      30            40  3691      碩禾                   21.00          0.00     1.21%    103.00   110.50   102.00   110.50      120.00   120.50   112.00   112.50     +2.00    +1.81%
      31            51  6532      瑞耘                   20.00          0.00     1.15%    100.00   101.00    97.90    98.50      121.00   127.00   115.50   122.50    +24.00   +24.37%
      32            12  3441      聯一光                  18.00          0.00     1.04%    175.50   181.50   172.50   181.00      189.00   202.50   189.00   202.50    +21.50   +11.88%
      33            24  6870      騰雲                   29.50         13.00     0.95%    312.00   314.00   299.00   299.00      324.00   324.50   314.50   314.50    +15.50    +5.18%
      34            13  6147      頎邦                   16.00          0.00     0.92%    230.00   233.00   218.00   219.00      212.00   227.00   212.00   225.50     +6.50    +2.97%
      35            17  6654      天正國際                 16.00          0.00     0.92%    211.50   211.50   200.00   201.00      217.00   217.00   208.00   210.00     +9.00    +4.48%
      36            14  3324      雙鴻                  195.00        180.00     0.87%   1580.00  1630.00  1545.00  1600.00     1530.00  1535.00  1480.00  1525.00    -75.00    -4.69%
      37            53  3624      光頡                   25.50         10.50     0.87%    133.50   136.00   122.00   122.00      138.00   151.00   138.00   151.00    +29.00   +23.77%
      38            15  6173      信昌電                  14.00          0.00     0.81%    330.50   331.00   300.00   303.00      287.00   316.00   280.50   302.50     -0.50    -0.17%
      39            16  6922      宸曜                   13.00          0.00     0.75%    206.00   208.50   203.00   204.00      225.00   225.00   218.00   221.00    +17.00    +8.33%
      40            19  6877      鏵友益                  12.50          0.00     0.72%    121.00   126.00   121.00   123.50      138.50   138.50   138.50   138.50    +15.00   +12.15%
==========================================================================================================================================================================
✅ 共 40 筆


══════════════════════════════════════════════════════════════════════════════════════════════════════════════
  🔄 第  4/5 次  2026/09/21 ～ 2026/09/30
══════════════════════════════════════════════════════════════════════════════════════════════════════════════

==========================================================================================================================================================================
📊 累計漲跌停強度排名 (2026/09/21 ~ 2026/09/30)
==========================================================================================================================================================================
    實資排名        累計天數排名  代號        名稱                 累計漲停(元)       累計跌停(元)       強度%  (09/21)開盤      最高      最低      收盤    (09/30)開盤      最高      最低      收盤      賺賠    賺賠率
--------------------------------------------------------------------------------------------------------------------------------------------------------------------------
       1            11  7856      漢測                 2480.00        480.00   128.18%        --       --       --       --     4340.00  4400.00  4235.00  4250.00        --        --
       2            27  3529      力旺                  550.00         90.00    29.48%   2880.00  2950.00  2820.00  2830.00     3450.00  3635.00  3305.00  3305.00   +475.00   +16.78%
       3            49  6274      台燿                  155.00         10.00     9.29%   1385.00  1445.00  1355.00  1435.00     1500.00  1550.00  1485.00  1520.00    +85.00    +5.92%
       4            42  7751      竑騰                  205.00         65.00     8.97%   1495.00  1495.00  1445.00  1445.00     1625.00  1650.00  1530.00  1625.00   +180.00   +12.46%
       5            77  6643      M31                 120.00         23.00     6.22%    461.00   486.00   457.00   478.00      506.00   555.00   500.00   555.00    +77.00   +16.11%
       6            35  6488      環球晶                 130.00         34.00     6.15%    951.00   954.00   925.00   931.00      966.00  1035.00   953.00  1035.00   +104.00   +11.17%
       7            31  8227      巨有科技                 81.50          0.00     5.22%    282.00   287.50   271.50   287.50      370.50   370.50   370.50   370.50    +83.00   +28.87%
       8            29  3131      弘塑                  180.00        100.00     5.13%   2480.00  2525.00  2445.00  2465.00     2505.00  2590.00  2435.00  2525.00    +60.00    +2.43%
       9            60  7728      光焱科技                 85.00         10.00     4.81%    587.00   594.00   580.00   586.00      615.00   667.00   615.00   667.00    +81.00   +13.82%
      10            30  4768      晶呈科技                 72.50          0.00     4.65%    315.50   331.50   312.00   317.50      365.00   382.00   360.00   380.00    +62.50   +19.69%
      11            42  7792      安葆                   91.50         19.50     4.61%    339.50   352.50   325.00   344.00      420.00   424.00   413.00   424.00    +80.00   +23.26%
      12            38  4542      科嶠                   68.50          0.00     4.39%    279.00   302.50   276.50   302.50      345.00   347.00   338.00   344.00    +41.50   +13.72%
      13            59  2221      大甲                   60.00          0.00     3.85%    136.00   140.00   136.00   140.00      178.00   198.00   170.00   197.50    +57.50   +41.07%
      14            66  6187      萬潤                  115.00         55.00     3.85%   1260.00  1265.00  1200.00  1235.00     1375.00  1420.00  1275.00  1310.00    +75.00    +6.07%
      15            17  3324      雙鴻                  235.00        180.00     3.52%   1500.00  1535.00  1460.00  1520.00     1620.00  1645.00  1530.00  1530.00    +10.00    +0.66%
      16            48  3105      穩懋                   59.50          9.50     3.20%    497.00   504.00   486.00   490.50      509.00   542.00   509.00   542.00    +51.50   +10.50%
      17            20  3293      鈊象                   50.00          0.00     3.20%    723.00   725.00   709.00   724.00      781.00   791.00   777.00   788.00    +64.00    +8.84%
      18            46  3498      陽程                   45.50          0.00     2.92%    200.00   203.00   194.00   196.00      234.50   234.50   221.00   229.00    +33.00   +16.84%
      19            25  8027      鈦昇                   38.00          0.00     2.44%    180.00   182.00   176.50   179.50      222.00   222.00   219.00   222.00    +42.50   +23.68%
      20            56  6207      雷科                   37.00          0.00     2.37%    120.00   124.00   116.00   117.00      141.00   151.00   140.00   151.00    +34.00   +29.06%
      21             5  4749      新應材                  36.00          0.00     2.31%    746.00   750.00   735.00   735.00      782.00   788.00   752.00   766.00    +31.00    +4.22%
      22            29  3211      順達                   32.00          0.00     2.05%    375.00   397.00   370.00   387.50      390.00   406.00   388.00   398.50    +11.00    +2.84%
      23            26  6922      宸曜                   31.50          0.00     2.02%    190.50   206.50   190.00   206.50      228.50   230.00   218.50   221.00    +14.50    +7.02%
      24            65  3219      倚強科                  30.80          0.00     1.97%     96.00    98.70    94.10    98.70      130.00   134.50   127.50   131.50    +32.80   +33.23%
      25            31  6693      廣閎科                  30.00          0.00     1.92%    182.00   183.00   176.50   178.00      222.50   223.50   210.00   211.50    +33.50   +18.82%
      26             7  3675      德微                   30.00          0.00     1.92%    296.50   303.00   287.50   294.50      337.00   338.00   328.50   330.00    +35.50   +12.05%
      27            32  6654      天正國際                 26.50          0.00     1.70%    199.00   209.00   197.00   208.00      206.50   217.50   203.00   216.00     +8.00    +3.85%
      28            37  6664      群翊                   24.00          0.00     1.54%    340.00   341.50   336.00   340.50      373.50   387.00   370.50   376.00    +35.50   +10.43%
      29             9  4772      台特化                  22.50          0.00     1.44%    250.00   251.00   244.50   244.50      274.00   280.50   268.50   269.00    +24.50   +10.02%
      30            48  8147      正淩                   22.00          0.00     1.41%    134.00   136.00   133.00   135.50      149.50   160.50   148.00   158.50    +23.00   +16.97%
      31            40  3691      碩禾                   21.00          0.00     1.35%    100.50   104.50    99.00   100.50      118.00   122.50   117.50   119.50    +19.00   +18.91%
      32            51  6532      瑞耘                   20.00          0.00     1.28%    100.00   102.50    99.10   100.00      114.00   118.50   114.00   118.50    +18.50   +18.50%
      33            42  7772      耀穎                   32.50         14.50     1.15%    152.00   171.00   147.00   171.00      180.00   180.00   175.00   176.00     +5.00    +2.92%
      34            36  5536      聖暉*                  40.00         23.00     1.09%    888.00   897.00   865.00   865.00      908.00   935.00   908.00   919.00    +54.00    +6.24%
      35            24  6870      騰雲                   29.50         13.00     1.06%    310.50   319.00   307.00   312.00      331.00   331.00   315.00   323.50    +11.50    +3.69%
      36            14  3455      由田                   14.00          0.00     0.90%    252.00   263.50   251.00   256.50      268.50   279.00   260.50   267.00    +10.50    +4.09%
      37            75  4991      環宇-KY                64.50         50.50     0.90%    480.00   508.00   478.00   498.00      485.00   498.00   471.50   488.00    -10.00    -2.01%
      38            21  6182      合晶                   12.00          0.00     0.77%    117.00   119.00   113.50   115.00      123.00   133.00   121.00   133.00    +18.00   +15.65%
      39            19  3152      璟德                   11.00          0.00     0.70%    226.50   226.50   222.50   223.00      227.00   235.50   226.50   231.00     +8.00    +3.59%
      40            23  6903      巨漢                   11.00          0.00     0.70%    309.00   309.50   304.00   305.00      306.50   318.50   306.50   315.50    +10.50    +3.44%
==========================================================================================================================================================================
✅ 共 40 筆


══════════════════════════════════════════════════════════════════════════════════════════════════════════════
  🔄 第  5/5 次  2026/09/18 ～ 2026/09/29
══════════════════════════════════════════════════════════════════════════════════════════════════════════════

==========================================================================================================================================================================
📊 累計漲跌停強度排名 (2026/09/18 ~ 2026/09/29)
==========================================================================================================================================================================
    實資排名        累計天數排名  代號        名稱                 累計漲停(元)       累計跌停(元)       強度%  (09/18)開盤      最高      最低      收盤    (09/29)開盤      最高      最低      收盤      賺賠    賺賠率
--------------------------------------------------------------------------------------------------------------------------------------------------------------------------
       1             7  7856      漢測                 2480.00        415.00    37.51%        --       --       --       --     4580.00  4580.00  4255.00  4315.00        --        --
       2             7  5274      信驊                 2630.00       1510.00    20.35%  18890.00 19500.00 18870.00 19290.00    20430.00 20430.00 19040.00 19395.00   +105.00    +0.54%
       3            34  3529      力旺                  685.00         90.00    10.81%   2770.00  2890.00  2760.00  2845.00     3175.00  3410.00  3145.00  3305.00   +460.00   +16.17%
       4            23  3324      雙鴻                  330.00         80.00     4.54%   1480.00  1515.00  1420.00  1480.00     1680.00  1680.00  1595.00  1630.00   +150.00   +10.14%
       5            59  6274      台燿                  170.00         10.00     2.91%   1365.00  1395.00  1335.00  1370.00     1495.00  1515.00  1465.00  1485.00   +115.00    +8.39%
       6            64  8299      群聯                  245.00        100.00     2.63%   2030.00  2140.00  2010.00  2140.00     2105.00  2135.00  2080.00  2115.00    -25.00    -1.17%
       7            52  7751      竑騰                  200.00         65.00     2.45%   1445.00  1485.00  1445.00  1485.00     1515.00  1560.00  1470.00  1555.00    +70.00    +4.71%
       8            39  7734      印能科技                280.00        180.00     1.82%   2660.00  2675.00  2535.00  2670.00     2775.00  2840.00  2665.00  2680.00    +10.00    +0.37%
       9            87  6187      萬潤                  155.00         55.00     1.82%   1240.00  1255.00  1230.00  1250.00     1230.00  1310.00  1230.00  1310.00    +60.00    +4.80%
      10            69  7792      安葆                  117.50         19.50     1.78%    320.00   344.00   320.00   339.00      427.50   430.00   400.00   416.00    +77.00   +22.71%
      11            42  3131      弘塑                  180.00        100.00     1.45%   2475.00  2475.00  2415.00  2445.00     2420.00  2550.00  2420.00  2475.00    +30.00    +1.23%
      12            53  8227      巨有科技                 69.00          0.00     1.25%    263.00   279.00   252.00   279.00      313.00   337.00   308.00   337.00    +58.00   +20.79%
      13            38  4542      科嶠                   68.50          0.00     1.24%    291.00   298.00   275.00   275.00      329.00   342.00   329.00   339.00    +64.00   +23.27%
      14           106  6643      M31                  90.00         23.00     1.22%    450.00   458.00   439.50   458.00      509.00   534.00   502.00   505.00    +47.00   +10.26%
      15            34  5536      聖暉*                  86.00         23.00     1.14%    831.00   888.00   831.00   888.00      902.00   907.00   886.00   902.00    +14.00    +1.58%
      16            99  3498      陽程                   56.00          0.00     1.02%    185.50   200.00   183.00   195.00      216.00   235.00   212.00   235.00    +40.00   +20.51%
      17            94  2221      大甲                   54.00          0.00     0.98%    124.00   127.50   119.00   127.50      169.00   180.00   167.50   180.00    +52.50   +41.18%
      18            18  4768      晶呈科技                 50.00          0.00     0.91%    317.00   323.50   314.00   315.00      325.50   357.50   323.00   357.50    +42.50   +13.49%
      19            20  3293      鈊象                   50.00          0.00     0.91%    725.00   729.00   714.00   729.00      774.00   796.00   766.00   779.00    +50.00    +6.86%
      20            59  6739      竹陞科技                135.00         90.00     0.82%   1125.00  1180.00  1080.00  1150.00     1100.00  1135.00  1090.00  1125.00    -25.00    -2.17%
      21            77  4991      環宇-KY                94.00         50.50     0.79%    450.50   474.00   450.50   474.00      455.00   493.00   455.00   474.50     +0.50    +0.11%
      22            65  3675      德微                   40.00          0.00     0.73%    291.00   300.00   287.00   294.00      337.50   354.50   331.00   334.00    +40.00   +13.61%
      23            57  6488      環球晶                  72.00         34.00     0.69%    925.00   960.00   901.00   944.00      940.00   964.00   930.00   945.00     +1.00    +0.11%
      24             5  4749      新應材                  36.00          0.00     0.65%    750.00   760.00   730.00   741.00      728.00   780.00   725.00   764.00    +23.00    +3.10%
      25            26  6922      宸曜                   31.50          0.00     0.57%    189.00   189.50   185.50   188.00      212.00   228.50   210.00   225.00    +37.00   +19.68%
      26            65  3219      倚強科                  30.80          0.00     0.56%     83.30    89.80    82.70    89.80      123.50   125.50   120.50   125.50    +35.70   +39.76%
      27            31  6693      廣閎科                  30.00          0.00     0.54%    183.00   186.50   180.50   183.50      206.50   220.50   203.50   218.00    +34.50   +18.80%
      28            66  3105      穩懋                   39.50          9.50     0.54%    487.50   502.00   467.00   500.00      496.50   498.50   484.50   493.00     -7.00    -1.40%
      29           103  7772      耀穎                   42.00         14.50     0.50%    148.00   160.50   147.00   155.50      176.00   179.50   172.50   176.00    +20.50   +13.18%
      30            52  3491      昇達科                 165.00        140.00     0.45%   1515.00  1565.00  1475.00  1565.00     1595.00  1630.00  1510.00  1510.00    -55.00    -3.51%
      31            84  6727      亞泰金屬                 56.50         32.00     0.45%    483.00   487.00   474.00   487.00      492.50   505.00   481.50   483.00     -4.00    -0.82%
      32            64  5432      新門                   24.50          0.00     0.45%    146.50   160.00   146.50   160.00      163.50   164.00   160.00   160.50     +0.50    +0.31%
      33            37  6664      群翊                   24.00          0.00     0.44%    338.00   340.00   333.00   339.50      358.50   372.00   355.50   370.00    +30.50    +8.98%
      34            74  3455      由田                   23.50          0.00     0.43%    255.00   256.00   243.00   255.50      258.50   276.00   256.00   267.00    +11.50    +4.50%
      35            37  6207      雷科                   23.50          0.00     0.43%    114.00   115.50   111.50   115.50      130.50   137.50   127.50   137.50    +22.00   +19.05%
      36            30  6667      信紘科                  23.50          0.00     0.43%    242.00   262.00   242.00   262.00      260.50   264.00   258.50   259.00     -3.00    -1.15%
      37             9  4772      台特化                  22.50          0.00     0.41%    244.50   250.00   239.50   250.00      252.00   273.00   250.00   271.00    +21.00    +8.40%
      38            68  8358      金居                   35.00         13.00     0.40%    487.50   499.50   484.00   499.50      500.00   519.00   495.50   498.00     -1.50    -0.30%
      39            72  3374      精材                   59.50         38.00     0.39%    440.00   444.50   418.50   444.50      439.50   457.00   436.50   455.00    +10.50    +2.36%
      40            40  3691      碩禾                   21.00          0.00     0.38%     96.70    98.10    95.20    97.50      120.50   126.00   118.50   118.50    +21.00   +21.54%
==========================================================================================================================================================================
✅ 共 40 筆
