
██████████████████████████████████████████████████████████████████████████████████████████████████████████████
  📅 天數組合: 10 日  →  輸出檔: s12_10.txt
██████████████████████████████████████████████████████████████████████████████████████████████████████████████

🔁 共執行 10 次，每次區間長度 10 個交易日

══════════════════════════════════════════════════════════════════════════════════════════════════════════════
  🔄 第  1/10 次  2026/09/17 ～ 2026/10/05
══════════════════════════════════════════════════════════════════════════════════════════════════════════════

==========================================================================================================================================================================
📊 累計漲跌停強度排名 (2026/09/17 ~ 2026/10/05)
==========================================================================================================================================================================
    實資排名        累計天數排名  代號        名稱                 累計漲停(元)       累計跌停(元)       強度%  (09/17)開盤      最高      最低      收盤    (10/05)開盤      最高      最低      收盤      賺賠    賺賠率
--------------------------------------------------------------------------------------------------------------------------------------------------------------------------
       1            48  3443      創意                 3170.00        740.00    13.54%   6315.00  6610.00  6205.00  6500.00     8150.00  8690.00  8150.00  8600.00  +2100.00   +32.31%
       2            74  3653      健策                 2160.00        195.00    10.95%   5400.00  5605.00  5320.00  5355.00     6800.00  7440.00  6760.00  7205.00  +1850.00   +34.55%
       3            30  2059      川湖                 2275.00        965.00     7.30%  12400.00 12730.00 12215.00 12295.00    12500.00 13355.00 12450.00 13355.00  +1060.00    +8.62%
       4            87  2454      聯發科                1065.00        435.00     3.51%   4565.00  4700.00  4500.00  4500.00     4980.00  5165.00  4980.00  5165.00   +665.00   +14.78%
       5            89  2383      台光電                1165.00        555.00     3.40%   5135.00  5255.00  4635.00  4695.00     5630.00  5700.00  5600.00  5700.00  +1005.00   +21.41%
       6           142  3661      世芯-KY               740.00        135.00     3.37%   3365.00  3430.00  3260.00  3295.00     3875.00  4000.00  3870.00  3950.00   +655.00   +19.88%
       7            39  3008      大立光                1250.00        750.00     2.79%   6360.00  6370.00  6020.00  6020.00     6490.00  6850.00  6460.00  6730.00   +710.00   +11.79%
       8            74  3665      貿聯-KY               655.00        165.00     2.73%   2035.00  2085.00  1985.00  2010.00     2560.00  2560.00  2445.00  2485.00   +475.00   +23.63%
       9           110  3017      奇鋐                  675.00        265.00     2.29%   3285.00  3350.00  3175.00  3185.00     3570.00  3690.00  3420.00  3585.00   +400.00   +12.56%
      10            95  6805      富世達                 695.00        290.00     2.26%   2095.00  2200.00  2080.00  2090.00     2350.00  2510.00  2340.00  2450.00   +360.00   +17.22%
      11           143  8046      南電                  470.00         80.00     2.17%   1120.00  1130.00  1060.00  1065.00     1460.00  1550.00  1445.00  1495.00   +430.00   +40.38%
      12           222  3037      欣興                  405.00         41.00     2.03%    979.00   993.00   940.00   940.00     1325.00  1420.00  1310.00  1325.00   +385.00   +40.96%
      13           124  3533      嘉澤                  415.00         55.00     2.01%   1520.00  1620.00  1520.00  1555.00     1860.00  1895.00  1850.00  1875.00   +320.00   +20.58%
      14           169  2308      台達電                 415.00        120.00     1.64%   1730.00  1745.00  1685.00  1685.00     1920.00  2010.00  1920.00  2005.00   +320.00   +18.99%
      15           110  8996      高力                  515.00        220.00     1.64%   1330.00  1360.00  1285.00  1300.00     1555.00  1600.00  1540.00  1595.00   +295.00   +22.69%
      16           160  3189      景碩                  305.00         15.00     1.62%    825.00   835.00   785.00   805.00     1055.00  1150.00  1030.00  1095.00   +290.00   +36.02%
      17           200  1560      中砂                  302.00         15.00     1.60%    750.00   815.00   750.00   815.00     1020.00  1060.00  1010.00  1040.00   +225.00   +27.61%
      18           169  2404      漢唐                  360.00         85.00     1.53%   1040.00  1055.00  1025.00  1030.00     1300.00  1325.00  1280.00  1310.00   +280.00   +27.18%
      19            75  2360      致茂                  600.00        360.00     1.34%   2115.00  2160.00  2085.00  2085.00     2225.00  2355.00  2215.00  2325.00   +240.00   +11.51%
      20           111  2345      智邦                  430.00        200.00     1.28%   1865.00  1885.00  1790.00  1800.00     2070.00  2110.00  2015.00  2075.00   +275.00   +15.28%
      21           141  2368      金像電                 330.00        102.00     1.27%   1035.00  1085.00   950.00   950.00     1160.00  1215.00  1160.00  1215.00   +265.00   +27.89%
      22           114  6526      達發                  237.00         37.00     1.11%    639.00   649.00   629.00   629.00      855.00   885.00   828.00   841.00   +212.00   +33.70%
      23           185  6213      聯茂                  254.00         55.00     1.11%    548.00   548.00   495.00   495.00      690.00   751.00   682.00   751.00   +256.00   +51.72%
      24           143  2330      台積電                 245.00         55.00     1.06%   2405.00  2445.00  2400.00  2425.00     2550.00  2580.00  2545.00  2575.00   +150.00    +6.19%
      25           104  7822      倍利科                 188.00         10.00     0.99%    821.00   866.00   821.00   850.00     1010.00  1030.00   987.00   990.00   +140.00   +16.47%
      26           181  3167      大量                  263.00         90.00     0.96%    830.00   843.00   795.00   817.00      984.00  1005.00   970.00   996.00   +179.00   +21.91%
      27           198  6691      洋基工程                204.00         31.00     0.96%    622.00   627.00   610.00   610.00      752.00   794.00   747.00   794.00   +184.00   +30.16%
      28           191  6957      裕慶-KY               169.50          0.00     0.94%    260.00   280.50   260.00   274.00      386.00   413.00   380.50   410.00   +136.00   +49.64%
      29           211  6196      帆宣                  189.00         21.00     0.94%    524.00   535.00   516.00   516.00      628.00   679.00   622.00   679.00   +163.00   +31.59%
      30           183  7750      新代                  265.00        100.00     0.92%   1895.00  1945.00  1875.00  1900.00     1885.00  2070.00  1885.00  2070.00   +170.00    +8.95%
      31           151  6672      騰輝電子-KY             146.00         10.50     0.76%    306.00   315.00   285.50   293.50      444.00   457.50   435.00   451.00   +157.50   +53.66%
      32           144  6533      晶心科                 157.00         30.50     0.71%    232.00   251.50   232.00   251.50      351.00   351.50   332.00   336.00    +84.50   +33.60%
      33           142  6442      光聖                  305.00        180.00     0.70%   1615.00  1635.00  1495.00  1510.00     1675.00  1755.00  1620.00  1705.00   +195.00   +12.91%
      34           100  7711      永擎                  145.00         26.00     0.66%    560.00   565.00   556.00   565.00      615.00   665.00   609.00   634.00    +69.00   +12.21%
      35           205  6944      兆聯實業                117.00          0.00     0.65%    693.00   697.00   685.00   686.00      802.00   820.00   791.00   814.00   +128.00   +18.66%
      36           210  3563      牧德                  176.00         64.00     0.62%    651.00   676.00   649.00   659.00      768.00   775.00   756.00   767.00   +108.00   +16.39%
      37           171  3711      日月光投控               124.00         12.00     0.62%    615.00   628.00   612.00   614.00      747.00   758.00   729.00   742.00   +128.00   +20.85%
      38           201  8021      尖點                   98.00          0.00     0.55%    458.00   481.00   446.50   450.00      560.00   577.00   536.00   560.00   +110.00   +24.44%
      39           128  6531      愛普*                 223.00        127.00     0.54%    950.00   951.00   915.00   920.00     1015.00  1090.00   995.00  1055.00   +135.00   +14.67%
      40           130  7799      禾榮科                 150.50         59.00     0.51%    462.50   502.00   461.50   502.00      546.00   550.00   531.00   537.00    +35.00    +6.97%
==========================================================================================================================================================================
✅ 共 40 筆


══════════════════════════════════════════════════════════════════════════════════════════════════════════════
  🔄 第  2/10 次  2026/09/16 ～ 2026/10/02
══════════════════════════════════════════════════════════════════════════════════════════════════════════════

==========================================================================================================================================================================
📊 累計漲跌停強度排名 (2026/09/16 ~ 2026/10/02)
==========================================================================================================================================================================
    實資排名        累計天數排名  代號        名稱                 累計漲停(元)       累計跌停(元)       強度%  (09/16)開盤      最高      最低      收盤    (10/02)開盤      最高      最低      收盤      賺賠    賺賠率
--------------------------------------------------------------------------------------------------------------------------------------------------------------------------
       1            49  3443      創意                 2605.00        740.00    14.07%   6070.00  6295.00  6050.00  6170.00     7895.00  8005.00  7835.00  7900.00  +1730.00   +28.04%
       2            72  3653      健策                 1755.00        265.00    11.24%   5320.00  5540.00  5210.00  5240.00     6790.00  7065.00  6760.00  6800.00  +1560.00   +29.77%
       3           109  3665      貿聯-KY               670.00        110.00     4.23%   1980.00  2030.00  1935.00  1995.00     2620.00  2670.00  2525.00  2540.00   +545.00   +27.32%
       4            85  2454      聯發科                 950.00        435.00     3.89%   4435.00  4625.00  4435.00  4530.00     4950.00  4970.00  4880.00  4950.00   +420.00    +9.27%
       5           141  3661      世芯-KY               600.00        145.00     3.43%   3385.00  3400.00  3310.00  3345.00     3765.00  3855.00  3765.00  3810.00   +465.00   +13.90%
       6            30  2059      川湖                 1395.00        965.00     3.24%  12040.00 12445.00 11800.00 12045.00    12000.00 12295.00 11700.00 12145.00   +100.00    +0.83%
       7           142  8046      南電                  455.00         80.00     2.83%   1095.00  1115.00  1060.00  1105.00     1440.00  1480.00  1395.00  1460.00   +355.00   +32.13%
       8           226  3037      欣興                  395.00         41.00     2.67%    961.00   971.00   940.00   961.00     1225.00  1305.00  1215.00  1305.00   +344.00   +35.80%
       9            84  3533      嘉澤                  395.00         65.00     2.49%   1520.00  1535.00  1495.00  1510.00     1825.00  1865.00  1800.00  1855.00   +345.00   +22.85%
      10           111  3017      奇鋐                  590.00        265.00     2.45%   3115.00  3225.00  3100.00  3175.00     3570.00  3570.00  3385.00  3440.00   +265.00    +8.35%
      11            99  8996      高力                  510.00        220.00     2.19%   1230.00  1300.00  1230.00  1300.00     1595.00  1635.00  1490.00  1510.00   +210.00   +16.15%
      12           112  6805      富世達                 575.00        290.00     2.15%   2035.00  2070.00  2010.00  2045.00     2340.00  2375.00  2300.00  2310.00   +265.00   +12.96%
      13           157  3189      景碩                  285.00         15.00     2.04%    810.00   832.00   792.00   820.00     1010.00  1070.00  1005.00  1050.00   +230.00   +28.05%
      14           162  1560      中砂                  277.00         15.00     1.98%    740.00   754.00   739.00   741.00     1005.00  1030.00   993.00  1015.00   +274.00   +36.98%
      15           130  2404      漢唐                  335.00         85.00     1.89%   1040.00  1060.00  1030.00  1035.00     1320.00  1355.00  1265.00  1285.00   +250.00   +24.15%
      16            37  3008      大立光                 980.00        750.00     1.74%   6160.00  6415.00  6150.00  6225.00     6205.00  6395.00  6090.00  6290.00    +65.00    +1.04%
      17           171  2308      台達電                 335.00        120.00     1.62%   1680.00  1730.00  1655.00  1710.00     1895.00  1915.00  1880.00  1885.00   +175.00   +10.23%
      18           114  6526      達發                  237.00         37.00     1.51%    627.00   637.00   625.00   629.00      838.00   838.00   821.00   835.00   +206.00   +32.75%
      19           154  7822      倍利科                 198.00          0.00     1.49%    800.00   824.00   800.00   810.00     1000.00  1015.00   990.00  1000.00   +190.00   +23.46%
      20           144  3167      大量                  280.00         90.00     1.43%    810.00   832.00   805.00   824.00      983.00  1005.00   948.00   981.00   +157.00   +19.05%
      21           183  6213      聯茂                  217.00         55.00     1.22%    525.00   555.00   514.00   550.00      646.00   700.00   639.00   683.00   +133.00   +24.18%
      22           197  6957      裕慶-KY               150.00          0.00     1.13%    246.00   260.00   246.00   258.50      375.00   389.00   366.00   377.00   +118.50   +45.84%
      23           140  6533      晶心科                 157.00         14.50     1.08%    224.50   229.00   224.50   229.00      366.50   366.50   350.50   352.00   +123.00   +53.71%
      24            70  7711      永擎                  167.00         26.00     1.06%    472.00   514.00   472.00   514.00      616.00   620.00   602.00   610.00    +96.00   +18.68%
      25           152  2368      金像電                 240.00        102.00     1.04%    986.00  1010.00   966.00   992.00     1100.00  1120.00  1085.00  1105.00   +113.00   +11.39%
      26           128  6672      騰輝電子-KY             147.00         10.50     1.03%    295.50   306.00   290.00   304.00      413.00   439.00   404.00   439.00   +135.00   +44.41%
      27           145  7799      禾榮科                 192.00         59.00     1.00%    430.00   457.00   424.00   457.00      558.00   561.00   535.00   543.00    +86.00   +18.82%
      28           226  6691      洋基工程                161.00         31.00     0.98%    610.00   624.00   610.00   618.00      740.00   759.00   730.00   741.00   +123.00   +19.90%
      29           160  3026      禾伸堂                 186.00         66.00     0.91%    740.00   786.00   720.00   772.00      845.00   881.00   831.00   835.00    +63.00    +8.16%
      30            96  2345      智邦                  320.00        200.00     0.91%   1840.00  1860.00  1830.00  1840.00     1955.00  1980.00  1920.00  1965.00   +125.00    +6.79%
      31           123  2330      台積電                 170.00         55.00     0.87%   2375.00  2395.00  2375.00  2380.00     2505.00  2515.00  2495.00  2500.00   +120.00    +5.04%
      32           112  2360      致茂                  475.00        360.00     0.87%   2090.00  2130.00  2070.00  2090.00     2145.00  2225.00  2135.00  2190.00   +100.00    +4.78%
      33           210  3563      牧德                  176.00         64.00     0.85%    648.00   653.00   640.00   642.00      750.00   764.00   730.00   760.00   +118.00   +18.38%
      34           132  6442      光聖                  290.00        180.00     0.83%   1515.00  1610.00  1515.00  1575.00     1520.00  1625.00  1520.00  1625.00    +50.00    +3.17%
      35           110  6933      AMAX-KY             149.50         40.00     0.83%    286.00   314.50   282.50   314.50      394.00   413.00   378.00   379.00    +64.50   +20.51%
      36           187  6196      帆宣                  128.00         21.00     0.81%    521.00   528.00   516.00   521.00      609.00   619.00   602.00   618.00    +97.00   +18.62%
      37           145  6944      兆聯實業                102.00          0.00     0.77%    691.00   698.00   685.00   685.00      805.00   810.00   785.00   799.00   +114.00   +16.64%
      38           114  6531      愛普*                 227.00        127.00     0.75%    905.00   950.00   898.00   949.00      932.00  1025.00   920.00  1000.00    +51.00    +5.37%
      39           201  8021      尖點                   98.00          0.00     0.74%    433.00   443.00   411.50   440.00      503.00   553.00   501.00   553.00   +113.00   +25.68%
      40           176  3711      日月光投控               108.00         12.00     0.72%    599.00   610.00   597.00   605.00      711.00   722.00   704.00   713.00   +108.00   +17.85%
==========================================================================================================================================================================
✅ 共 40 筆


══════════════════════════════════════════════════════════════════════════════════════════════════════════════
  🔄 第  3/10 次  2026/09/15 ～ 2026/10/01
══════════════════════════════════════════════════════════════════════════════════════════════════════════════

==========================================================================================================================================================================
📊 累計漲跌停強度排名 (2026/09/15 ~ 2026/10/01)
==========================================================================================================================================================================
    實資排名        累計天數排名  代號        名稱                 累計漲停(元)       累計跌停(元)       強度%  (09/15)開盤      最高      最低      收盤    (10/01)開盤      最高      最低      收盤      賺賠    賺賠率
--------------------------------------------------------------------------------------------------------------------------------------------------------------------------
       1            51  3443      創意                 2605.00       1105.00    18.21%   6400.00  6455.00  6035.00  6035.00     8040.00  8100.00  7730.00  7900.00  +1865.00   +30.90%
       2            71  3653      健策                 1755.00        700.00    12.81%   5735.00  5765.00  5240.00  5310.00     6720.00  6895.00  6665.00  6875.00  +1565.00   +29.47%
       3           102  3665      貿聯-KY               695.00         95.00     7.28%   1940.00  2020.00  1925.00  1980.00     2595.00  2625.00  2510.00  2555.00   +575.00   +29.04%
       4            89  2454      聯發科                 950.00        535.00     5.04%   4505.00  4575.00  4430.00  4430.00     4875.00  4980.00  4875.00  4980.00   +550.00   +12.42%
       5           130  8046      南電                  445.00         80.00     4.43%   1070.00  1110.00  1055.00  1085.00     1390.00  1450.00  1370.00  1420.00   +335.00   +30.88%
       6           130  8996      高力                  510.00        180.00     4.01%   1245.00  1260.00  1200.00  1220.00     1515.00  1600.00  1470.00  1565.00   +345.00   +28.28%
       7           127  2404      漢唐                  355.00         65.00     3.52%   1015.00  1050.00  1015.00  1035.00     1280.00  1315.00  1270.00  1305.00   +270.00   +26.09%
       8           165  2308      台達電                 385.00        100.00     3.46%   1590.00  1715.00  1585.00  1670.00     1925.00  1935.00  1860.00  1905.00   +235.00   +14.07%
       9            98  3533      嘉澤                  395.00        135.00     3.16%   1590.00  1590.00  1520.00  1520.00     1780.00  1865.00  1760.00  1855.00   +335.00   +22.04%
      10           248  3037      欣興                  305.00         60.00     2.97%    969.00   986.00   951.00   951.00     1195.00  1230.00  1170.00  1215.00   +264.00   +27.76%
      11           142  3189      景碩                  245.00         15.00     2.79%    795.00   822.00   791.00   795.00      976.00  1020.00   964.00  1010.00   +215.00   +27.04%
      12           160  1560      中砂                  262.00         33.00     2.78%    746.00   752.00   735.00   735.00      963.00  1015.00   963.00  1000.00   +265.00   +36.05%
      13           120  6805      富世達                 575.00        350.00     2.73%   2175.00  2195.00  2010.00  2025.00     2475.00  2510.00  2335.00  2390.00   +365.00   +18.02%
      14            30  3008      大立光                 955.00        750.00     2.49%   6015.00  6195.00  5930.00  6055.00     5950.00  6225.00  5740.00  6205.00   +150.00    +2.48%
      15           114  6526      達發                  237.00         37.00     2.43%    637.00   637.00   623.00   623.00      834.00   843.00   818.00   829.00   +206.00   +33.07%
      16           115  3017      奇鋐                  590.00        390.00     2.43%   3265.00  3300.00  3100.00  3115.00     3435.00  3520.00  3300.00  3510.00   +395.00   +12.68%
      17           200  7822      倍利科                 198.00         10.00     2.28%    810.00   821.00   792.00   800.00     1000.00  1020.00   979.00  1000.00   +200.00   +25.00%
      18           133  3661      世芯-KY               555.00        380.00     2.12%   3535.00  3590.00  3335.00  3355.00     3770.00  3820.00  3735.00  3765.00   +410.00   +12.22%
      19           175  3167      大量                  280.00        108.00     2.09%    805.00   834.00   785.00   792.00      908.00   975.00   908.00   975.00   +183.00   +23.11%
      20           126  6533      晶心科                 157.00          0.00     1.91%    232.00   234.00   224.00   224.50      346.00   366.50   337.00   366.50   +142.00   +63.25%
      21           197  6957      裕慶-KY               150.00          0.00     1.82%    244.00   245.00   238.00   245.00      400.00   400.00   364.00   384.00   +139.00   +56.73%
      22           130  7799      禾榮科                 192.00         47.00     1.76%    410.00   424.00   408.00   415.50      555.00   574.00   544.00   555.00   +139.50   +33.57%
      23           150  3026      禾伸堂                 186.00         49.00     1.66%    744.00   749.00   721.00   726.00      796.00   870.00   796.00   852.00   +126.00   +17.36%
      24           115  7711      永擎                  167.00         36.00     1.59%    461.00   473.00   438.00   468.00      561.00   616.00   551.00   616.00   +148.00   +31.62%
      25           226  6691      洋基工程                161.00         31.00     1.58%    607.00   623.00   607.00   608.00      727.00   748.00   719.00   733.00   +125.00   +20.56%
      26           107  2330      台積電                 170.00         45.00     1.52%   2405.00  2405.00  2380.00  2385.00     2490.00  2510.00  2485.00  2510.00   +125.00    +5.24%
      27           169  6213      聯茂                  176.00         55.00     1.47%    514.00   531.00   511.00   519.00      623.00   643.00   611.00   642.00   +123.00   +23.70%
      28           210  3563      牧德                  176.00         64.00     1.36%    649.00   656.00   639.00   643.00      820.00   825.00   750.00   754.00   +111.00   +17.26%
      29           126  6933      AMAX-KY             149.50         44.00     1.28%    310.50   312.00   280.50   286.00      370.00   404.50   369.50   394.50   +108.50   +37.94%
      30           110  6672      騰輝電子-KY             113.50         10.50     1.25%    294.50   303.50   289.50   291.00      376.50   405.50   369.50   405.50   +114.50   +39.35%
      31           145  6944      兆聯實業                102.00          0.00     1.24%    689.00   699.00   689.00   691.00      776.00   807.00   776.00   800.00   +109.00   +15.77%
      32           121  5269      祥碩                  135.00         35.00     1.21%   1380.00  1385.00  1345.00  1370.00     1465.00  1480.00  1455.00  1475.00   +105.00    +7.66%
      33           159  6196      帆宣                  112.00         21.00     1.10%    521.00   530.00   516.00   518.00      588.00   602.00   579.00   602.00    +84.00   +16.22%
      34           164  6715      嘉基                  115.50         26.50     1.08%    333.50   380.00   333.50   357.50      445.00   453.00   430.00   453.00    +95.50   +26.71%
      35           121  2368      金像電                 230.00        150.00     0.97%   1010.00  1015.00   971.00   972.00     1120.00  1125.00  1085.00  1095.00   +123.00   +12.65%
      36           201  3711      日月光投控               108.00         32.00     0.92%    601.00   608.00   592.00   592.00      700.00   710.00   693.00   710.00   +118.00   +19.93%
      37           131  2408      南亞科                  95.00         31.00     0.78%    473.50   476.50   465.50   465.50      515.00   522.00   510.00   519.00    +53.50   +11.49%
      38           171  6139      亞翔                  109.00         47.00     0.75%    701.00   726.00   701.00   713.00      761.00   768.00   750.00   759.00    +46.00    +6.45%
      39           101  2395      研華                   62.00          0.00     0.75%    696.00   705.00   683.00   685.00      731.00   734.00   718.00   723.00    +38.00    +5.55%
      40            75  3532      台勝科                  60.50          0.00     0.73%    416.00   444.00   403.00   407.00      475.00   497.50   465.50   474.00    +67.00   +16.46%
==========================================================================================================================================================================
✅ 共 40 筆


══════════════════════════════════════════════════════════════════════════════════════════════════════════════
  🔄 第  4/10 次  2026/09/14 ～ 2026/09/30
══════════════════════════════════════════════════════════════════════════════════════════════════════════════

==========================================================================================================================================================================
📊 累計漲跌停強度排名 (2026/09/14 ~ 2026/09/30)
==========================================================================================================================================================================
    實資排名        累計天數排名  代號        名稱                 累計漲停(元)       累計跌停(元)       強度%  (09/14)開盤      最高      最低      收盤    (09/30)開盤      最高      最低      收盤      賺賠    賺賠率
--------------------------------------------------------------------------------------------------------------------------------------------------------------------------
       1            49  3443      創意                 2885.00        965.00    34.05%   5995.00  6575.00  5850.00  6400.00     8090.00  8110.00  7860.00  8040.00  +1640.00   +25.62%
       2            67  3653      健策                 1735.00        700.00    18.36%   5580.00  5920.00  5500.00  5820.00     6980.00  7080.00  6720.00  6800.00   +980.00   +16.84%
       3            96  3665      貿聯-KY               775.00         55.00    12.77%   1825.00  2000.00  1810.00  1955.00     2500.00  2685.00  2485.00  2595.00   +640.00   +32.74%
       4            99  2454      聯發科                 890.00        560.00     5.85%   4475.00  4650.00  4435.00  4560.00     5010.00  5100.00  4920.00  4920.00   +360.00    +7.89%
       5           127  6805      富世達                 590.00        285.00     5.41%   2095.00  2210.00  2085.00  2165.00     2580.00  2720.00  2440.00  2455.00   +290.00   +13.39%
       6           112  2404      漢唐                  350.00         65.00     5.05%    995.00  1040.00   992.00  1015.00     1230.00  1300.00  1230.00  1290.00   +275.00   +27.09%
       7           126  8996      高力                  510.00        235.00     4.88%   1295.00  1295.00  1205.00  1235.00     1600.00  1665.00  1565.00  1605.00   +370.00   +29.96%
       8           132  2308      台達電                 370.00        100.00     4.79%   1560.00  1630.00  1560.00  1620.00     1885.00  1930.00  1870.00  1890.00   +270.00   +16.67%
       9           145  8046      南電                  365.00        105.00     4.61%   1040.00  1070.00  1025.00  1055.00     1285.00  1340.00  1250.00  1340.00   +285.00   +27.01%
      10            97  6526      達發                  237.00         26.00     3.74%    618.00   637.00   607.00   630.00      830.00   855.00   819.00   840.00   +210.00   +33.33%
      11           232  3037      欣興                  265.00         60.00     3.64%    947.00   979.00   932.00   970.00     1175.00  1190.00  1155.00  1175.00   +205.00   +21.13%
      12           114  3533      嘉澤                  320.00        135.00     3.28%   1580.00  1610.00  1555.00  1590.00     1730.00  1785.00  1705.00  1770.00   +180.00   +11.32%
      13           146  3189      景碩                  205.00         39.00     2.94%    795.00   810.00   784.00   798.00      961.00   972.00   937.00   970.00   +172.00   +21.55%
      14           222  7822      倍利科                 198.00         34.00     2.91%    822.00   834.00   809.00   810.00      998.00  1025.00   989.00   998.00   +188.00   +23.21%
      15           155  1560      中砂                  225.00         70.00     2.75%    775.00   776.00   740.00   753.00      958.00   971.00   953.00   963.00   +210.00   +27.89%
      16           238  3563      牧德                  176.00         25.00     2.68%    659.00   673.00   645.00   645.00      811.00   825.00   784.00   807.00   +162.00   +25.12%
      17           158  6957      裕慶-KY               137.00          0.00     2.43%    231.50   242.50   231.00   240.00      365.00   371.00   356.00   371.00   +131.00   +54.58%
      18            90  5269      祥碩                  170.00         35.00     2.39%   1305.00  1395.00  1300.00  1365.00     1480.00  1490.00  1455.00  1460.00    +95.00    +6.96%
      19            98  7799      禾榮科                 176.00         47.00     2.29%    414.50   418.50   405.00   418.00      509.00   539.00   503.00   539.00   +121.00   +28.95%
      20           106  6533      晶心科                 124.00          0.00     2.20%    230.00   240.00   230.00   232.00      316.00   333.50   301.00   333.50   +101.50   +43.75%
      21           189  6691      洋基工程                147.00         31.00     2.06%    609.00   618.00   602.00   613.00      666.00   719.00   665.00   719.00   +106.00   +17.29%
      22           127  6715      嘉基                  129.00         26.50     1.82%    313.50   351.00   312.00   346.00      452.00   453.50   441.00   442.00    +96.00   +27.75%
      23           140  6213      聯茂                  157.00         55.00     1.81%    492.00   521.00   482.00   515.00      624.00   649.00   622.00   623.00   +108.00   +20.97%
      24           153  2368      金像電                 230.00        135.00     1.68%    985.00  1035.00   978.00  1020.00     1115.00  1160.00  1070.00  1120.00   +100.00    +9.80%
      25           139  6861      睿生光電                107.50         14.00     1.66%    226.50   235.50   226.50   235.50      294.00   313.50   294.00   313.50    +78.00   +33.12%
      26           120  3661      世芯-KY               530.00        440.00     1.60%   3410.00  3655.00  3410.00  3590.00     3745.00  3810.00  3730.00  3740.00   +150.00    +4.18%
      27           121  6944      兆聯實業                 77.00          0.00     1.37%    681.00   694.00   676.00   694.00      780.00   795.00   774.00   775.00    +81.00   +11.67%
      28           201  3711      日月光投控               108.00         32.00     1.35%    599.00   620.00   596.00   612.00      716.00   723.00   703.00   703.00    +91.00   +14.87%
      29           129  6196      帆宣                   95.00         21.00     1.31%    505.00   527.00   505.00   520.00      552.00   588.00   551.00   585.00    +65.00   +12.50%
      30           138  6409      旭隼                   84.00         14.00     1.24%    854.00   875.00   846.00   874.00      888.00   915.00   877.00   907.00    +33.00    +3.78%
      31           134  6933      AMAX-KY             126.00         58.50     1.20%    304.50   334.50   294.00   305.50      380.50   392.00   371.00   371.00    +65.50   +21.44%
      32            91  6672      騰輝電子-KY              77.00         10.50     1.18%    288.50   297.50   285.00   294.50      337.50   369.00   335.50   369.00    +74.50   +25.30%
      33           200  3167      大量                  192.00        126.00     1.17%    810.00   832.00   781.00   810.00      902.00   906.00   879.00   887.00    +77.00    +9.51%
      34           118  3017      奇鋐                  515.00        450.00     1.15%   3255.00  3360.00  3210.00  3310.00     3455.00  3575.00  3405.00  3435.00   +125.00    +3.78%
      35           102  2330      台積電                 140.00         75.00     1.15%   2385.00  2395.00  2380.00  2380.00     2495.00  2510.00  2480.00  2480.00   +100.00    +4.20%
      36           180  3026      禾伸堂                 125.00         62.00     1.12%    730.00   757.00   717.00   731.00      815.00   822.00   790.00   791.00    +60.00    +8.21%
      37           171  6139      亞翔                  109.00         47.00     1.10%    704.00   717.00   695.00   703.00      741.00   762.00   740.00   756.00    +53.00    +7.54%
      38           101  2395      研華                   62.00          0.00     1.10%    663.00   684.00   653.00   670.00      731.00   746.00   726.00   726.00    +56.00    +8.36%
      39            75  3532      台勝科                  60.50          0.00     1.07%    410.00   419.00   400.00   416.00      459.50   488.50   453.00   471.00    +55.00   +13.22%
      40           136  8028      昇陽半導體                55.00          0.00     0.98%    220.00   224.50   216.50   221.50      292.00   292.00   281.00   282.50    +61.00   +27.54%
==========================================================================================================================================================================
✅ 共 40 筆


══════════════════════════════════════════════════════════════════════════════════════════════════════════════
  🔄 第  5/10 次  2026/09/11 ～ 2026/09/29
══════════════════════════════════════════════════════════════════════════════════════════════════════════════

==========================================================================================================================================================================
📊 累計漲跌停強度排名 (2026/09/11 ~ 2026/09/29)
==========================================================================================================================================================================
    實資排名        累計天數排名  代號        名稱                 累計漲停(元)       累計跌停(元)       強度%  (09/11)開盤      最高      最低      收盤    (09/29)開盤      最高      最低      收盤      賺賠    賺賠率
--------------------------------------------------------------------------------------------------------------------------------------------------------------------------
       1            54  3443      創意                 2770.00       1070.00   139.43%   6200.00  6200.00  5970.00  6120.00     8410.00  8415.00  7925.00  7925.00  +1805.00   +29.49%
       2            97  3653      健策                 1735.00        630.00    90.63%   5650.00  5875.00  5615.00  5765.00     7000.00  7160.00  6850.00  6895.00  +1130.00   +19.60%
       3           112  3665      貿聯-KY               625.00        110.00    42.24%   1880.00  1890.00  1850.00  1875.00     2385.00  2465.00  2375.00  2445.00   +570.00   +30.40%
       4           146  6805      富世達                 590.00        265.00    26.66%   2135.00  2230.00  2110.00  2150.00     2455.00  2550.00  2420.00  2515.00   +365.00   +16.98%
       5           105  8996      高力                  520.00        235.00    23.38%   1270.00  1365.00  1230.00  1330.00     1505.00  1625.00  1480.00  1585.00   +255.00   +19.17%
       6           156  1560      中砂                  282.00         70.00    17.39%    747.00   794.00   744.00   790.00      960.00   977.00   955.00   956.00   +166.00   +21.01%
       7           149  8046      南電                  305.00        105.00    16.40%   1045.00  1100.00  1035.00  1080.00     1210.00  1280.00  1200.00  1270.00   +190.00   +17.59%
       8            68  2454      聯發科                 880.00        695.00    15.17%   4635.00  4655.00  4535.00  4585.00     5150.00  5195.00  4890.00  4910.00   +325.00    +7.09%
       9           242  3037      欣興                  255.00         77.00    14.60%    969.00   990.00   958.00   977.00     1170.00  1185.00  1130.00  1165.00   +188.00   +19.24%
      10           124  6526      達發                  211.00         44.00    13.70%    632.00   637.00   624.00   624.00      825.00   833.00   800.00   814.00   +190.00   +30.45%
      11           140  2308      台達電                 315.00        155.00    13.12%   1595.00  1635.00  1595.00  1620.00     1880.00  1950.00  1810.00  1835.00   +215.00   +13.27%
      12           125  2404      漢唐                  280.00        120.00    13.12%   1025.00  1040.00  1000.00  1005.00     1250.00  1255.00  1180.00  1220.00   +215.00   +21.39%
      13           117  3189      景碩                  190.00         39.00    12.38%    811.00   833.00   806.00   822.00      960.00   969.00   939.00   955.00   +133.00   +16.18%
      14           205  3563      牧德                  163.00         25.00    11.32%    655.00   667.00   652.00   659.00      773.00   815.00   773.00   794.00   +135.00   +20.49%
      15           107  3533      嘉澤                  260.00        135.00    10.25%   1545.00  1595.00  1540.00  1580.00     1680.00  1765.00  1680.00  1710.00   +130.00    +8.23%
      16           229  7822      倍利科                 176.00         66.00     9.02%    871.00   871.00   833.00   834.00      930.00   986.00   925.00   976.00   +142.00   +17.03%
      17            97  5269      祥碩                  170.00         65.00     8.61%   1340.00  1345.00  1315.00  1315.00     1485.00  1495.00  1460.00  1475.00   +160.00   +12.17%
      18           144  6957      裕慶-KY               103.50          0.00     8.49%    223.50   234.00   222.50   231.50      334.50   337.50   307.50   337.50   +106.00   +45.79%
      19           162  6715      嘉基                  129.00         31.50     8.00%    323.50   334.50   316.50   321.50      460.00   468.50   442.00   452.00   +130.50   +40.59%
      20           206  6213      聯茂                  157.00         65.00     7.55%    503.00   537.00   501.00   509.00      620.00   628.00   588.00   620.00   +111.00   +21.81%
      21           146  6533      晶心科                  94.00         13.50     6.60%    239.00   239.50   231.00   232.50      272.50   303.50   268.00   303.50    +71.00   +30.54%
      22           204  2368      金像電                 230.00        150.00     6.56%   1010.00  1040.00  1000.00  1030.00     1100.00  1125.00  1070.00  1120.00    +90.00    +8.74%
      23           104  2395      研華                   77.00          0.00     6.32%    655.00   695.00   650.00   674.00      714.00   754.00   712.00   730.00    +56.00    +8.31%
      24           130  6861      睿生光電                 89.50         14.00     6.19%    205.00   221.50   188.50   214.50      271.00   288.00   270.50   285.00    +70.50   +32.87%
      25           151  7799      禾榮科                 127.50         57.50     5.74%    436.00   436.50   412.50   414.50      496.00   510.00   490.00   490.50    +76.00   +18.34%
      26           231  3167      大量                  192.00        130.00     5.09%    828.00   859.00   806.00   828.00      936.00   946.00   895.00   903.00    +75.00    +9.06%
      27           166  6944      兆聯實業                 77.00         19.00     4.76%    700.00   709.00   690.00   690.00      763.00   795.00   760.00   776.00    +86.00   +12.46%
      28            55  3532      台勝科                  56.50          0.00     4.63%    409.50   423.50   406.50   423.00      450.00   472.00   449.00   454.00    +31.00    +7.33%
      29           136  8028      昇陽半導體                55.00          0.00     4.51%    223.00   226.50   221.50   225.50      270.50   295.50   269.50   289.00    +63.50   +28.16%
      30           114  3016      嘉晶                   52.00          0.00     4.26%    106.50   109.50   101.00   109.50      165.00   176.00   161.50   172.50    +63.00   +57.53%
      31           183  6933      AMAX-KY             126.00         74.50     4.22%    333.00   333.00   315.00   320.00      385.50   395.00   375.50   378.00    +58.00   +18.12%
      32           101  7768      頌勝科技                 49.50          0.00     4.06%    271.50   271.50   263.00   263.00      304.50   307.50   297.00   304.00    +41.00   +15.59%
      33            34  4770      上品                   46.50          0.00     3.81%    232.50   234.00   227.50   231.00      277.00   295.00   277.00   286.50    +55.50   +24.03%
      34           239  2379      瑞昱                   68.00         22.00     3.77%    691.00   704.00   688.00   704.00      715.00   778.00   715.00   760.00    +56.00    +7.95%
      35           130  3055      蔚華科                  45.50          0.00     3.73%    158.50   162.00   148.00   154.50      196.00   207.50   191.50   203.50    +49.00   +31.72%
      36           126  3605      宏致                   41.50          0.00     3.40%    125.00   127.00   122.00   122.50      182.00   190.50   179.00   182.50    +60.00   +48.98%
      37            36  5234      達興材料                 40.50          0.00     3.32%    288.00   288.00   278.00   287.00      294.50   322.00   294.00   322.00    +35.00   +12.20%
      38           241  6691      洋基工程                 82.00         44.00     3.12%    612.00   618.00   607.00   609.00      657.00   665.00   645.00   654.00    +45.00    +7.39%
      39            70  6257      矽格                   34.50          0.00     2.83%    212.00   213.00   209.50   211.50      239.50   241.50   235.00   236.50    +25.00   +11.82%
      40           262  6426      統新                  119.00         85.00     2.79%    317.50   326.50   295.50   302.00      381.50   388.50   350.50   354.00    +52.00   +17.22%
==========================================================================================================================================================================
✅ 共 40 筆


══════════════════════════════════════════════════════════════════════════════════════════════════════════════
  🔄 第  6/10 次  2026/09/10 ～ 2026/09/24
══════════════════════════════════════════════════════════════════════════════════════════════════════════════

==========================================================================================================================================================================
📊 累計漲跌停強度排名 (2026/09/10 ~ 2026/09/24)
==========================================================================================================================================================================
    實資排名        累計天數排名  代號        名稱                 累計漲停(元)       累計跌停(元)       強度%  (09/10)開盤      最高      最低      收盤    (09/24)開盤      最高      最低      收盤      賺賠    賺賠率
--------------------------------------------------------------------------------------------------------------------------------------------------------------------------
       1            54  3443      創意                 3070.00        470.00    85.46%   5895.00  6275.00  5850.00  6225.00     8300.00  8545.00  8205.00  8525.00  +2300.00   +36.95%
       2            86  3653      健策                 1765.00        605.00    38.13%   5735.00  5885.00  5705.00  5790.00     6560.00  6920.00  6215.00  6920.00  +1130.00   +19.52%
       3            71  2454      聯發科                 975.00        320.00    21.53%   4560.00  4730.00  4520.00  4720.00     5105.00  5360.00  5105.00  5285.00   +565.00   +11.97%
       4           124  3665      貿聯-KY               520.00        155.00    12.00%   1960.00  1975.00  1925.00  1930.00     2410.00  2470.00  2285.00  2340.00   +410.00   +21.24%
       5           118  6805      富世達                 590.00        355.00     7.72%   2260.00  2310.00  2155.00  2190.00     2570.00  2615.00  2505.00  2530.00   +340.00   +15.53%
       6           125  1560      中砂                  282.00         55.00     7.46%    727.00   735.00   718.00   733.00      950.00   975.00   945.00   971.00   +238.00   +32.47%
       7           111  2404      漢唐                  280.00         55.00     7.40%   1055.00  1065.00  1040.00  1060.00     1255.00  1285.00  1205.00  1285.00   +225.00   +21.23%
       8           218  3037      欣興                  255.00         57.00     6.51%    993.00  1005.00   966.00   994.00     1155.00  1190.00  1145.00  1185.00   +191.00   +19.22%
       9           104  6526      達發                  211.00         18.00     6.34%    637.00   647.00   632.00   642.00      845.00   862.00   818.00   840.00   +198.00   +30.84%
      10           116  8996      高力                  465.00        280.00     6.08%   1320.00  1340.00  1280.00  1300.00     1555.00  1560.00  1480.00  1530.00   +230.00   +17.69%
      11           115  3017      奇鋐                  560.00        385.00     5.75%   3405.00  3470.00  3380.00  3460.00     3460.00  3600.00  3455.00  3555.00    +95.00    +2.75%
      12           130  3189      景碩                  205.00         39.00     5.46%    800.00   835.00   792.00   827.00      938.00   996.00   929.00   962.00   +135.00   +16.32%
      13           159  8046      南電                  275.00        145.00     4.27%   1085.00  1105.00  1055.00  1070.00     1210.00  1270.00  1190.00  1240.00   +170.00   +15.89%
      14           131  2308      台達電                 315.00        200.00     3.78%   1775.00  1775.00  1675.00  1675.00     1875.00  1935.00  1875.00  1910.00   +235.00   +14.03%
      15           159  7799      禾榮科                 166.00         57.50     3.57%    400.00   425.00   392.00   425.00      523.00   525.00   480.00   498.00    +73.00   +17.18%
      16           157  6715      嘉基                  129.00         33.00     3.16%    350.50   353.50   335.50   336.50      462.50   472.50   459.00   468.50   +132.00   +39.23%
      17           142  6861      睿生光電                108.00         14.00     3.09%    190.50   204.00   188.50   204.00      266.50   290.00   266.00   279.50    +75.50   +37.01%
      18           219  3563      牧德                  138.00         45.00     3.06%    685.00   688.00   668.00   668.00      760.00   777.00   739.00   769.00   +101.00   +15.12%
      19           104  2395      研華                   77.00          0.00     2.53%    647.00   661.00   647.00   659.00      703.00   728.00   702.00   722.00    +63.00    +9.56%
      20           139  6957      裕慶-KY                73.00          0.00     2.40%    221.00   226.50   219.50   224.50      298.50   307.00   287.00   307.00    +82.50   +36.75%
      21           115  5269      祥碩                  170.00        100.00     2.30%   1380.00  1395.00  1355.00  1360.00     1470.00  1480.00  1455.00  1480.00   +120.00    +8.82%
      22           245  6426      統新                  119.00         50.00     2.27%    311.00   328.00   303.00   322.00      412.00   412.00   380.00   389.00    +67.00   +20.81%
      23           196  6213      聯茂                  132.00         65.00     2.20%    516.00   520.00   507.00   519.00      595.00   595.00   592.00   595.00    +76.00   +14.64%
      24           167  3026      禾伸堂                 170.00        107.00     2.07%    763.00   826.00   730.00   803.00      768.00   820.00   765.00   810.00     +7.00    +0.87%
      25           146  3055      蔚華科                  56.00          0.00     1.84%    147.50   164.00   145.00   160.00      201.50   208.00   195.50   199.00    +39.00   +24.38%
      26           224  3167      大量                  192.00        136.00     1.84%    897.00   902.00   841.00   848.00      889.00   968.00   871.00   949.00   +101.00   +11.91%
      27           105  3533      嘉澤                  240.00        185.00     1.81%   1610.00  1620.00  1575.00  1575.00     1660.00  1735.00  1660.00  1690.00   +115.00    +7.30%
      28           138  6533      晶心科                  66.50         13.50     1.74%    253.50   255.00   245.00   246.00      251.00   276.00   250.00   276.00    +30.00   +12.20%
      29           183  6933      AMAX-KY             126.00         74.50     1.69%    348.00   354.00   331.50   336.00      367.50   385.00   355.00   385.00    +49.00   +14.58%
      30           205  6691      洋基工程                 82.00         31.00     1.68%    630.00   631.00   616.00   622.00      639.00   668.00   636.00   667.00    +45.00    +7.23%
      31           184  3711      日月光投控               102.00         52.00     1.64%    641.00   653.00   635.00   650.00      685.00   699.00   680.00   699.00    +49.00    +7.54%
      32           108  3016      嘉晶                   49.50          0.00     1.63%     99.30   110.00    99.30   110.00      147.50   160.00   147.00   160.00    +50.00   +45.45%
      33           101  7768      頌勝科技                 49.50          0.00     1.63%    276.50   276.50   270.50   271.50      292.00   312.00   292.00   304.50    +33.00   +12.15%
      34            86  3532      台勝科                  56.50         14.00     1.40%    417.00   423.00   410.00   410.00      445.00   453.00   437.00   452.50    +42.50   +10.37%
      35            93  7749      意騰-KY                52.50         10.50     1.38%    355.50   355.50   351.00   355.50      405.00   405.00   392.50   395.50    +40.00   +11.25%
      36           149  6944      兆聯實業                 61.00         19.00     1.38%    723.00   723.00   707.00   709.00      730.00   762.00   730.00   760.00    +51.00    +7.19%
      37           126  3605      宏致                   41.50          0.00     1.36%    128.00   131.00   124.50   128.00      179.50   186.50   178.50   183.50    +55.50   +43.36%
      38           125  6902      GOGOLOOK             41.00          0.00     1.35%    126.50   127.00   125.00   126.50      170.00   183.00   167.50   176.50    +50.00   +39.53%
      39           112  2449      京元電子                 52.00         13.00     1.28%    268.00   274.00   267.00   271.50      303.50   315.50   300.50   311.00    +39.50   +14.55%
      40            70  4770      上品                   46.50         10.50     1.18%    244.00   247.00   238.50   239.00      285.00   290.00   272.00   281.50    +42.50   +17.78%
==========================================================================================================================================================================
✅ 共 40 筆


══════════════════════════════════════════════════════════════════════════════════════════════════════════════
  🔄 第  7/10 次  2026/09/09 ～ 2026/09/23
══════════════════════════════════════════════════════════════════════════════════════════════════════════════

==========================================================================================================================================================================
📊 累計漲跌停強度排名 (2026/09/09 ~ 2026/09/23)
==========================================================================================================================================================================
    實資排名        累計天數排名  代號        名稱                 累計漲停(元)       累計跌停(元)       強度%  (09/09)開盤      最高      最低      收盤    (09/23)開盤      最高      最低      收盤      賺賠    賺賠率
--------------------------------------------------------------------------------------------------------------------------------------------------------------------------
       1            61  3443      創意                 2930.00        505.00    86.72%   5955.00  6075.00  5875.00  5925.00     8325.00  8540.00  8200.00  8385.00  +2460.00   +41.52%
       2            87  3653      健策                 1465.00        605.00    30.76%   5705.00  5845.00  5600.00  5760.00     6005.00  6410.00  5930.00  6410.00   +650.00   +11.28%
       3            73  2454      聯發科                 875.00        405.00    16.81%   4780.00  4780.00  4625.00  4625.00     5220.00  5265.00  5140.00  5185.00   +560.00   +12.11%
       4           118  6805      富世達                 730.00        285.00    15.91%   2170.00  2325.00  2155.00  2295.00     2490.00  2750.00  2475.00  2600.00   +305.00   +13.29%
       5           135  3665      貿聯-KY               560.00        155.00    14.48%   1935.00  2015.00  1890.00  1975.00     2290.00  2340.00  2240.00  2340.00   +365.00   +18.48%
       6           103  8996      高力                  585.00        270.00    11.27%   1255.00  1345.00  1240.00  1345.00     1640.00  1640.00  1515.00  1540.00   +195.00   +14.50%
       7           132  1560      中砂                  279.00         55.00     8.01%    717.00   733.00   717.00   730.00      955.00   992.00   947.00   955.00   +225.00   +30.82%
       8           213  3037      欣興                  269.00         57.00     7.58%    980.00  1005.00   980.00   993.00     1120.00  1200.00  1115.00  1160.00   +167.00   +16.82%
       9           139  2404      漢唐                  255.00         55.00     7.15%   1055.00  1080.00  1055.00  1065.00     1160.00  1250.00  1140.00  1250.00   +185.00   +17.37%
      10           104  6526      達發                  211.00         18.00     6.90%    643.00   652.00   641.00   643.00      777.00   840.00   761.00   840.00   +197.00   +30.64%
      11           151  8046      南電                  330.00        145.00     6.62%   1075.00  1125.00  1065.00  1110.00     1185.00  1225.00  1150.00  1210.00   +100.00    +9.01%
      12           117  3017      奇鋐                  570.00        385.00     6.62%   3285.00  3395.00  3265.00  3380.00     3425.00  3590.00  3410.00  3470.00    +90.00    +2.66%
      13           153  7799      禾榮科                 166.00         24.50     5.06%    391.50   395.00   383.50   386.50      508.00   558.00   508.00   531.00   +144.50   +37.39%
      14           172  6715      嘉基                  158.50         33.00     4.49%    330.00   357.50   330.00   354.50      451.00   479.50   440.50   459.50   +105.00   +29.62%
      15           159  3189      景碩                  161.00         39.00     4.36%    812.00   835.00   805.00   812.00      905.00   922.00   881.00   906.00    +94.00   +11.58%
      16           114  2308      台達電                 305.00        210.00     3.40%   1780.00  1855.00  1780.00  1795.00     1910.00  1920.00  1890.00  1900.00   +105.00    +5.85%
      17           159  6861      睿生光電                108.00         24.00     3.00%    198.00   200.00   182.00   185.50      267.00   290.00   265.00   273.00    +87.50   +47.17%
      18           274  6426      統新                  133.00         50.00     2.97%    305.50   324.50   288.00   321.00      359.00   391.50   357.00   391.50    +70.50   +21.96%
      19           195  3563      牧德                  122.00         45.00     2.75%    694.00   701.00   678.00   688.00      720.00   774.00   715.00   753.00    +65.00    +9.45%
      20           204  3711      日月光投控               124.00         52.00     2.57%    621.00   645.00   621.00   640.00      710.00   711.00   689.00   693.00    +53.00    +8.28%
      21           206  2368      金像電                 240.00        170.00     2.50%   1100.00  1145.00  1095.00  1100.00     1085.00  1140.00  1030.00  1140.00    +40.00    +3.64%
      22           115  5269      祥碩                  170.00        100.00     2.50%   1400.00  1410.00  1385.00  1395.00     1490.00  1495.00  1465.00  1480.00    +85.00    +6.09%
      23           103  3532      台勝科                  82.50         14.00     2.45%    412.00   425.50   401.50   424.00      442.00   460.00   430.50   445.00    +21.00    +4.95%
      24           172  2360      致茂                  435.00        370.00     2.32%   2270.00  2490.00  2265.00  2335.00     2445.00  2470.00  2305.00  2325.00    -10.00    -0.43%
      25           110  6957      裕慶-KY                61.50          0.00     2.20%    216.00   221.50   214.00   220.50      300.00   305.00   295.00   295.50    +75.00   +34.01%
      26           231  2379      瑞昱                   70.00         10.00     2.15%    699.00   733.00   698.00   705.00      768.00   794.00   752.00   761.00    +56.00    +7.94%
      27           146  3055      蔚華科                  56.00          0.00     2.00%    155.00   159.00   143.00   149.50      206.50   226.00   200.50   203.50    +54.00   +36.12%
      28           159  6531      愛普*                 259.00        203.00     2.00%    941.00  1015.00   936.00   999.00      940.00   999.00   940.00   987.00    -12.00    -1.20%
      29            85  2395      研華                   56.00          0.00     2.00%    653.00   663.00   645.00   653.00      715.00   721.00   695.00   701.00    +48.00    +7.35%
      30           105  3533      嘉澤                  240.00        185.00     1.97%   1610.00  1650.00  1600.00  1625.00     1755.00  1760.00  1660.00  1690.00    +65.00    +4.00%
      31            95  4770      上品                   62.00         10.50     1.84%    232.00   250.00   229.00   249.50      261.50   275.00   256.50   275.00    +25.50   +10.22%
      32           164  3044      健鼎                   69.50         19.50     1.79%    482.00   514.00   482.00   509.00      541.00   547.00   525.00   543.00    +34.00    +6.68%
      33           117  6196      帆宣                   69.00         24.00     1.61%    512.00   538.00   512.00   534.00      538.00   558.00   534.00   549.00    +15.00    +2.81%
      34            93  7749      意騰-KY                52.50         10.50     1.50%    355.00   356.00   347.50   355.50      377.00   411.50   377.00   402.00    +46.50   +13.08%
      35           126  3605      宏致                   41.50          0.00     1.48%    123.00   134.50   121.50   129.50      174.50   188.50   174.50   180.00    +50.50   +39.00%
      36           125  6902      GOGOLOOK             41.00          0.00     1.47%    126.00   128.00   125.00   128.00      170.50   176.50   167.50   168.50    +40.50   +31.64%
      37           112  2449      京元電子                 52.00         13.00     1.39%    271.00   276.50   269.00   270.00      317.50   321.50   302.50   304.00    +34.00   +12.59%
      38           207  2455      全新                   95.00         57.00     1.36%    536.00   552.00   523.00   533.00      541.00   552.00   535.00   552.00    +19.00    +3.56%
      39           193  6933      AMAX-KY             111.50         74.50     1.32%    320.50   338.00   310.50   338.00      320.00   350.00   320.00   350.00    +12.00    +3.55%
      40            73  7768      頌勝科技                 37.00          0.00     1.32%    272.00   278.50   271.50   276.50      292.00   293.50   289.00   292.00    +15.50    +5.61%
==========================================================================================================================================================================
✅ 共 40 筆


══════════════════════════════════════════════════════════════════════════════════════════════════════════════
  🔄 第  8/10 次  2026/09/08 ～ 2026/09/22
══════════════════════════════════════════════════════════════════════════════════════════════════════════════

==========================================================================================================================================================================
📊 累計漲跌停強度排名 (2026/09/08 ~ 2026/09/22)
==========================================================================================================================================================================
    實資排名        累計天數排名  代號        名稱                 累計漲停(元)       累計跌停(元)       強度%  (09/08)開盤      最高      最低      收盤    (09/22)開盤      最高      最低      收盤      賺賠    賺賠率
--------------------------------------------------------------------------------------------------------------------------------------------------------------------------
       1            31  6515      穎崴                 1015.00       2250.00   571.10%   7290.00  7700.00  6945.00  7700.00     5850.00  5895.00  5530.00  5765.00  -1935.00   -25.13%
       2            34  2059      川湖                 1285.00       2520.00   571.10%  14000.00 14200.00 12515.00 12520.00    12900.00 13305.00 12670.00 12670.00   +150.00    +1.20%
       3           132  2383      台光電                 230.00        870.00   295.95%   5500.00  5550.00  5315.00  5340.00     5100.00  5100.00  4855.00  4860.00   -480.00    -8.99%
       4           138  7750      新代                   60.00        500.00   203.47%   2390.00  2395.00  2280.00  2315.00     2030.00  2030.00  1945.00  1945.00   -370.00   -15.98%
       5            69  7769      鴻勁                  975.00       1380.00   187.28%   6565.00  7160.00  6500.00  6970.00     6210.00  6225.00  5925.00  6155.00   -815.00   -11.69%
       6           123  6669      緯穎                   75.00        455.00   175.72%   2455.00  2485.00  2315.00  2340.00     2155.00  2180.00  2090.00  2115.00   -225.00    -9.62%
       7           117  3661      世芯-KY               570.00        895.00   150.29%   4090.00  4105.00  3985.00  4030.00     3760.00  3950.00  3670.00  3715.00   -315.00    -7.82%
       8            32  3008      大立光                1010.00       1270.00   120.23%   6430.00  6660.00  6350.00  6500.00     6510.00  6750.00  6390.00  6405.00    -95.00    -1.46%
       9            80  6442      光聖                  230.00        420.00    87.86%   1705.00  1775.00  1690.00  1695.00     1550.00  1560.00  1510.00  1510.00   -185.00   -10.91%
      10           151  2345      智邦                  190.00        375.00    85.55%   2130.00  2140.00  1950.00  1955.00     1900.00  1935.00  1865.00  1915.00    -40.00    -2.05%
      11           143  6446      藥華藥                 105.00        270.00    76.30%   1345.00  1450.00  1345.00  1405.00     1150.00  1180.00  1125.00  1160.00   -245.00   -17.44%
      12           158  7711      永擎                  113.00        234.00    55.95%    650.00   650.00   594.00   594.00      552.00   555.00   534.00   537.00    -57.00    -9.60%
      13           163  1590      亞德客-KY               50.00        160.00    50.87%   1380.00  1385.00  1315.00  1335.00     1270.00  1285.00  1245.00  1260.00    -75.00    -5.62%
      14           104  7610      聯友金屬-創              370.00        470.00    46.24%   2000.00  2170.00  2000.00  2065.00     1945.00  1945.00  1850.00  1905.00   -160.00    -7.75%
      15           229  6409      旭隼                   54.00        130.00    35.14%    982.00   985.00   954.00   958.00      902.00   907.00   888.00   888.00    -70.00    -7.31%
      16           217  2368      金像電                 140.00        215.00    34.68%   1100.00  1115.00  1070.00  1075.00     1070.00  1075.00  1025.00  1040.00    -35.00    -3.26%
      17           149  3406      玉晶光                 213.00        284.00    32.83%    987.00  1050.00   970.00  1010.00      962.00   973.00   920.00   923.00    -87.00    -8.61%
      18           231  7822      倍利科                  65.00        133.00    31.45%    928.00   939.00   899.00   899.00      853.00   880.00   845.00   865.00    -34.00    -3.78%
      19           207  3450      聯鈞                   61.50        120.50    27.28%    585.00   585.00   527.00   527.00      555.00   559.00   525.00   526.00     -1.00    -0.19%
      20           238  2357      華碩                   54.00        110.00    25.90%    992.00   992.00   956.00   968.00      956.00   956.00   942.00   953.00    -15.00    -1.55%
      21           244  8210      勤誠                   11.00         66.00    25.43%    937.00   938.00   901.00   907.00      910.00   920.00   897.00   898.00     -9.00    -0.99%
      22           202  6781      AES-KY               37.00         91.00    24.97%   1090.00  1090.00  1055.00  1065.00     1025.00  1030.00  1005.00  1015.00    -50.00    -4.69%
      23           132  8039      台虹                   12.50         65.50    24.51%    327.50   327.50   294.50   294.50      270.00   277.00   261.50   262.50    -32.00   -10.87%
      24           233  6831      邁科                   52.00         99.00    21.73%    576.00   578.00   551.00   560.00      522.00   529.00   507.00   512.00    -48.00    -8.57%
      25           197  7795      長廣                   50.00         82.00    14.80%    554.00   587.00   541.00   555.00      495.00   517.00   488.00   505.00    -50.00    -9.01%
      26           115  3017      奇鋐                  490.00        520.00    13.87%   3455.00  3455.00  3245.00  3285.00     3500.00  3505.00  3385.00  3390.00   +105.00    +3.20%
      27            70  2049      上銀                   20.50         50.00    13.64%    367.00   367.00   349.00   350.00      337.00   338.00   331.00   331.00    -19.00    -5.43%
      28           172  6531      愛普*                 206.00        232.00    12.02%    979.00   979.00   924.00   931.00      969.00   978.00   934.00   934.00     +3.00    +0.32%
      29           127  6830      汎銓                   66.00         91.00    11.56%    580.00   609.00   574.00   576.00      565.00   575.00   543.00   547.00    -29.00    -5.03%
      30           105  6139      亞翔                   47.00         70.00    10.64%    744.00   753.00   739.00   742.00      729.00   731.00   715.00   715.00    -27.00    -3.64%
      31           182  3583      辛耘                   49.00         67.00     8.32%    733.00   764.00   723.00   740.00      713.00   725.00   704.00   704.00    -36.00    -4.86%
      32           201  1519      華城                   28.00         43.00     6.94%    748.00   748.00   728.00   728.00      726.00   726.00   712.00   712.00    -16.00    -2.20%
      33           137  2327      國巨*                  35.00         50.00     6.94%    580.00   584.00   565.00   567.00      578.00   588.00   566.00   571.00     +4.00    +0.71%
      34           160  3515      華擎                   10.00         24.00     6.47%    231.50   232.00   221.50   221.50      215.00   215.00   213.00   213.50     -8.00    -3.61%
      35           119  3034      聯詠                   13.00         25.00     5.55%    543.00   543.00   524.00   534.00      553.00   567.00   549.00   557.00    +23.00    +4.31%
      36           161  3006      晶豪科                  29.50         41.50     5.55%    298.50   306.00   291.50   298.50      288.50   290.50   278.00   278.50    -20.00    -6.70%
      37           214  3167      大量                  162.00        174.00     5.55%    871.00   971.00   871.00   938.00      815.00   868.00   812.00   864.00    -74.00    -7.89%
      38            54  2207      和泰車                  12.00         24.00     5.55%    535.00   538.00   529.00   535.00      530.00   530.00   521.00   521.00    -14.00    -2.62%
      39           153  4583      台灣精銳                 11.50         23.00     5.32%    461.00   467.50   459.00   463.00      435.00   439.00   427.00   429.00    -34.00    -7.34%
      40           203  6451      訊芯-KY                51.50         62.00     4.86%    457.00   458.00   433.00   435.00      446.50   450.00   425.00   425.00    -10.00    -2.30%
==========================================================================================================================================================================
✅ 共 40 筆


══════════════════════════════════════════════════════════════════════════════════════════════════════════════
  🔄 第  9/10 次  2026/09/07 ～ 2026/09/21
══════════════════════════════════════════════════════════════════════════════════════════════════════════════

==========================================================================================================================================================================
📊 累計漲跌停強度排名 (2026/09/07 ~ 2026/09/21)
==========================================================================================================================================================================
    實資排名        累計天數排名  代號        名稱                 累計漲停(元)       累計跌停(元)       強度%  (09/07)開盤      最高      最低      收盤    (09/21)開盤      最高      最低      收盤      賺賠    賺賠率
--------------------------------------------------------------------------------------------------------------------------------------------------------------------------
       1            32  6515      穎崴                 1015.00       2295.00    75.65%   7275.00  7350.00  7000.00  7000.00     6570.00  6570.00  5795.00  5795.00  -1205.00   -17.21%
       2            47  2059      川湖                 1330.00       2390.00    62.65%  14015.00 14145.00 13700.00 13905.00    13000.00 13050.00 12510.00 12800.00  -1105.00    -7.95%
       3            33  3008      大立光                1010.00       2010.00    59.10%   7185.00  7185.00  6660.00  6660.00     6465.00  6615.00  6305.00  6400.00   -260.00    -3.90%
       4           106  3661      世芯-KY               520.00       1075.00    32.80%   4175.00  4180.00  4000.00  4040.00     3700.00  3700.00  3580.00  3665.00   -375.00    -9.28%
       5           135  2383      台光電                 310.00        835.00    31.03%   5550.00  5580.00  5280.00  5495.00     4900.00  4945.00  4795.00  4895.00   -600.00   -10.92%
       6           135  7750      新代                   60.00        525.00    27.48%   2425.00  2475.00  2360.00  2375.00     1950.00  1990.00  1910.00  1960.00   -415.00   -17.47%
       7           126  6669      緯穎                   75.00        495.00    24.82%   2525.00  2545.00  2390.00  2490.00     2180.00  2190.00  2110.00  2150.00   -340.00   -13.65%
       8           141  2345      智邦                  115.00        375.00    15.37%   2150.00  2155.00  2090.00  2100.00     1840.00  1880.00  1810.00  1840.00   -260.00   -12.38%
       9            77  6442      光聖                  230.00        460.00    13.59%   1770.00  1790.00  1700.00  1700.00     1590.00  1595.00  1520.00  1525.00   -175.00   -10.29%
      10           137  6446      藥華藥                 110.00        270.00     9.46%   1315.00  1350.00  1285.00  1325.00     1185.00  1190.00  1150.00  1150.00   -175.00   -13.21%
      11           159  1590      亞德客-KY               30.00        185.00     9.16%   1420.00  1420.00  1355.00  1370.00     1240.00  1255.00  1225.00  1240.00   -130.00    -9.49%
      12           111  3017      奇鋐                  490.00        645.00     9.16%   3595.00  3595.00  3410.00  3420.00     3480.00  3495.00  3365.00  3415.00     -5.00    -0.15%
      13           149  3533      嘉澤                   95.00        205.00     6.50%   1720.00  1725.00  1690.00  1695.00     1600.00  1615.00  1570.00  1590.00   -105.00    -6.19%
      14           151  3406      玉晶光                 213.00        323.00     6.50%   1040.00  1040.00   961.00   987.00      973.00  1005.00   925.00   952.00    -35.00    -3.55%
      15           255  8210      勤誠                   11.00        115.00     6.15%    988.00   988.00   936.00   937.00      905.00   909.00   897.00   900.00    -37.00    -3.95%
      16           179  7711      永擎                  141.00        234.00     5.50%    645.00   675.00   621.00   660.00      576.00   576.00   535.00   544.00   -116.00   -17.58%
      17           216  6781      AES-KY               37.00        126.00     5.26%   1135.00  1135.00  1075.00  1080.00     1015.00  1025.00  1010.00  1010.00    -70.00    -6.48%
      18            82  3653      健策                  845.00        930.00     5.02%   6000.00  6000.00  5600.00  5655.00     5765.00  5890.00  5700.00  5790.00   +135.00    +2.39%
      19           246  6831      邁科                   52.00        136.00     4.96%    617.00   617.00   568.00   568.00      540.00   540.00   513.00   513.00    -55.00    -9.68%
      20           201  7822      倍利科                  50.00        133.00     4.91%    938.00   989.00   926.00   930.00      850.00   851.00   836.00   850.00    -80.00    -8.60%
      21           255  2357      華碩                   54.00        136.00     4.85%   1025.00  1025.00   981.00   999.00      973.00   973.00   943.00   946.00    -53.00    -5.31%
      22           135  2467      志聖                   16.00         88.00     4.26%    616.00   635.00   607.00   619.00      535.00   535.00   521.00   526.00    -93.00   -15.02%
      23           266  6409      旭隼                   66.00        130.00     3.78%    987.00  1005.00   975.00   977.00      917.00   918.00   892.00   894.00    -83.00    -8.50%
      24           147  6830      汎銓                   66.00        106.00     2.36%    609.00   613.00   580.00   582.00      576.00   588.00   548.00   553.00    -29.00    -4.98%
      25           196  3450      聯鈞                   61.50        101.50     2.36%    596.00   596.00   569.00   585.00      544.00   554.00   536.00   545.00    -40.00    -6.84%
      26            70  2049      上銀                   20.50         50.00     1.74%    371.00   377.50   362.50   364.50      339.00   339.00   332.50   334.00    -30.50    -8.37%
      27           266  7788      松川精密                 50.50         77.50     1.60%    335.00   335.00   310.00   316.50      298.00   302.00   291.00   291.00    -25.50    -8.06%
      28           152  8039      台虹                   42.00         65.50     1.39%    324.00   327.00   306.00   327.00      270.00   272.00   262.50   265.00    -62.00   -18.96%
      29           176  4583      台灣精銳                 11.50         34.50     1.36%    490.00   490.00   462.00   462.00      443.50   443.50   426.50   434.00    -28.00    -6.06%
      30           105  6139      亞翔                   47.00         70.00     1.36%    740.00   745.00   734.00   739.00      740.00   745.00   717.00   718.00    -21.00    -2.84%
      31           195  7795      長廣                   60.00         82.00     1.30%    519.00   549.00   510.00   536.00      489.00   491.00   480.00   484.00    -52.00    -9.70%
      32           169  3563      牧德                   29.00         45.00     0.95%    700.00   714.00   698.00   699.00      677.00   677.00   660.00   660.00    -39.00    -5.58%
      33           201  1519      華城                   28.00         43.00     0.89%    767.00   786.00   739.00   739.00      726.00   726.00   717.00   718.00    -21.00    -2.84%
      34           160  3515      華擎                   10.00         24.00     0.83%    231.00   233.00   225.00   231.00      214.00   214.50   211.00   213.00    -18.00    -7.79%
      35            54  2207      和泰車                  12.00         24.00     0.71%    548.00   548.00   533.00   539.00      535.00   535.00   523.00   523.00    -16.00    -2.97%
      36           203  6451      訊芯-KY                51.50         62.00     0.62%    459.00   477.00   447.00   448.50      443.50   444.50   434.00   434.00    -14.50    -3.23%
      37           132  1303      南亞                   12.00         22.00     0.59%    232.00   240.00   229.50   230.50      238.50   245.00   235.00   239.50     +9.00    +3.90%
      38           221  3583      辛耘                   60.00         67.00     0.41%    727.00   740.00   711.00   722.00      710.00   710.00   696.00   702.00    -20.00    -2.77%
      39           191  6789      采鈺                   38.50         44.50     0.35%    476.00   485.00   467.50   471.00      467.00   467.00   455.00   458.50    -12.50    -2.65%
      40           112  3023      信邦                   10.50         16.50     0.35%    343.00   348.00   338.50   339.50      326.00   329.00   320.00   320.50    -19.00    -5.60%
==========================================================================================================================================================================
✅ 共 40 筆


══════════════════════════════════════════════════════════════════════════════════════════════════════════════
  🔄 第 10/10 次  2026/09/04 ～ 2026/09/18
══════════════════════════════════════════════════════════════════════════════════════════════════════════════

==========================================================================================================================================================================
📊 累計漲跌停強度排名 (2026/09/04 ~ 2026/09/18)
==========================================================================================================================================================================
    實資排名        累計天數排名  代號        名稱                 累計漲停(元)       累計跌停(元)       強度%  (09/04)開盤      最高      最低      收盤    (09/18)開盤      最高      最低      收盤      賺賠    賺賠率
--------------------------------------------------------------------------------------------------------------------------------------------------------------------------
       1           113  3443      創意                 1855.00        505.00   105.02%   5945.00  6000.00  5680.00  5810.00     6600.00  7150.00  6510.00  7150.00  +1340.00   +23.06%
       2            74  7769      鴻勁                 1515.00        840.00    52.51%   6070.00  6125.00  5885.00  5980.00     6225.00  6540.00  6140.00  6540.00   +560.00    +9.36%
       3            97  2454      聯發科                 825.00        455.00    28.78%   4435.00  4490.00  4340.00  4415.00     4600.00  4735.00  4545.00  4710.00   +295.00    +6.68%
       4            83  7610      聯友金屬-創              700.00        415.00    22.17%   1820.00  1820.00  1820.00  1820.00     1820.00  1945.00  1765.00  1945.00   +125.00    +6.87%
       5           211  2360      致茂                  535.00        255.00    21.78%   2095.00  2150.00  1975.00  2030.00     2135.00  2290.00  2135.00  2290.00   +260.00   +12.81%
       6           135  8996      高力                  475.00        230.00    19.06%   1255.00  1300.00  1170.00  1300.00     1350.00  1430.00  1330.00  1430.00   +130.00   +10.00%
       7           126  6805      富世達                 595.00        395.00    15.56%   2150.00  2200.00  2080.00  2200.00     2195.00  2295.00  2155.00  2295.00    +95.00    +4.32%
       8           158  1560      中砂                  260.00         84.00    13.69%    728.00   731.00   683.00   695.00      855.00   896.00   813.00   896.00   +201.00   +28.92%
       9           215  3026      禾伸堂                 272.00        108.00    12.76%    692.00   701.00   683.00   701.00      791.00   811.00   766.00   797.00    +96.00   +13.69%
      10           209  7799      禾榮科                 168.00         23.00    11.28%    355.00   373.00   353.50   370.00      513.00   524.00   488.00   504.00   +134.00   +36.22%
      11            95  3017      奇鋐                  760.00        630.00    10.11%   3465.00  3570.00  3410.00  3570.00     3345.00  3450.00  3290.00  3430.00   -140.00    -3.92%
      12           282  6715      嘉基                  171.50         47.00     9.68%    317.50   328.50   311.50   320.00      398.00   433.00   394.00   433.00   +113.00   +35.31%
      13           216  3167      大量                  257.00        146.00     8.63%    752.00   803.00   719.00   803.00      833.00   855.00   810.00   834.00    +31.00    +3.86%
      14           153  3665      貿聯-KY               420.00        310.00     8.56%   2135.00  2175.00  2115.00  2145.00     2060.00  2210.00  2045.00  2210.00    +65.00    +3.03%
      15           284  6426      統新                  135.00         32.00     8.01%    270.00   274.00   251.00   269.50      381.50   385.00   365.00   373.50   +104.00   +38.59%
      16           191  2404      漢唐                  180.00         80.00     7.78%   1040.00  1085.00  1010.00  1070.00     1040.00  1130.00  1040.00  1125.00    +55.00    +5.14%
      17           115  3532      台勝科                  90.00         14.00     5.91%    392.00   406.50   385.00   399.00      457.00   461.00   438.50   447.50    +48.50   +12.16%
      18           196  2408      南亞科                 117.50         42.00     5.87%    490.50   496.00   470.00   496.00      508.00   525.00   508.00   525.00    +29.00    +5.85%
      19           170  2330      台積電                 160.00         85.00     5.83%   2415.00  2415.00  2390.00  2410.00     2460.00  2460.00  2435.00  2460.00    +50.00    +2.07%
      20           215  3189      景碩                  123.00         52.00     5.52%    797.00   828.00   766.00   819.00      828.00   850.00   815.00   832.00    +13.00    +1.59%
      21           198  3037      欣興                  137.00         78.00     4.59%    930.00   940.00   873.00   902.00      973.00   990.00   971.00   981.00    +79.00    +8.76%
      22           153  6531      愛普*                 255.00        198.00     4.43%    942.00   949.00   901.00   911.00      940.00   969.00   939.00   968.00    +57.00    +6.26%
      23           190  6691      洋基工程                 66.00         13.00     4.12%    611.00   629.00   598.00   619.00      619.00   650.00   617.00   650.00    +31.00    +5.01%
      24           189  3711      日月光投控               102.00         52.00     3.89%    600.00   603.00   578.00   588.00      631.00   643.00   627.00   638.00    +50.00    +8.50%
      25           172  5269      祥碩                  180.00        130.00     3.89%   1450.00  1465.00  1425.00  1430.00     1490.00  1505.00  1480.00  1495.00    +65.00    +4.55%
      26           149  2327      國巨*                  99.00         50.00     3.81%    535.00   562.00   532.00   562.00      543.00   550.00   533.00   550.00    -12.00    -2.14%
      27           191  4770      上品                   59.00         10.50     3.77%    224.50   228.00   219.00   226.50      242.00   255.50   242.00   251.00    +24.50   +10.82%
      28           204  2379      瑞昱                   58.00         10.00     3.73%    710.00   725.00   706.00   713.00      724.00   728.00   716.00   727.00    +14.00    +1.96%
      29           201  6415      矽力*-KY               69.50         22.50     3.66%    421.00   429.00   418.50   428.50      419.00   437.50   414.50   437.50     +9.00    +2.10%
      30           115  6861      睿生光電                 70.50         24.00     3.62%    180.50   185.50   180.00   183.00      216.00   229.50   216.00   229.50    +46.50   +25.41%
      31           192  2492      華新科                  78.50         33.00     3.54%    282.50   298.50   282.50   298.50      305.00   311.00   300.00   309.50    +11.00    +3.69%
      32           223  6933      AMAX-KY              95.00         50.00     3.50%    309.00   319.00   299.00   317.00      355.00   360.50   332.00   342.00    +25.00    +7.89%
      33            66  6526      達發                   62.00         18.00     3.42%    646.00   649.00   620.00   635.00      643.00   691.00   640.00   691.00    +56.00    +8.82%
      34           274  8021      尖點                   86.00         42.50     3.38%    425.00   426.00   413.00   420.00      468.00   476.00   444.00   460.00    +40.00    +9.52%
      35           139  6197      佳必琪                  41.50          0.00     3.23%    301.00   317.50   294.50   315.00      310.00   323.50   309.00   320.50     +5.50    +1.75%
      36           136  6672      騰輝電子-KY              49.50         10.50     3.03%    289.00   289.00   278.00   289.00      299.50   309.50   297.00   302.00    +13.00    +4.50%
      37            75  2449      京元電子                 37.50          0.00     2.92%    265.00   267.50   259.00   262.00      276.50   291.50   274.00   291.50    +29.50   +11.26%
      38           187  6196      帆宣                   71.00         35.00     2.80%    516.00   528.00   501.00   516.00      526.00   541.00   521.00   540.00    +24.00    +4.65%
      39           136  3044      健鼎                   54.50         19.50     2.72%    489.50   494.00   475.00   488.50      509.00   518.00   505.00   518.00    +29.50    +6.04%
      40            70  6257      矽格                   34.50          0.00     2.68%    213.00   214.50   207.50   212.00      231.00   244.50   227.50   244.50    +32.50   +15.33%
==========================================================================================================================================================================
✅ 共 40 筆
