
██████████████████████████████████████████████████████████████████████████████████████████████████████████████
  📅 天數組合: 3 日  →  輸出檔: s13_03.txt
██████████████████████████████████████████████████████████████████████████████████████████████████████████████

🔁 共執行 3 次，每次區間長度 4 個交易日

══════════════════════════════════════════════════════════════════════════════════════════════════════════════
  🔄 第  1/3 次  2026/09/30 ～ 2026/10/05
══════════════════════════════════════════════════════════════════════════════════════════════════════════════

==========================================================================================================================================================================
📊 動能效率優先權分數排名 (2026/09/30 ~ 2026/10/05)
==========================================================================================================================================================================
    實資排名          累計天數排名  代號        名稱                 累計漲停(元)       累計跌停(元)       強度%  (09/30)開盤      最高      最低      收盤    (10/05)開盤      最高      最低      收盤      賺賠    賺賠率
--------------------------------------------------------------------------------------------------------------------------------------------------------------------------
       1               1  6672      騰輝電子-KY             115.50          0.00   100.00%    337.50   369.00   335.50   369.00      444.00   457.50   435.00   451.00    +82.00   +22.22%
       2               3  6196      帆宣                  135.00          0.00    89.49%    552.00   588.00   551.00   585.00      628.00   679.00   622.00   679.00    +94.00   +16.07%
       3               4  6213      聯茂                  128.00          0.00    81.37%    624.00   649.00   622.00   623.00      690.00   751.00   682.00   751.00   +128.00   +20.55%
       4               6  3406      玉晶光                 165.00          0.00    78.16%    890.00   921.00   878.00   890.00      971.00  1055.00   971.00  1055.00   +165.00   +18.54%
       5               2  2466      冠西電                  37.50          0.00    77.14%    115.00   124.50   115.00   124.50      150.00   155.00   145.00   155.00    +30.50   +24.50%
       6               7  3189      景碩                  140.00          0.00    68.43%    961.00   972.00   937.00   970.00     1055.00  1150.00  1030.00  1095.00   +125.00   +12.89%
       7               9  7711      永擎                   94.00          0.00    61.88%    553.00   566.00   549.00   560.00      615.00   665.00   609.00   634.00    +74.00   +13.21%
       8               8  6691      洋基工程                132.00          0.00    61.61%    666.00   719.00   665.00   719.00      752.00   794.00   747.00   794.00    +75.00   +10.43%
       9              10  8021      尖點                   67.00          0.00    56.20%    486.00   487.50   480.00   486.00      560.00   577.00   536.00   560.00    +74.00   +15.23%
      10              16  5434      崇越                   80.00          0.00    54.11%    550.00   565.00   547.00   555.00      598.00   623.00   593.00   620.00    +65.00   +11.71%
      11              14  8046      南電                  225.00          0.00    51.86%   1285.00  1340.00  1250.00  1340.00     1460.00  1550.00  1445.00  1495.00   +155.00   +11.57%
      12              12  2492      華新科                  62.00          0.00    51.17%    306.00   309.00   298.50   299.50      377.50   396.00   365.00   368.50    +69.00   +23.04%
      13              15  3037      欣興                  160.00          0.00    50.22%   1175.00  1190.00  1155.00  1175.00     1325.00  1420.00  1310.00  1325.00   +150.00   +12.77%
      14              13  5292      華懋                   11.50          0.00    47.94%    216.50   234.00   216.50   230.00      240.00   251.00   240.00   247.00    +17.00    +7.39%
      15              11  4919      新唐                   24.50          0.00    47.93%    136.00   142.00   134.00   138.50      162.50   162.50   154.00   155.50    +17.00   +12.27%
      16              24  7788      松川精密                 42.00          0.00    47.77%    292.00   296.00   286.50   294.00      313.00   335.00   311.50   332.50    +38.50   +13.10%
      17               5  8150      南茂                   21.50          0.00    47.34%    106.00   114.50   105.50   114.50      133.00   133.00   123.00   124.00     +9.50    +8.30%
      18              21  7795      長廣                   71.00          0.00    46.82%    499.50   501.00   487.50   488.00      555.00   574.00   554.00   559.00    +71.00   +14.55%
      19              18  3533      嘉澤                  165.00          0.00    43.71%   1730.00  1785.00  1705.00  1770.00     1860.00  1895.00  1850.00  1875.00   +105.00    +5.93%
      20              29  6531      愛普*                 122.00          0.00    43.15%    943.00   964.00   924.00   927.00     1015.00  1090.00   995.00  1055.00   +128.00   +13.81%
      21              20  6834      天二科技                 10.50          0.00    42.49%    114.00   115.00   109.00   109.00      132.50   134.00   122.00   125.50    +16.50   +15.14%
      22              26  2340      台亞                    0.00          0.00    40.75%     38.50    41.50    37.70    40.80       46.70    50.30    46.50    50.30     +9.50   +23.28%
      23              19  3701      大眾控                   0.00          0.00    39.97%     42.25    45.90    42.25    45.90       60.90    60.90    60.90    60.90    +15.00   +32.68%
      24              17  8039      台虹                   27.00         12.00    38.30%    279.50   300.50   277.50   300.50      290.00   308.00   283.00   303.50     +3.00    +1.00%
      25              28  3030      德律                   21.00          0.00    36.93%    279.00   284.50   275.00   279.00      309.50   312.00   302.00   305.50    +26.50    +9.50%
      26              38  1560      中砂                   77.00          0.00    36.43%    958.00   971.00   953.00   963.00     1020.00  1060.00  1010.00  1040.00    +77.00    +8.00%
      27              40  8101      華冠                    0.00          0.00    36.13%     10.55    11.05    10.50    11.05        9.63    11.20     9.63    11.20     +0.15    +1.36%
      28              22  6533      晶心科                  63.00         30.50    35.98%    316.00   333.50   301.00   333.50      351.00   351.50   332.00   336.00     +2.50    +0.75%
      29              25  1709      和益                    0.00          0.00    35.98%     44.10    48.40    44.00    48.40       63.80    64.30    63.60    64.30    +15.90   +32.85%
      30              23  4722      國精化                  39.50          0.00    35.91%    193.00   197.00   190.00   190.50      239.00   244.00   218.00   224.00    +33.50   +17.59%
      31              58  6957      裕慶-KY                79.50          0.00    34.98%    365.00   371.00   356.00   371.00      386.00   413.00   380.50   410.00    +39.00   +10.51%
      32              31  2483      百容                    0.00          0.00    34.51%     32.80    35.75    32.60    35.75       38.00    40.70    37.40    40.70     +4.95   +13.85%
      33              44  2383      台光電                 780.00          0.00    34.15%   4990.00  5030.00  4935.00  4935.00     5630.00  5700.00  5600.00  5700.00   +765.00   +15.50%
      34              36  6994      富威電力                  0.00          0.00    33.16%     26.20    26.65    25.90    26.50       32.60    33.25    31.00    31.95     +5.45   +20.57%
      35              43  2455      全新                   60.00          0.00    33.01%    544.00   555.00   544.00   552.00      590.00   607.00   575.00   606.00    +54.00    +9.78%
      36              34  1459      聯發                    0.00          0.00    32.82%     16.00    16.70    16.00    16.70       20.55    20.55    20.00    20.55     +3.85   +23.05%
      37              49  1303      南亞                   26.00          0.00    32.78%    250.50   265.00   245.50   255.50      270.00   286.00   266.50   286.00    +30.50   +11.94%
      38              64  8261      富鼎                   18.50          0.00    32.40%    179.00   180.00   175.00   176.00      193.00   205.00   192.00   205.00    +29.00   +16.48%
      39              32  6515      穎崴                  690.00        160.00    31.77%   5690.00  5985.00  5655.00  5930.00     6115.00  6280.00  6015.00  6205.00   +275.00    +4.64%
      40              33  2939      永邑-KY                 0.00          0.00    31.37%     20.05    22.00    20.05    21.90       22.90    23.90    22.90    23.45     +1.55    +7.08%
==========================================================================================================================================================================
✅ 共 40 筆


══════════════════════════════════════════════════════════════════════════════════════════════════════════════
  🔄 第  2/3 次  2026/09/29 ～ 2026/10/02
══════════════════════════════════════════════════════════════════════════════════════════════════════════════

==========================================================================================================================================================================
📊 動能效率優先權分數排名 (2026/09/29 ~ 2026/10/02)
==========================================================================================================================================================================
    實資排名          累計天數排名  代號        名稱                 累計漲停(元)       累計跌停(元)       強度%  (09/29)開盤      最高      最低      收盤    (10/02)開盤      最高      最低      收盤      賺賠    賺賠率
--------------------------------------------------------------------------------------------------------------------------------------------------------------------------
       1               1  6672      騰輝電子-KY             103.50          0.00   100.00%    330.50   335.50   321.00   335.50      413.00   439.00   404.00   439.00   +103.50   +30.85%
       2               2  6533      晶心科                  90.50         14.50    82.85%    272.50   303.50   268.00   303.50      366.50   366.50   350.50   352.00    +48.50   +15.98%
       3               6  4919      新唐                   24.50          0.00    67.42%    134.00   139.50   132.00   135.50      151.00   167.00   145.50   163.00    +27.50   +20.30%
       4               5  8150      南茂                   21.50          0.00    66.19%    112.00   112.00   104.50   104.50      116.00   127.00   114.50   127.00    +22.50   +21.53%
       5               7  4722      國精化                  39.50          0.00    64.20%    184.00   194.50   184.00   190.00      212.00   230.00   209.50   230.00    +40.00   +21.05%
       6               4  8046      南電                  220.00          0.00    61.20%   1210.00  1280.00  1200.00  1270.00     1440.00  1480.00  1395.00  1460.00   +190.00   +14.96%
       7               9  8021      尖點                   67.00          0.00    59.91%    475.50   481.50   470.00   480.00      503.00   553.00   501.00   553.00    +73.00   +15.21%
       8               3  8039      台虹                   42.00         12.00    58.79%    257.50   273.50   256.50   273.50      285.00   296.00   280.50   296.00    +22.50    +8.23%
       9               8  2466      冠西電                  23.50          0.00    58.73%    119.50   119.50   112.50   113.50      130.50   141.00   130.50   141.00    +27.50   +24.23%
      10              12  3533      嘉澤                  165.00          0.00    55.53%   1680.00  1765.00  1680.00  1710.00     1825.00  1865.00  1800.00  1855.00   +145.00    +8.48%
      11              14  6834      天二科技                 10.50          0.00    55.10%    114.00   116.00   111.50   112.50      118.00   131.00   118.00   131.00    +18.50   +16.44%
      12              11  4958      臻鼎-KY                74.00          0.00    54.30%    479.00   499.50   472.50   498.50      515.00   561.00   514.00   561.00    +62.50   +12.54%
      13              13  6213      聯茂                   85.00          0.00    52.70%    620.00   628.00   588.00   620.00      646.00   700.00   639.00   683.00    +63.00   +10.16%
      14              10  4551      智伸科                  29.50          0.00    51.49%    162.50   179.50   162.00   179.50      173.00   186.50   172.00   186.00     +6.50    +3.62%
      15              17  7711      永擎                   70.00          0.00    50.63%    540.00   553.00   537.00   546.00      616.00   620.00   602.00   610.00    +64.00   +11.72%
      16              19  7795      長廣                   60.00          0.00    48.67%    480.00   502.00   480.00   496.00      532.00   566.00   524.00   548.00    +52.00   +10.48%
      17              20  3189      景碩                   95.00          0.00    47.43%    960.00   969.00   939.00   955.00     1010.00  1070.00  1005.00  1050.00    +95.00    +9.95%
      18              16  3016      嘉晶                   25.00          0.00    45.57%    165.00   176.00   161.50   172.50      169.50   182.00   169.50   180.50     +8.00    +4.64%
      19              15  2340      台亞                    0.00          0.00    44.77%     34.40    38.00    34.40    38.00       45.00    47.20    43.70    45.75     +7.75   +20.39%
      20              23  3030      德律                   21.00          0.00    44.52%    270.50   280.50   269.00   276.00      283.00   301.00   277.00   300.00    +24.00    +8.70%
      21              21  5292      華懋                   11.50          0.00    42.73%    217.00   219.00   215.50   218.50      236.00   244.00   234.00   240.00    +21.50    +9.84%
      22              24  3701      大眾控                   0.00          0.00    42.22%     41.15    42.90    41.15    41.75       53.00    55.40    51.20    55.40    +13.65   +32.69%
      23              18  3673      TPK-KY                0.00          0.00    41.79%     65.50    69.50    65.50    68.70       73.50    80.60    73.00    80.60    +11.90   +17.32%
      24              22  3094      聯傑                    0.00          0.00    41.41%     53.00    59.70    52.70    59.70       69.20    73.00    67.90    70.30    +10.60   +17.76%
      25              27  4764      雙鍵                   18.50          0.00    37.19%    179.50   184.00   175.00   183.00      185.00   203.50   185.00   203.50    +20.50   +11.20%
      26              26  6257      矽格                   17.50          0.00    37.12%    239.50   241.50   235.00   236.50      252.50   266.00   250.50   257.50    +21.00    +8.88%
      27              28  1709      和益                    0.00          0.00    36.31%     43.50    44.95    43.20    44.00       55.50    58.50    54.70    58.50    +14.50   +32.95%
      28              35  6994      富威電力                  0.00          0.00    35.70%     26.50    26.65    26.10    26.60       29.95    32.05    29.30    32.05     +5.45   +20.49%
      29              44  2492      華新科                  62.00          9.50    34.76%    313.00   321.00   299.00   302.00      335.00   361.50   329.00   361.50    +59.50   +19.70%
      30              25  1597      直得                   13.00          0.00    34.16%    133.50   146.50   133.50   146.50      155.50   155.50   146.50   148.00     +1.50    +1.02%
      31              30  2033      佳大                    0.00          0.00    33.52%     36.80    39.95    36.50    38.50       51.20    51.20    51.20    51.20    +12.70   +32.99%
      32              36  3311      閎暉                    0.00          0.00    33.41%     38.45    38.50    37.55    38.15       48.25    49.65    48.15    49.65    +11.50   +30.14%
      33              43  5434      崇越                   43.00          0.00    32.88%    539.00   545.00   538.00   540.00      571.00   585.00   568.00   583.00    +43.00    +7.96%
      34              31  3149      正達                    0.00          0.00    32.83%     63.20    68.00    63.00    67.30       74.80    79.70    74.00    77.30    +10.00   +14.86%
      35              38  1459      聯發                    0.00          0.00    32.67%     15.95    16.15    15.90    16.00       17.00    18.70    17.00    18.70     +2.70   +16.87%
      36              55  7730      暉盛-創                 15.00          0.00    31.97%    173.00   176.00   172.50   174.50      188.00   193.00   185.50   187.00    +12.50    +7.16%
      37              61  2472      立隆電                  12.50          0.00    31.76%    217.00   220.00   212.50   213.00      222.00   231.50   220.50   229.00    +16.00    +7.51%
      38              48  3037      欣興                  140.00         20.00    31.61%   1170.00  1185.00  1130.00  1165.00     1225.00  1305.00  1215.00  1305.00   +140.00   +12.02%
      39              34  1721      國慶科技                  0.00          0.00    31.46%     24.30    26.45    24.15    26.10       26.45    28.00    26.20    27.35     +1.25    +4.79%
      40              32  3591      艾笛森                   0.00          0.00    30.42%     24.40    26.80    24.35    26.40       27.00    28.60    26.90    28.30     +1.90    +7.20%
==========================================================================================================================================================================
✅ 共 40 筆


══════════════════════════════════════════════════════════════════════════════════════════════════════════════
  🔄 第  3/3 次  2026/09/24 ～ 2026/10/01
══════════════════════════════════════════════════════════════════════════════════════════════════════════════

==========================================================================================================================================================================
📊 動能效率優先權分數排名 (2026/09/24 ~ 2026/10/01)
==========================================================================================================================================================================
    實資排名          累計天數排名  代號        名稱                 累計漲停(元)       累計跌停(元)       強度%  (09/24)開盤      最高      最低      收盤    (10/01)開盤      最高      最低      收盤      賺賠    賺賠率
--------------------------------------------------------------------------------------------------------------------------------------------------------------------------
       1               1  6533      晶心科                 115.50          0.00   100.00%    251.00   276.00   250.00   276.00      346.00   366.50   337.00   366.50    +90.50   +32.79%
       2               2  6672      騰輝電子-KY             100.50          0.00    76.02%    315.00   337.50   315.00   337.50      376.50   405.50   369.50   405.50    +68.00   +20.15%
       3               3  8046      南電                  210.00          0.00    53.11%   1210.00  1270.00  1190.00  1240.00     1390.00  1450.00  1370.00  1420.00   +180.00   +14.52%
       4               4  6225      天瀚                    0.00          0.00    48.47%     41.60    50.80    41.60    50.40       66.90    66.90    66.90    66.90    +16.50   +32.74%
       5               7  7711      永擎                   70.00          0.00    41.09%    543.00   548.00   535.00   542.00      561.00   616.00   551.00   616.00    +74.00   +13.65%
       6               5  8039      台虹                   42.00         12.00    40.27%    255.50   261.00   254.00   258.50      297.00   297.50   285.00   288.50    +30.00   +11.61%
       7               8  3533      嘉澤                  165.00          0.00    38.11%   1660.00  1735.00  1660.00  1690.00     1780.00  1865.00  1760.00  1855.00   +165.00    +9.76%
       8               6  3016      嘉晶                   27.00          0.00    36.39%    147.50   160.00   147.00   160.00      169.00   169.00   162.50   168.00     +8.00    +5.00%
       9              13  1597      直得                   13.00          0.00    36.04%    134.00   135.00   131.50   133.50      147.00   158.50   141.00   154.50    +21.00   +15.73%
      10              14  2340      台亞                    0.00          0.00    34.33%     34.35    35.80    34.15    34.55       40.80    44.70    40.25    43.85     +9.30   +26.92%
      11               9  7822      倍利科                 115.00          0.00    34.07%    879.00   926.00   878.00   920.00     1000.00  1020.00   979.00  1000.00    +80.00    +8.70%
      12              15  6944      兆聯實業                 70.00          0.00    33.75%    730.00   762.00   730.00   760.00      776.00   807.00   776.00   800.00    +40.00    +5.26%
      13              12  8028      昇陽半導體                31.00          0.00    33.73%    256.50   272.50   253.00   269.00      277.00   281.00   275.50   280.00    +11.00    +4.09%
      14              10  1303      南亞                   10.50          0.00    32.99%    225.50   238.50   223.00   238.00      256.00   261.50   250.50   254.00    +16.00    +6.72%
      15              17  3094      聯傑                    0.00          0.00    32.87%     53.60    57.80    53.50    54.30       61.80    67.70    61.70    67.70    +13.40   +24.68%
      16              20  4919      新唐                   13.50          0.00    32.61%    132.00   138.50   130.00   136.00      140.50   152.00   139.00   152.00    +16.00   +11.76%
      17              11  6691      洋基工程                100.00         13.00    32.23%    639.00   668.00   636.00   667.00      727.00   748.00   719.00   733.00    +66.00    +9.90%
      18              18  5292      華懋                   11.50          0.00    31.37%    217.00   218.00   215.50   217.50      228.50   240.00   228.50   237.00    +19.50    +8.97%
      19              22  3189      景碩                  111.00          0.00    31.36%    938.00   996.00   929.00   962.00      976.00  1020.00   964.00  1010.00    +48.00    +4.99%
      20              24  6933      AMAX-KY              58.50          0.00    31.11%    367.50   385.00   355.00   385.00      370.00   404.50   369.50   394.50     +9.50    +2.47%
      21              32  7795      長廣                   48.00          0.00    30.70%    488.50   495.50   483.50   490.50      490.50   536.00   483.00   536.00    +45.50    +9.28%
      22              16  8150      南茂                   10.00          0.00    30.24%    106.00   114.00   105.00   112.00      113.00   116.00   109.50   115.50     +3.50    +3.12%
      23              26  3701      大眾控                   0.00          0.00    29.95%     41.25    41.65    40.90    41.25       46.25    50.40    43.90    50.40     +9.15   +22.18%
      24              21  6196      帆宣                   74.00         21.00    29.49%    547.00   566.00   541.00   565.00      588.00   602.00   579.00   602.00    +37.00    +6.55%
      25              19  2466      冠西電                  11.00          0.00    28.74%    113.50   120.50   113.00   119.50      128.00   136.00   127.00   128.50     +9.00    +7.53%
      26              27  3026      禾伸堂                 103.00         14.00    28.72%    768.00   820.00   765.00   810.00      796.00   870.00   796.00   852.00    +42.00    +5.19%
      27              36  7730      暉盛-創                 15.00          0.00    28.51%    171.00   172.00   171.00   172.00      180.00   197.00   180.00   194.50    +22.50   +13.08%
      28              29  6155      鈞寶                    0.00          0.00    28.26%     56.20    61.50    55.60    60.20       64.20    69.60    64.20    69.60     +9.40   +15.61%
      29              28  3311      閎暉                    0.00          0.00    28.26%     36.90    38.65    36.65    38.05       42.35    45.15    42.10    45.15     +7.10   +18.66%
      30              25  3167      大量                  147.00         62.00    27.67%    889.00   968.00   871.00   949.00      908.00   975.00   908.00   975.00    +26.00    +2.74%
      31              30  4545      銘鈺                    0.00          0.00    27.04%     32.65    33.30    32.65    33.10       39.10    40.75    38.50    39.40     +6.30   +19.03%
      32              23  6861      睿生光電                 28.50         21.50    26.89%    266.50   290.00   266.00   279.50      317.50   324.50   288.00   292.00    +12.50    +4.47%
      33              31  3673      TPK-KY                0.00          0.00    26.79%     64.60    65.90    64.20    65.60       73.70    75.80    71.70    73.30     +7.70   +11.74%
      34              43  6834      天二科技                 10.50          0.00    26.78%    112.00   117.50   112.00   116.00      110.00   119.50   110.00   119.50     +3.50    +3.02%
      35              37  2033      佳大                    0.00          0.00    26.33%     37.65    38.30    35.50    36.80       45.10    46.55    44.00    46.55     +9.75   +26.49%
      36              35  6257      矽格                   17.50          0.00    26.23%    246.00   250.50   236.50   243.00      251.00   259.00   249.00   256.50    +13.50    +5.56%
      37              57  6449      鈺邦                   20.50          0.00    26.01%    212.00   212.50   208.50   209.50      211.50   230.00   211.50   230.00    +20.50    +9.79%
      38              34  3149      正達                    0.00          0.00    25.66%     62.80    64.20    62.50    63.30       74.30    76.10    72.20    74.30    +11.00   +17.38%
      39              48  6414      樺漢                   34.50          0.00    25.57%    371.00   376.00   367.50   374.00      392.50   405.00   388.00   402.50    +28.50    +7.62%
      40              33  2404      漢唐                  120.00         65.00    25.54%   1255.00  1285.00  1205.00  1285.00     1280.00  1315.00  1270.00  1305.00    +20.00    +1.56%
==========================================================================================================================================================================
✅ 共 40 筆
