
██████████████████████████████████████████████████████████████████████████████████████████████████████████████
  📅 天數組合: 3 日  →  輸出檔: q14_03.txt
██████████████████████████████████████████████████████████████████████████████████████████████████████████████

🔁 共執行 3 次，每次區間長度 4 個交易日

══════════════════════════════════════════════════════════════════════════════════════════════════════════════
  🔄 第  1/3 次  2026/10/01 ～ 2026/10/06
══════════════════════════════════════════════════════════════════════════════════════════════════════════════

==========================================================================================================================================================================
📊 ROI 每日報酬率累計排名 (2026/10/01 ~ 2026/10/06)
==========================================================================================================================================================================
    實資排名          累計天數排名  代號        名稱                 累計漲停(元)       累計跌停(元)       強度%  (10/01)開盤      最高      最低      收盤    (10/06)開盤      最高      最低      收盤      賺賠    賺賠率
--------------------------------------------------------------------------------------------------------------------------------------------------------------------------
       1               1  5205      中茂                    0.00          0.00   100.00%     20.75    20.75    20.75    20.75       27.55    27.55    27.55    27.55     +6.80   +32.77%
       2               5  6708      天擎                    0.00          0.00    93.83%     56.80    56.80    54.90    56.80       75.40    75.40    69.50    72.90    +16.10   +28.35%
       3               7  3441      聯一光                  44.00          0.00    90.47%    189.00   202.50   189.00   202.50      238.00   255.00   238.00   255.00    +52.50   +25.93%
       4              12  6716      應廣                   25.00          0.00    88.13%    114.50   117.50   113.00   117.50      145.00   146.00   139.50   146.00    +28.50   +24.26%
       5              15  4556      旭然                   23.00          0.00    86.76%    108.00   111.50    98.30   111.50      124.50   138.00   123.50   137.50    +26.00   +23.32%
       6              11  5432      新門                   31.00          0.00    86.70%    160.50   165.50   158.00   158.50      192.00   195.50   185.50   195.50    +37.00   +23.34%
       7              24  4716      大立                    0.00          0.00    84.23%     16.95    17.60    16.70    17.25       20.95    20.95    20.95    20.95     +3.70   +21.45%
       8              18  6461      益得                    0.00          0.00    84.12%     24.20    24.40    23.75    24.05       27.20    29.30    27.20    29.20     +5.15   +21.41%
       9               9  6187      萬潤                  260.00          0.00    82.38%   1300.00  1325.00  1260.00  1275.00     1500.00  1590.00  1445.00  1535.00   +260.00   +20.39%
      10             151  3597      映興                    0.00          0.00    80.87%     28.10    28.10    27.60    28.10       33.45    33.45    33.45    33.45     +5.35   +19.04%
      11             125  3564      其陽                    0.00          0.00    80.33%     50.90    51.20    50.00    51.00       60.40    61.60    56.40    60.50     +9.50   +18.63%
      12             137  8111      立碁                    0.00          0.00    79.91%     79.30    80.50    78.00    78.00       98.90    99.70    90.60    92.30    +14.30   +18.33%
      13             160  4174      浩鼎                    0.00          0.00    79.26%     43.10    43.10    43.10    43.10       46.15    50.80    45.85    50.80     +7.70   +17.87%
      14             161  5011      久陽                    0.00          0.00    77.17%     18.90    18.90    18.45    18.60       23.85    23.85    20.25    21.65     +3.05   +16.40%
      15             163  4760      勤凱                   60.00         13.50    76.80%    267.00   288.50   267.00   288.50      335.00   356.00   320.00   335.00    +46.50   +16.12%
      16              22  5452      佶優                    0.00          0.00    76.60%     27.40    27.60    27.05    27.45       30.40    32.80    30.05    32.00     +4.55   +16.58%
      17              75  5228      鈺鎧                    0.00          0.00    76.43%     39.90    43.70    39.90    43.70       48.70    52.20    48.15    50.80     +7.10   +16.25%
      18              27  4707      磐亞                    0.00          0.00    75.73%     30.35    30.85    28.70    28.70       30.35    33.25    30.30    33.25     +4.55   +15.85%
      19              92  3491      昇達科                 230.00          0.00    74.62%   1510.00  1510.00  1450.00  1490.00     1710.00  1755.00  1645.00  1715.00   +225.00   +15.10%
      20             121  6274      台燿                  245.00         25.00    73.55%   1530.00  1540.00  1500.00  1535.00     1775.00  1775.00  1680.00  1755.00   +220.00   +14.33%
      21              25  4711      永純                    0.00          0.00    73.21%     16.70    16.75    16.05    16.15       16.80    18.45    16.80    18.45     +2.30   +14.24%
      22             169  3114      好德                    0.00          0.00    72.93%     34.60    38.05    34.60    36.05       47.95    47.95    40.00    40.85     +4.80   +13.31%
      23              20  3284      太普高                   0.00          0.00    72.62%     19.85    20.10    19.50    19.65       21.70    22.40    21.05    22.40     +2.75   +13.99%
      24             176  5013      強新                    0.00          0.00    71.87%     42.60    42.60    42.60    42.60       56.40    56.40    46.35    47.95     +5.35   +12.56%
      25              55  4706      大恭                    0.00          0.00    71.80%     34.30    34.65    34.25    34.65       38.40    39.25    36.10    39.25     +4.60   +13.28%
      26             130  4908      前鼎                   30.00          0.00    71.42%    208.00   209.00   204.00   204.50      236.50   237.00   225.00   231.00    +26.50   +12.96%
      27             138  7556      意德士                  37.50          0.00    70.83%    268.00   268.00   261.00   262.50      309.00   314.00   288.00   295.50    +33.00   +12.57%
      28              16  6223      旺矽                  640.00          0.00    70.57%   5130.00  5185.00  4995.00  5030.00     5530.00  5725.00  5425.00  5670.00   +640.00   +12.72%
      29             124  3297      杭特                    0.00          0.00    70.02%     32.80    33.00    31.50    31.50       33.00    35.30    33.00    35.30     +3.80   +12.06%
      30              48  6983      華洋精機                 35.50          0.00    69.68%    351.50   364.00   350.00   353.00      375.50   395.00   360.50   395.00    +42.00   +11.90%
      31              47  3268      海德威                   0.00          0.00    69.29%     21.80    21.80    21.50    21.60       23.50    24.75    23.40    24.15     +2.55   +11.81%
      32             101  6488      環球晶                 130.00         10.00    68.41%   1055.00  1135.00  1045.00  1085.00     1175.00  1260.00  1145.00  1205.00   +120.00   +11.06%
      33              43  3707      漢磊                    0.00          0.00    68.28%     76.00    78.50    75.60    77.50       87.20    87.50    83.10    86.00     +8.50   +10.97%
      34             113  8086      宏捷科                   0.00          0.00    67.96%    114.50   116.50   111.50   115.00      128.50   130.00   124.00   127.50    +12.50   +10.87%
      35             150  8437      大地-KY                 0.00          0.00    67.11%     10.10    10.65    10.10    10.60       11.00    12.10    10.85    11.70     +1.10   +10.38%
      36             184  3105      穩懋                   77.00         23.00    67.10%    546.00   546.00   529.00   538.00      615.00   623.00   588.00   592.00    +54.00   +10.04%
      37             171  6174      安碁                    0.00          0.00    66.94%     45.80    50.00    45.45    50.00       58.50    58.50    54.50    54.50     +4.50    +9.00%
      38              37  3466      德晉                    0.00          0.00    66.67%     23.90    24.00    23.70    23.75       24.65    26.70    24.60    26.15     +2.40   +10.11%
      39             177  3081      聯亞                  340.00         80.00    66.57%   2690.00  2720.00  2605.00  2660.00     3015.00  3055.00  2915.00  2920.00   +260.00    +9.77%
      40              80  6156      松上                    0.00          0.00    66.35%     21.80    22.35    21.75    21.75       22.45    24.45    22.10    23.90     +2.15    +9.89%
==========================================================================================================================================================================
✅ 共 40 筆


══════════════════════════════════════════════════════════════════════════════════════════════════════════════
  🔄 第  2/3 次  2026/09/30 ～ 2026/10/05
══════════════════════════════════════════════════════════════════════════════════════════════════════════════

==========================================================================================================================================================================
📊 ROI 每日報酬率累計排名 (2026/09/30 ~ 2026/10/05)
==========================================================================================================================================================================
    實資排名          累計天數排名  代號        名稱                 累計漲停(元)       累計跌停(元)       強度%  (09/30)開盤      最高      最低      收盤    (10/05)開盤      最高      最低      收盤      賺賠    賺賠率
--------------------------------------------------------------------------------------------------------------------------------------------------------------------------
       1               1  6174      安碁                    0.00          0.00   100.00%     45.35    46.20    44.65    45.50       60.50    60.50    60.50    60.50    +15.00   +32.97%
       2               2  5013      強新                    0.00          0.00    99.91%     38.50    38.75    38.05    38.75       51.50    51.50    51.50    51.50    +12.75   +32.90%
       3               4  4760      勤凱                   86.00          0.00    99.71%    264.00   264.50   260.00   262.50      348.50   348.50   348.50   348.50    +86.00   +32.76%
       4               5  6708      天擎                    0.00          0.00    99.61%     51.70    51.70    51.70    51.70       68.60    68.60    68.50    68.60    +16.90   +32.69%
       5               7  5205      中茂                    0.00          0.00    99.41%     17.30    18.90    17.30    18.90       23.50    25.05    23.00    25.05     +6.15   +32.54%
       6               6  4905      台聯電                   0.00          0.00    91.61%     77.20    77.70    76.00    76.50       95.20   101.50    95.20    97.10    +20.60   +26.93%
       7               8  3114      好德                    0.00          0.00    90.34%     35.80    35.80    33.90    34.60       42.70    43.60    42.05    43.60     +9.00   +26.01%
       8              10  3441      聯一光                  39.00          0.00    89.95%    184.50   187.00   181.50   184.50      215.00   232.00   215.00   232.00    +47.50   +25.75%
       9              14  4556      旭然                   21.00          0.00    87.00%     93.70   101.50    93.70   101.50      117.00   125.50   114.50   125.50    +24.00   +23.65%
      10              12  8289      泰藝                    0.00          0.00    86.54%     46.25    46.95    45.70    46.40       57.90    61.70    56.90    57.20    +10.80   +23.28%
      11              18  3259      鑫創                    0.00          0.00    84.83%      9.60    10.65     8.90    10.65       12.85    13.40    12.85    13.00     +2.35   +22.07%
      12              20  3564      其陽                    0.00          0.00    84.69%     50.80    51.40    50.50    50.60       61.70    61.70    61.70    61.70    +11.10   +21.94%
      13              28  3236      千如                    0.00          0.00    83.63%     44.60    45.15    44.05    44.15       54.00    57.70    52.50    53.50     +9.35   +21.18%
      14              81  5228      鈺鎧                    0.00          0.00    82.16%     39.45    40.55    39.40    39.75       52.00    52.80    47.45    47.75     +8.00   +20.13%
      15             113  5011      久陽                    0.00          0.00    81.14%     18.90    19.25    18.80    18.80       21.60    22.45    21.60    22.45     +3.65   +19.41%
      16             135  8111      立碁                    0.00          0.00    80.48%     80.40    81.20    78.90    79.30       90.40    94.30    86.50    94.30    +15.00   +18.92%
      17             160  4174      浩鼎                    0.00          0.00    79.02%     39.00    39.20    38.55    39.20       45.00    46.20    43.10    46.20     +7.00   +17.86%
      18              22  6274      台燿                  260.00          0.00    77.34%   1500.00  1550.00  1485.00  1520.00     1695.00  1780.00  1680.00  1780.00   +260.00   +17.11%
      19              17  6716      應廣                   12.00          0.00    76.61%    116.00   116.50   114.00   114.00      123.50   133.00   120.50   133.00    +19.00   +16.67%
      20             177  6877      鏵友益                  26.00          0.00    75.65%    129.00   129.00   124.00   126.00      153.50   153.50   140.00   145.50    +19.50   +15.48%
      21              21  8358      金居                   75.00          0.00    74.35%    509.00   515.00   495.00   495.00      534.00   570.00   526.00   570.00    +75.00   +15.15%
      22              97  6488      環球晶                 155.00         10.00    72.75%    966.00  1035.00   953.00  1035.00     1220.00  1235.00  1175.00  1180.00   +145.00   +14.01%
      23             166  6187      萬潤                  215.00         35.00    72.58%   1375.00  1420.00  1275.00  1310.00     1400.00  1490.00  1390.00  1490.00   +180.00   +13.74%
      24             109  3105      穩懋                   77.00          0.00    71.92%    509.00   542.00   509.00   542.00      614.00   630.00   604.00   615.00    +73.00   +13.47%
      25             112  7556      意德士                  37.50          0.00    71.86%    272.00   272.00   264.50   264.50      275.50   300.00   275.50   300.00    +35.50   +13.42%
      26             139  4908      前鼎                   30.00          0.00    71.68%    210.50   212.00   205.50   207.00      234.00   242.00   228.00   234.50    +27.50   +13.29%
      27              33  4716      大立                    0.00          0.00    71.22%     17.05    17.05    16.75    16.85       19.05    19.65    18.35    19.05     +2.20   +13.06%
      28             153  3147      大綜                   34.50          0.00    71.14%    245.50   250.00   243.50   243.50      264.50   275.00   257.00   275.00    +31.50   +12.94%
      29              44  3707      漢磊                    0.00          0.00    70.68%     72.50    77.30    71.70    75.70       87.80    91.70    84.80    85.30     +9.60   +12.68%
      30              36  8086      宏捷科                   0.00          0.00    70.43%    111.00   116.00   111.00   114.50      125.00   132.00   120.50   129.00    +14.50   +12.66%
      31             115  6127      九豪                    0.00          0.00    69.37%     52.00    52.30    50.00    51.70       59.40    60.50    56.70    57.80     +6.10   +11.80%
      32              30  6640      均華                  125.00          0.00    69.34%   1065.00  1090.00  1030.00  1040.00     1140.00  1195.00  1120.00  1165.00   +125.00   +12.02%
      33              72  3362      先進光                  15.50          0.00    69.05%    173.00   173.50   171.00   171.00      178.00   193.00   178.00   191.00    +20.00   +11.70%
      34              31  5355      佳總                    0.00          0.00    68.75%      7.00     7.09     7.00     7.05        7.39     8.14     7.39     7.87     +0.82   +11.63%
      35             149  3081      聯亞                  340.00         35.00    68.66%   2700.00  2730.00  2665.00  2695.00     3000.00  3105.00  2900.00  3000.00   +305.00   +11.32%
      36             130  5432      新門                   13.50          0.00    68.36%    162.00   162.50   159.50   160.00      170.00   179.00   164.50   178.00    +18.00   +11.25%
      37              58  8074      鉅橡                    0.00          0.00    68.17%     51.20    51.80    51.10    51.60       57.90    58.30    56.10    57.30     +5.70   +11.05%
      38             125  8091      翔名                   21.50          0.00    67.52%    221.50   223.00   215.50   217.00      246.00   246.50   234.50   240.00    +23.00   +10.60%
      39              52  1815      富喬                    0.00          0.00    67.45%    117.00   117.50   116.00   116.00      124.50   128.50   123.50   128.50    +12.50   +10.78%
      40             107  3163      波若威                  62.00          0.00    66.94%    658.00   664.00   643.00   643.00      722.00   725.00   707.00   709.00    +66.00   +10.26%
==========================================================================================================================================================================
✅ 共 40 筆


══════════════════════════════════════════════════════════════════════════════════════════════════════════════
  🔄 第  3/3 次  2026/09/29 ～ 2026/10/02
══════════════════════════════════════════════════════════════════════════════════════════════════════════════

==========================================================================================================================================================================
📊 ROI 每日報酬率累計排名 (2026/09/29 ~ 2026/10/02)
==========================================================================================================================================================================
    實資排名          累計天數排名  代號        名稱                 累計漲停(元)       累計跌停(元)       強度%  (09/29)開盤      最高      最低      收盤    (10/02)開盤      最高      最低      收盤      賺賠    賺賠率
--------------------------------------------------------------------------------------------------------------------------------------------------------------------------
       1               1  5013      強新                    0.00          0.00   100.00%     34.70    35.25    32.95    35.25       46.85    46.85    46.85    46.85    +11.60   +32.91%
       2               6  6708      天擎                    0.00          0.00    99.61%     47.05    47.05    47.05    47.05       62.00    62.40    59.90    62.40    +15.35   +32.62%
       3               8  3259      鑫創                    0.00          0.00    99.21%      9.63     9.71     9.63     9.71       12.85    12.85    12.85    12.85     +3.14   +32.34%
       4              10  6488      環球晶                 245.00          0.00    90.24%    940.00   964.00   930.00   945.00     1090.00  1190.00  1075.00  1190.00   +245.00   +25.93%
       5              12  4556      旭然                   10.00          0.00    87.49%     92.10    97.40    92.10    92.40      111.50   122.50   109.50   114.50    +22.10   +23.92%
       6              21  5228      鈺鎧                    0.00          0.00    84.99%     39.80    40.10    39.35    39.35       46.35    48.05    45.20    48.05     +8.70   +22.11%
       7              22  6174      安碁                    0.00          0.00    84.96%     45.70    47.25    44.90    45.05       54.90    55.00    54.10    55.00     +9.95   +22.09%
       8              25  4760      勤凱                   54.50          0.00    84.72%    268.00   268.00   259.50   260.00      302.00   317.00   302.00   317.00    +57.00   +21.92%
       9              28  8289      泰藝                    0.00          0.00    84.60%     46.00    47.40    45.30    46.05       53.80    56.10    53.50    56.10    +10.05   +21.82%
      10              66  3236      千如                    0.00          0.00    83.58%     43.60    45.30    43.10    44.10       51.40    53.40    51.40    53.40     +9.30   +21.09%
      11               5  5205      中茂                    0.00          0.00    82.91%        --       --       --       --       22.40    22.80    22.30    22.80        --        --
      12             108  4905      台聯電                   0.00          0.00    82.90%     77.00    78.10    76.40    76.70       85.60    92.50    84.00    92.50    +15.80   +20.60%
      13             107  3105      穩懋                  102.00          0.00    81.88%    496.50   498.50   484.50   493.00      574.00   591.00   572.00   591.00    +98.00   +19.88%
      14             131  6485      點序                    0.00          0.00    81.29%     68.00    70.30    67.70    70.00       85.10    86.20    80.00    83.60    +13.60   +19.43%
      15             165  6877      鏵友益                  26.00          0.00    80.29%    122.50   130.00   122.50   128.00      152.00   152.00   150.00   152.00    +24.00   +18.75%
      16             159  4174      浩鼎                    0.00          0.00    79.02%     32.65    35.65    32.45    35.65       45.60    45.60    40.10    42.00     +6.35   +17.81%
      17              14  5483      中美晶                  28.50          0.00    77.49%    187.00   192.00   186.00   189.00      210.50   229.50   209.50   221.50    +32.50   +17.20%
      18              13  3707      漢磊                    0.00          0.00    77.01%     72.50    74.50    72.30    72.90       77.50    85.20    76.30    85.20    +12.30   +16.87%
      19              18  5016      松和                    0.00          0.00    74.71%     24.80    24.80    24.80    24.80       28.45    29.40    28.10    28.60     +3.80   +15.32%
      20               7  4609      唐鋒                    0.00          0.00    73.73%        --       --       --       --        4.86     4.86     4.76     4.76        --        --
      21              27  6127      九豪                    0.00          0.00    73.48%     48.45    51.70    47.90    51.00       57.00    59.60    55.80    58.40     +7.40   +14.51%
      22              44  2061      風青                    0.00          0.00    72.95%     54.40    59.40    54.30    59.40       60.80    67.80    60.00    67.80     +8.40   +14.14%
      23             125  3441      聯一光                  18.00          0.00    72.86%    177.50   185.00   176.00   185.00      210.00   222.50   207.00   211.00    +26.00   +14.05%
      24             136  6821      聯寶                    0.00          0.00    72.00%     40.60    41.10    40.40    40.95       43.00    46.45    43.00    46.45     +5.50   +13.43%
      25             164  3114      好德                    0.00          0.00    71.77%     35.00    36.50    34.55    35.00       36.75    39.65    35.35    39.65     +4.65   +13.29%
      26              39  5328      華容                    0.00          0.00    71.22%     52.20    53.70    51.80    52.30       57.50    60.80    56.50    59.10     +6.80   +13.00%
      27             112  4991      環宇-KY                62.00          0.00    70.57%    455.00   493.00   455.00   474.50      509.00   534.00   498.50   534.00    +59.50   +12.54%
      28             187  3490      單井                    0.00          0.00    70.46%     44.85    46.45    44.85    45.10       50.80    51.40    46.80    50.70     +5.60   +12.42%
      29              53  8182      加高                    0.00          0.00    70.41%     41.25    42.60    41.00    41.20       44.70    48.65    44.50    46.40     +5.20   +12.62%
      30             183  6432      今展科                   0.00          0.00    70.13%     59.10    61.00    59.10    59.50       67.20    70.50    64.60    66.60     +7.10   +11.93%
      31             109  5015      華祺                    0.00          0.00    70.00%     21.50    21.60    21.10    21.35       22.10    23.95    22.10    23.95     +2.60   +12.18%
      32             132  4716      大立                    0.00          0.00    69.92%     17.00    17.00    16.80    16.90       17.25    18.95    17.15    18.95     +2.05   +12.13%
      33              52  8074      鉅橡                    0.00          0.00    69.71%     51.80    51.80    50.40    50.80       51.90    56.90    51.90    56.90     +6.10   +12.01%
      34             110  6144      得利影                   0.00          0.00    69.62%     12.55    12.65    12.40    12.55       13.65    14.05    12.95    14.05     +1.50   +11.95%
      35             180  6182      合晶                   12.00          0.00    69.20%    119.50   124.50   117.00   121.00      131.00   140.00   128.50   135.00    +14.00   +11.57%
      36             147  5498      凱崴                    0.00          0.00    69.05%     49.90    50.30    49.45    49.85       50.90    55.60    50.80    55.60     +5.75   +11.53%
      37              81  3564      其陽                    0.00          0.00    68.66%     49.75    50.70    49.75    50.40       51.80    56.10    50.80    56.10     +5.70   +11.31%
      38              77  3581      博磊                   10.50          0.00    68.59%    103.00   109.00   102.50   106.50      115.50   122.00   115.50   118.50    +12.00   +11.27%
      39             128  6423      億而得                   0.00          0.00    68.45%     88.00    88.00    85.70    85.90      103.50   103.50    95.50    95.50     +9.60   +11.18%
      40             190  6532      瑞耘                   10.50          0.00    68.44%     99.80   108.00    99.60   108.00      123.00   123.50   117.50   120.00    +12.00   +11.11%
==========================================================================================================================================================================
✅ 共 40 筆
