
██████████████████████████████████████████████████████████████████████████████████████████████████████████████
  📅 天數組合: 5 日  →  輸出檔: s12_05.txt
██████████████████████████████████████████████████████████████████████████████████████████████████████████████

🔁 共執行 5 次，每次區間長度 5 個交易日

══════════════════════════════════════════════════════════════════════════════════════════════════════════════
  🔄 第  1/5 次  2026/09/29 ～ 2026/10/06
══════════════════════════════════════════════════════════════════════════════════════════════════════════════

==========================================================================================================================================================================
📊 累計漲跌停強度排名 (2026/09/29 ~ 2026/10/06)
==========================================================================================================================================================================
    實資排名        累計天數排名  代號        名稱                 累計漲停(元)       累計跌停(元)       強度%  (09/29)開盤      最高      最低      收盤    (10/06)開盤      最高      最低      收盤      賺賠    賺賠率
--------------------------------------------------------------------------------------------------------------------------------------------------------------------------
       1            57  2383      台光電                1075.00        130.00    12.84%   4910.00  5055.00  4870.00  4920.00     6040.00  6115.00  5820.00  5995.00  +1075.00   +21.85%
       2            11  2059      川湖                 1520.00        770.00    10.19%  12350.00 12550.00 11900.00 12115.00    13500.00 13500.00 12845.00 13100.00   +985.00    +8.13%
       3            24  3008      大立光                 910.00        300.00     8.29%   6100.00  6205.00  5940.00  6020.00     6800.00  6915.00  6705.00  6855.00   +835.00   +13.87%
       4            68  3661      世芯-KY               495.00         85.00     5.57%   3750.00  3795.00  3675.00  3685.00     4000.00  4240.00  3850.00  4180.00   +495.00   +13.43%
       5            30  6515      穎崴                  690.00        410.00     3.81%   5720.00  5765.00  5650.00  5675.00     6220.00  6285.00  6060.00  6130.00   +455.00    +8.02%
       6            91  8046      南電                  265.00          0.00     3.60%   1210.00  1280.00  1200.00  1270.00     1500.00  1520.00  1485.00  1505.00   +235.00   +18.50%
       7            48  7769      鴻勁                  415.00        180.00     3.19%   5605.00  5795.00  5570.00  5585.00     5940.00  6115.00  5815.00  5905.00   +320.00    +5.73%
       8            84  6213      聯茂                  189.00          0.00     2.57%    620.00   628.00   588.00   620.00      797.00   818.00   762.00   787.00   +167.00   +26.94%
       9           102  3533      嘉澤                  185.00         10.00     2.38%   1680.00  1765.00  1680.00  1710.00     1905.00  1925.00  1860.00  1865.00   +155.00    +9.06%
      10           109  6669      緯穎                  225.00         50.00     2.38%   2105.00  2125.00  2085.00  2100.00     2200.00  2335.00  2185.00  2290.00   +190.00    +9.05%
      11            41  3653      健策                  480.00        320.00     2.17%   7000.00  7160.00  6850.00  6895.00     7185.00  7280.00  7050.00  7080.00   +185.00    +2.68%
      12           100  2368      金像電                 180.00         25.00     2.11%   1100.00  1125.00  1070.00  1120.00     1220.00  1295.00  1200.00  1260.00   +140.00   +12.50%
      13            57  2345      智邦                  300.00        145.00     2.11%   1845.00  1880.00  1800.00  1810.00     2080.00  2105.00  2035.00  2050.00   +240.00   +13.26%
      14            83  2308      台達電                 235.00         95.00     1.90%   1880.00  1950.00  1810.00  1835.00     2045.00  2115.00  2010.00  2050.00   +215.00   +11.72%
      15           127  3406      玉晶光                 165.00         29.00     1.85%    890.00   893.00   869.00   882.00     1085.00  1095.00  1020.00  1045.00   +163.00   +18.48%
      16            41  3017      奇鋐                  355.00        225.00     1.77%   3420.00  3460.00  3285.00  3400.00     3650.00  3700.00  3515.00  3685.00   +285.00    +8.38%
      17           151  3037      欣興                  160.00         35.00     1.70%   1170.00  1185.00  1130.00  1165.00     1335.00  1340.00  1285.00  1310.00   +145.00   +12.45%
      18            84  6442      光聖                  225.00        105.00     1.63%   1530.00  1545.00  1490.00  1500.00     1705.00  1710.00  1640.00  1650.00   +150.00   +10.00%
      19           105  6691      洋基工程                132.00         13.00     1.62%    657.00   665.00   645.00   654.00      794.00   794.00   769.00   787.00   +133.00   +20.34%
      20           113  6672      騰輝電子-KY             115.50          0.00     1.57%    330.50   335.50   321.00   335.50      456.00   459.50   435.00   459.50   +124.00   +36.96%
      21           101  3189      景碩                  140.00         25.00     1.56%    960.00   969.00   939.00   955.00     1095.00  1105.00  1055.00  1070.00   +115.00   +12.04%
      22            90  6957      裕慶-KY               110.00          0.00     1.49%    334.50   337.50   307.50   337.50      417.50   417.50   391.00   404.00    +66.50   +19.70%
      23            85  2330      台積電                 115.00         10.00     1.43%   2475.00  2495.00  2475.00  2475.00     2575.00  2590.00  2565.00  2585.00   +110.00    +4.44%
      24           135  6196      帆宣                  135.00         37.00     1.33%    554.00   554.00   537.00   544.00      684.00   684.00   649.00   663.00   +119.00   +21.88%
      25            80  4958      臻鼎-KY                89.00          0.00     1.21%    479.00   499.50   472.50   498.50      588.00   604.00   572.00   574.00    +75.50   +15.15%
      26           108  7711      永擎                   94.00         14.00     1.09%    540.00   553.00   537.00   546.00      640.00   655.00   612.00   620.00    +74.00   +13.55%
      27           126  5434      崇越                   80.00          0.00     1.09%    539.00   545.00   538.00   540.00      620.00   633.00   613.00   619.00    +79.00   +14.63%
      28            72  7788      松川精密                 75.00          0.00     1.02%    290.50   296.00   287.00   287.50      339.50   365.50   335.00   365.50    +78.00   +27.13%
      29            98  2492      華新科                  83.00          9.50     1.00%    313.00   321.00   299.00   302.00      370.00   395.00   362.50   389.50    +87.50   +28.97%
      30           120  7795      長廣                   71.00          0.00     0.96%    480.00   502.00   480.00   496.00      567.00   567.00   535.00   555.00    +59.00   +11.90%
      31           117  3583      辛耘                   70.00          0.00     0.95%    698.00   721.00   698.00   713.00      758.00   777.00   741.00   762.00    +49.00    +6.87%
      32           126  6944      兆聯實業                 68.00          0.00     0.92%    763.00   795.00   760.00   776.00      823.00   832.00   814.00   826.00    +50.00    +6.44%
      33            43  8021      尖點                   67.00          0.00     0.91%    475.50   481.50   470.00   480.00      566.00   584.00   557.00   561.00    +81.00   +16.88%
      34            58  8996      高力                  160.00         95.00     0.88%   1505.00  1625.00  1480.00  1585.00     1600.00  1600.00  1540.00  1600.00    +15.00    +0.95%
      35           100  3167      大量                  127.00         62.00     0.88%    936.00   946.00   895.00   903.00     1010.00  1020.00   970.00  1020.00   +117.00   +12.96%
      36            62  6533      晶心科                  90.50         30.50     0.82%    272.50   303.50   268.00   303.50      336.00   348.00   326.00   345.00    +41.50   +13.67%
      37            48  2360      致茂                  270.00        215.00     0.75%   2255.00  2325.00  2160.00  2185.00     2330.00  2370.00  2275.00  2350.00   +165.00    +7.55%
      38            52  7822      倍利科                  78.00         24.00     0.73%    930.00   986.00   925.00   976.00     1005.00  1025.00   976.00   976.00     +0.00    +0.00%
      39           153  2466      冠西電                  53.00          0.00     0.72%    119.50   119.50   112.50   113.50      160.00   170.50   157.50   170.50    +57.00   +50.22%
      40            57  7799      禾榮科                  64.50         12.00     0.71%    496.00   510.00   490.00   490.50      537.00   545.00   531.00   531.00    +40.50    +8.26%
==========================================================================================================================================================================
✅ 共 40 筆


══════════════════════════════════════════════════════════════════════════════════════════════════════════════
  🔄 第  2/5 次  2026/09/24 ～ 2026/10/05
══════════════════════════════════════════════════════════════════════════════════════════════════════════════

==========================================================================================================================================================================
📊 累計漲跌停強度排名 (2026/09/24 ~ 2026/10/05)
==========================================================================================================================================================================
    實資排名        累計天數排名  代號        名稱                 累計漲停(元)       累計跌停(元)       強度%  (09/24)開盤      最高      最低      收盤    (10/05)開盤      最高      最低      收盤      賺賠    賺賠率
--------------------------------------------------------------------------------------------------------------------------------------------------------------------------
       1            14  2059      川湖                 1520.00        555.00    11.51%  12400.00 12640.00 12185.00 12350.00    12500.00 13355.00 12450.00 13355.00  +1005.00    +8.14%
       2            37  3653      健策                  990.00        195.00     9.48%   6560.00  6920.00  6215.00  6920.00     6800.00  7440.00  6760.00  7205.00   +285.00    +4.12%
       3            70  2383      台光電                 810.00        130.00     8.11%   5025.00  5170.00  4980.00  5050.00     5630.00  5700.00  5600.00  5700.00   +650.00   +12.87%
       4            27  3008      大立光                 840.00        300.00     6.44%   6105.00  6310.00  6080.00  6245.00     6490.00  6850.00  6460.00  6730.00   +485.00    +7.77%
       5            77  8046      南電                  285.00          0.00     3.40%   1210.00  1270.00  1190.00  1240.00     1460.00  1550.00  1445.00  1495.00   +255.00   +20.56%
       6            11  3443      創意                  955.00        740.00     2.56%   8300.00  8545.00  8205.00  8525.00     8150.00  8690.00  8150.00  8600.00    +75.00    +0.88%
       7            25  6515      穎崴                  690.00        480.00     2.50%   5995.00  5995.00  5790.00  5850.00     6115.00  6280.00  6015.00  6205.00   +355.00    +6.07%
       8            83  6213      聯茂                  207.00          0.00     2.47%    595.00   595.00   592.00   595.00      690.00   751.00   682.00   751.00   +156.00   +26.22%
       9            95  3189      景碩                  196.00          0.00     2.34%    938.00   996.00   929.00   962.00     1055.00  1150.00  1030.00  1095.00   +133.00   +13.83%
      10            99  3661      世芯-KY               275.00         85.00     2.27%   3730.00  3785.00  3715.00  3770.00     3875.00  4000.00  3870.00  3950.00   +180.00    +4.77%
      11           102  6442      光聖                  240.00         50.00     2.27%   1510.00  1535.00  1485.00  1530.00     1675.00  1755.00  1620.00  1705.00   +175.00   +11.44%
      12            72  3533      嘉澤                  185.00          0.00     2.21%   1660.00  1735.00  1660.00  1690.00     1860.00  1895.00  1850.00  1875.00   +185.00   +10.95%
      13            46  2345      智邦                  300.00        120.00     2.15%   1880.00  1905.00  1855.00  1895.00     2070.00  2110.00  2015.00  2075.00   +180.00    +9.50%
      14           148  3037      欣興                  185.00         20.00     1.97%   1155.00  1190.00  1145.00  1185.00     1325.00  1420.00  1310.00  1325.00   +140.00   +11.81%
      15           126  6672      騰輝電子-KY             146.00          0.00     1.74%    315.00   337.50   315.00   337.50      444.00   457.50   435.00   451.00   +113.50   +33.63%
      16            98  3406      玉晶光                 165.00         19.00     1.74%    901.00   911.00   885.00   901.00      971.00  1055.00   971.00  1055.00   +154.00   +17.09%
      17            24  3665      貿聯-KY               255.00        110.00     1.73%   2410.00  2470.00  2285.00  2340.00     2560.00  2560.00  2445.00  2485.00   +145.00    +6.20%
      18           125  6691      洋基工程                153.00         13.00     1.67%    639.00   668.00   636.00   667.00      752.00   794.00   747.00   794.00   +127.00   +19.04%
      19           141  6196      帆宣                  151.00         21.00     1.55%    547.00   566.00   541.00   565.00      628.00   679.00   622.00   679.00   +114.00   +20.18%
      20           119  6957      裕慶-KY               121.50          0.00     1.45%    298.50   307.00   287.00   307.00      386.00   413.00   380.50   410.00   +103.00   +33.55%
      21           106  7750      新代                  205.00         85.00     1.43%   1935.00  2015.00  1920.00  1970.00     1885.00  2070.00  1885.00  2070.00   +100.00    +5.08%
      22            40  3017      奇鋐                  340.00        225.00     1.37%   3460.00  3600.00  3455.00  3555.00     3570.00  3690.00  3420.00  3585.00    +30.00    +0.84%
      23            39  7822      倍利科                 115.00         10.00     1.25%    879.00   926.00   878.00   920.00     1010.00  1030.00   987.00   990.00    +70.00    +7.61%
      24           108  2308      台達電                 200.00         95.00     1.25%   1875.00  1935.00  1875.00  1910.00     1920.00  2010.00  1920.00  2005.00    +95.00    +4.97%
      25            91  3167      大量                  162.00         62.00     1.19%    889.00   968.00   871.00   949.00      984.00  1005.00   970.00   996.00    +47.00    +4.95%
      26            86  7711      永擎                   94.00          0.00     1.12%    543.00   548.00   535.00   542.00      615.00   665.00   609.00   634.00    +92.00   +16.97%
      27            80  4958      臻鼎-KY                89.00          0.00     1.06%    473.50   480.50   472.00   475.50      582.00   590.00   568.00   576.00   +100.50   +21.14%
      28           117  6944      兆聯實業                 85.00          0.00     1.01%    730.00   762.00   730.00   760.00      802.00   820.00   791.00   814.00    +54.00    +7.11%
      29            80  6533      晶心科                 115.50         30.50     1.01%    251.00   276.00   250.00   276.00      351.00   351.50   332.00   336.00    +60.00   +21.74%
      30           126  5434      崇越                   80.00          0.00     0.95%    543.00   543.00   536.00   542.00      598.00   623.00   593.00   620.00    +78.00   +14.39%
      31           142  1560      中砂                   93.00         15.00     0.93%    950.00   975.00   945.00   971.00     1020.00  1060.00  1010.00  1040.00    +69.00    +7.11%
      32            97  2368      金像電                 135.00         60.00     0.89%   1135.00  1150.00  1075.00  1105.00     1160.00  1215.00  1160.00  1215.00   +110.00    +9.95%
      33           120  7795      長廣                   71.00          0.00     0.85%    488.50   495.50   483.50   490.50      555.00   574.00   554.00   559.00    +68.50   +13.97%
      34            65  2330      台積電                 105.00         35.00     0.83%   2480.00  2490.00  2470.00  2475.00     2550.00  2580.00  2545.00  2575.00   +100.00    +4.04%
      35            43  8021      尖點                   67.00          0.00     0.80%    480.50   480.50   474.50   480.00      560.00   577.00   536.00   560.00    +80.00   +16.67%
      36           111  2404      漢唐                  145.00         85.00     0.72%   1255.00  1285.00  1205.00  1285.00     1300.00  1325.00  1280.00  1310.00    +25.00    +1.95%
      37            49  6531      愛普*                 122.00         64.00     0.69%    990.00  1005.00   951.00   993.00     1015.00  1090.00   995.00  1055.00    +62.00    +6.24%
      38            75  8996      高力                  160.00        105.00     0.66%   1555.00  1560.00  1480.00  1530.00     1555.00  1600.00  1540.00  1595.00    +65.00    +4.25%
      39            64  3026      禾伸堂                 103.00         49.00     0.64%    768.00   820.00   765.00   810.00      855.00   861.00   817.00   817.00     +7.00    +0.86%
      40            82  2492      華新科                  62.00          9.50     0.63%    305.00   315.50   302.00   311.50      377.50   396.00   365.00   368.50    +57.00   +18.30%
==========================================================================================================================================================================
✅ 共 40 筆


══════════════════════════════════════════════════════════════════════════════════════════════════════════════
  🔄 第  3/5 次  2026/09/23 ～ 2026/10/02
══════════════════════════════════════════════════════════════════════════════════════════════════════════════

==========================================================================================================================================================================
📊 累計漲跌停強度排名 (2026/09/23 ~ 2026/10/02)
==========================================================================================================================================================================
    實資排名        累計天數排名  代號        名稱                 累計漲停(元)       累計跌停(元)       強度%  (09/23)開盤      最高      最低      收盤    (10/02)開盤      最高      最低      收盤      賺賠    賺賠率
--------------------------------------------------------------------------------------------------------------------------------------------------------------------------
       1            33  3653      健策                 1165.00        195.00    33.98%   6005.00  6410.00  5930.00  6410.00     6790.00  7065.00  6760.00  6800.00   +390.00    +6.08%
       2            70  2383      台光電                 455.00        130.00    11.39%   4910.00  5110.00  4860.00  5020.00     5040.00  5190.00  4975.00  5185.00   +165.00    +3.29%
       3            14  6515      穎崴                  785.00        480.00    10.68%   5815.00  6070.00  5715.00  5995.00     5770.00  6160.00  5770.00  6070.00    +75.00    +1.25%
       4            59  8046      南電                  295.00          0.00    10.33%   1185.00  1225.00  1150.00  1210.00     1440.00  1480.00  1395.00  1460.00   +250.00   +20.66%
       5            30  3665      貿聯-KY               350.00         55.00    10.33%   2290.00  2340.00  2240.00  2340.00     2620.00  2670.00  2525.00  2540.00   +200.00    +8.55%
       6           116  3037      欣興                  205.00         20.00     6.48%   1120.00  1200.00  1115.00  1160.00     1225.00  1305.00  1215.00  1305.00   +145.00   +12.50%
       7            67  3189      景碩                  151.00          0.00     5.29%    905.00   922.00   881.00   906.00     1010.00  1070.00  1005.00  1050.00   +144.00   +15.89%
       8            76  2404      漢唐                  230.00         85.00     5.08%   1160.00  1250.00  1140.00  1250.00     1320.00  1355.00  1265.00  1285.00    +35.00    +2.80%
       9            61  6213      聯茂                  139.00          0.00     4.87%    542.00   547.00   525.00   541.00      646.00   700.00   639.00   683.00   +142.00   +26.25%
      10            63  6672      騰輝電子-KY             134.00          0.00     4.69%    302.00   310.00   298.00   307.00      413.00   439.00   404.00   439.00   +132.00   +43.00%
      11            57  7822      倍利科                 133.00          0.00     4.66%    888.00   892.00   866.00   883.00     1000.00  1015.00   990.00  1000.00   +117.00   +13.25%
      12            53  3167      大量                  173.00         62.00     3.89%    873.00   903.00   860.00   890.00      983.00  1005.00   948.00   981.00    +91.00   +10.22%
      13            31  3533      嘉澤                  165.00         55.00     3.85%   1755.00  1760.00  1660.00  1690.00     1825.00  1865.00  1800.00  1855.00   +165.00    +9.76%
      14            83  6442      光聖                  160.00         50.00     3.85%   1525.00  1545.00  1490.00  1515.00     1520.00  1625.00  1520.00  1625.00   +110.00    +7.26%
      15            76  6533      晶心科                 115.50         14.50     3.54%    259.00   264.00   249.50   251.00      366.50   366.50   350.50   352.00   +101.00   +40.24%
      16           129  6691      洋基工程                111.00         13.00     3.43%    639.00   651.00   632.00   646.00      740.00   759.00   730.00   741.00    +95.00   +14.71%
      17           100  3661      世芯-KY               180.00         85.00     3.33%   3790.00  3845.00  3715.00  3760.00     3765.00  3855.00  3765.00  3810.00    +50.00    +1.33%
      18            87  6957      裕慶-KY                88.50          0.00     3.10%    300.00   305.00   295.00   295.50      375.00   389.00   366.00   377.00    +81.50   +27.58%
      19           145  6196      帆宣                  104.00         21.00     2.91%    538.00   558.00   534.00   549.00      609.00   619.00   602.00   618.00    +69.00   +12.57%
      20            65  6933      AMAX-KY              90.00         15.50     2.61%    320.00   350.00   320.00   350.00      394.00   413.00   378.00   379.00    +29.00    +8.29%
      21            42  7711      永擎                   70.00          0.00     2.45%    545.00   561.00   538.00   543.00      616.00   620.00   602.00   610.00    +67.00   +12.34%
      22            57  6944      兆聯實業                 70.00          0.00     2.45%    727.00   738.00   723.00   731.00      805.00   810.00   785.00   799.00    +68.00    +9.30%
      23            43  8021      尖點                   67.00          0.00     2.35%    471.50   480.00   464.00   478.00      503.00   553.00   501.00   553.00    +75.00   +15.69%
      24            86  2368      金像電                 125.00         60.00     2.28%   1085.00  1140.00  1030.00  1140.00     1100.00  1120.00  1085.00  1105.00    -35.00    -3.07%
      25            65  6526      達發                  102.00         37.00     2.28%    777.00   840.00   761.00   840.00      838.00   838.00   821.00   835.00     -5.00    -0.60%
      26            77  3026      禾伸堂                 103.00         43.00     2.10%    791.00   803.00   760.00   768.00      845.00   881.00   831.00   835.00    +67.00    +8.72%
      27            34  4958      臻鼎-KY                74.00         16.00     2.03%    471.50   482.50   470.00   473.00      515.00   561.00   514.00   561.00    +88.00   +18.60%
      28           113  6139      亞翔                   78.00         21.00     2.00%    725.00   750.00   720.00   736.00      762.00   776.00   754.00   775.00    +39.00    +5.30%
      29            34  6531      愛普*                 120.00         64.00     1.96%    940.00   999.00   940.00   987.00      932.00  1025.00   920.00  1000.00    +13.00    +1.32%
      30           104  1560      中砂                   68.00         15.00     1.86%    955.00   992.00   947.00   955.00     1005.00  1030.00   993.00  1015.00    +60.00    +6.28%
      31            82  2492      華新科                  62.00          9.50     1.84%    314.50   322.50   304.00   306.00      335.00   361.50   329.00   361.50    +55.50   +18.14%
      32           117  3016      嘉晶                   52.50          0.00     1.84%    145.00   145.50   141.50   145.50      169.50   182.00   169.50   180.50    +35.00   +24.05%
      33            39  3017      奇鋐                  275.00        225.00     1.75%   3425.00  3590.00  3410.00  3470.00     3570.00  3570.00  3385.00  3440.00    -30.00    -0.86%
      34            51  2327      國巨*                  78.00         32.00     1.61%    581.00   601.00   570.00   573.00      604.00   647.00   598.00   626.00    +53.00    +9.25%
      35            66  7795      長廣                   60.00         14.50     1.59%    518.00   524.00   490.00   490.50      532.00   566.00   524.00   548.00    +57.50   +11.72%
      36            40  2345      智邦                  190.00        145.00     1.58%   1935.00  1955.00  1845.00  1890.00     1955.00  1980.00  1920.00  1965.00    +75.00    +3.97%
      37            85  3563      牧德                   96.00         53.00     1.51%    720.00   774.00   715.00   753.00      750.00   764.00   730.00   760.00     +7.00    +0.93%
      38            97  5434      崇越                   43.00          0.00     1.51%    537.00   545.00   537.00   542.00      571.00   585.00   568.00   583.00    +41.00    +7.56%
      39            83  7799      禾榮科                  87.50         45.00     1.49%    508.00   558.00   508.00   531.00      558.00   561.00   535.00   543.00    +12.00    +2.26%
      40            45  3450      聯鈞                   40.00          0.00     1.40%    533.00   549.00   517.00   520.00      531.00   553.00   522.00   543.00    +23.00    +4.42%
==========================================================================================================================================================================
✅ 共 40 筆


══════════════════════════════════════════════════════════════════════════════════════════════════════════════
  🔄 第  4/5 次  2026/09/22 ～ 2026/10/01
══════════════════════════════════════════════════════════════════════════════════════════════════════════════

==========================================================================================================================================================================
📊 累計漲跌停強度排名 (2026/09/22 ~ 2026/10/01)
==========================================================================================================================================================================
    實資排名        累計天數排名  代號        名稱                 累計漲停(元)       累計跌停(元)       強度%  (09/22)開盤      最高      最低      收盤    (10/01)開盤      最高      最低      收盤      賺賠    賺賠率
--------------------------------------------------------------------------------------------------------------------------------------------------------------------------
       1            46  3653      健策                 1205.00        120.00    34.49%   5985.00  6050.00  5780.00  5830.00     6720.00  6895.00  6665.00  6875.00  +1045.00   +17.92%
       2            49  8046      南電                  360.00          0.00    11.44%   1125.00  1165.00  1120.00  1165.00     1390.00  1450.00  1370.00  1420.00   +255.00   +21.89%
       3            43  3443      創意                 1025.00        740.00     9.06%   8370.00  8375.00  8370.00  8375.00     8040.00  8100.00  7730.00  7900.00   -475.00    -5.67%
       4            34  3533      嘉澤                  320.00         55.00     8.42%   1745.00  1745.00  1745.00  1745.00     1780.00  1865.00  1760.00  1855.00   +110.00    +6.30%
       5            20  3665      貿聯-KY               350.00         95.00     8.11%   2335.00  2345.00  2215.00  2245.00     2595.00  2625.00  2510.00  2555.00   +310.00   +13.81%
       6           117  3037      欣興                  215.00         20.00     6.20%   1120.00  1120.00  1105.00  1120.00     1195.00  1230.00  1170.00  1215.00    +95.00    +8.48%
       7            61  3189      景碩                  193.00          0.00     6.14%    875.00   909.00   875.00   909.00      976.00  1020.00   964.00  1010.00   +101.00   +11.11%
       8           105  2404      漢唐                  240.00         65.00     5.56%   1140.00  1175.00  1130.00  1140.00     1280.00  1315.00  1270.00  1305.00   +165.00   +14.47%
       9            65  3167      大量                  231.00         62.00     5.37%    815.00   868.00   812.00   864.00      908.00   975.00   908.00   975.00   +111.00   +12.85%
      10            87  7822      倍利科                 148.00          0.00     4.71%    853.00   880.00   845.00   865.00     1000.00  1020.00   979.00  1000.00   +135.00   +15.61%
      11            62  6533      晶心科                 115.50          0.00     3.67%    268.50   278.50   254.50   254.50      346.00   366.50   337.00   366.50   +112.00   +44.01%
      12            81  6526      達發                  142.00         37.00     3.34%    736.00   796.00   733.00   764.00      834.00   843.00   818.00   829.00    +65.00    +8.51%
      13           120  6957      裕慶-KY               101.50          0.00     3.23%    297.50   312.00   292.00   303.00      400.00   400.00   364.00   384.00    +81.00   +26.73%
      14            45  6672      騰輝電子-KY             100.50          0.00     3.20%    315.00   315.00   300.00   302.00      376.50   405.50   369.50   405.50   +103.50   +34.27%
      15           101  3661      世芯-KY               185.00         85.00     3.18%   3760.00  3950.00  3670.00  3715.00     3770.00  3820.00  3735.00  3765.00    +50.00    +1.35%
      16            47  6213      聯茂                   98.00          0.00     3.12%    545.00   574.00   539.00   543.00      623.00   643.00   611.00   642.00    +99.00   +18.23%
      17           129  6691      洋基工程                111.00         13.00     3.12%    641.00   649.00   634.00   635.00      727.00   748.00   719.00   733.00    +98.00   +15.43%
      18            44  3017      奇鋐                  275.00        180.00     3.02%   3500.00  3505.00  3385.00  3390.00     3435.00  3520.00  3300.00  3510.00   +120.00    +3.54%
      19            98  3563      牧德                  147.00         53.00     2.99%    667.00   715.00   667.00   711.00      820.00   825.00   750.00   754.00    +43.00    +6.05%
      20            54  6933      AMAX-KY              90.00          0.00     2.86%    326.00   330.50   317.00   318.50      370.00   404.50   369.50   394.50    +76.00   +23.86%
      21            99  6944      兆聯實業                 80.00          0.00     2.54%    719.00   735.00   715.00   722.00      776.00   807.00   776.00   800.00    +78.00   +10.80%
      22            70  2383      台光電                 245.00        165.00     2.54%   5100.00  5100.00  4855.00  4860.00     4950.00  4975.00  4855.00  4975.00   +115.00    +2.37%
      23            89  1560      中砂                   89.00         15.00     2.35%    935.00   960.00   929.00   950.00      963.00  1015.00   963.00  1000.00    +50.00    +5.26%
      24            42  7711      永擎                   70.00          0.00     2.23%    552.00   555.00   534.00   537.00      561.00   616.00   551.00   616.00    +79.00   +14.71%
      25           117  6196      帆宣                   88.00         21.00     2.13%    542.00   549.00   534.00   535.00      588.00   602.00   579.00   602.00    +67.00   +12.52%
      26            85  3026      禾伸堂                 103.00         37.00     2.10%    822.00   856.00   770.00   780.00      796.00   870.00   796.00   852.00    +72.00    +9.23%
      27            62  8996      高力                  225.00        165.00     1.91%   1520.00  1655.00  1490.00  1655.00     1515.00  1600.00  1470.00  1565.00    -90.00    -5.44%
      28            38  2368      金像電                 115.00         60.00     1.75%   1070.00  1075.00  1025.00  1040.00     1120.00  1125.00  1085.00  1095.00    +55.00    +5.29%
      29            40  2345      智邦                  200.00        145.00     1.75%   1900.00  1935.00  1865.00  1915.00     1795.00  1910.00  1785.00  1900.00    -15.00    -0.78%
      30            46  7795      長廣                   69.00         14.50     1.73%    495.00   517.00   488.00   505.00      490.50   536.00   483.00   536.00    +31.00    +6.14%
      31           114  3016      嘉晶                   52.00          0.00     1.65%    125.00   132.50   124.50   132.50      169.00   169.00   162.50   168.00    +35.50   +26.79%
      32            86  6139      亞翔                   62.00         21.00     1.30%    729.00   731.00   715.00   715.00      761.00   768.00   750.00   759.00    +44.00    +6.15%
      33            85  7799      禾榮科                  87.50         47.00     1.29%    522.00   534.00   503.00   508.00      555.00   574.00   544.00   555.00    +47.00    +9.25%
      34            91  6789      采鈺                   38.50          0.00     1.22%    464.00   484.00   464.00   468.50      496.50   505.00   482.00   489.00    +20.50    +4.38%
      35            62  2327      國巨*                  68.00         32.00     1.14%    578.00   588.00   566.00   571.00      560.00   602.00   560.00   602.00    +31.00    +5.43%
      36            54  6414      樺漢                   34.50          0.00     1.10%    380.00   380.00   376.00   376.00      392.50   405.00   388.00   402.50    +26.50    +7.05%
      37            81  3711      日月光投控                46.00         12.00     1.08%    691.00   711.00   690.00   693.00      700.00   710.00   693.00   710.00    +17.00    +2.45%
      38            44  8028      昇陽半導體                31.00          0.00     0.99%    262.00   274.00   257.00   263.50      277.00   281.00   275.50   280.00    +16.50    +6.26%
      39            55  8039      台虹                   42.00         12.00     0.95%    270.00   277.00   261.50   262.50      297.00   297.50   285.00   288.50    +26.00    +9.90%
      40           105  2308      台達電                 105.00         75.00     0.95%   1965.00  1965.00  1900.00  1900.00     1925.00  1935.00  1860.00  1905.00     +5.00    +0.26%
==========================================================================================================================================================================
✅ 共 40 筆


══════════════════════════════════════════════════════════════════════════════════════════════════════════════
  🔄 第  5/5 次  2026/09/21 ～ 2026/09/30
══════════════════════════════════════════════════════════════════════════════════════════════════════════════

==========================================================================================================================================================================
📊 累計漲跌停強度排名 (2026/09/21 ~ 2026/09/30)
==========================================================================================================================================================================
    實資排名        累計天數排名  代號        名稱                 累計漲停(元)       累計跌停(元)       強度%  (09/21)開盤      最高      最低      收盤    (09/30)開盤      最高      最低      收盤      賺賠    賺賠率
--------------------------------------------------------------------------------------------------------------------------------------------------------------------------
       1            43  3653      健策                 1395.00        120.00    42.64%   5765.00  5890.00  5700.00  5790.00     6980.00  7080.00  6720.00  6800.00  +1010.00   +17.44%
       2            41  3443      創意                 1490.00        600.00    29.77%   7395.00  7755.00  7030.00  7615.00     8090.00  8110.00  7860.00  8040.00   +425.00    +5.58%
       3            20  3665      貿聯-KY               440.00         55.00    12.88%   2225.00  2320.00  2190.00  2300.00     2500.00  2685.00  2485.00  2595.00   +295.00   +12.83%
       4            49  8046      南電                  280.00         40.00     8.03%   1110.00  1150.00  1050.00  1060.00     1285.00  1340.00  1250.00  1340.00   +280.00   +26.42%
       5            47  2454      聯發科                 580.00        375.00     6.86%   4800.00  5035.00  4780.00  5010.00     5010.00  5100.00  4920.00  4920.00    -90.00    -1.80%
       6            84  3661      世芯-KY               285.00         85.00     6.69%   3700.00  3700.00  3580.00  3665.00     3745.00  3810.00  3730.00  3740.00    +75.00    +2.05%
       7           112  3037      欣興                  214.00         20.00     6.49%    999.00  1055.00   999.00  1020.00     1175.00  1190.00  1155.00  1175.00   +155.00   +15.20%
       8            30  3533      嘉澤                  235.00         55.00     6.02%   1600.00  1615.00  1570.00  1590.00     1730.00  1785.00  1705.00  1770.00   +180.00   +11.32%
       9            63  8996      高力                  300.00        125.00     5.85%   1430.00  1520.00  1405.00  1505.00     1600.00  1665.00  1565.00  1605.00   +100.00    +6.64%
      10            62  6805      富世達                 305.00        145.00     5.35%   2325.00  2445.00  2300.00  2415.00     2580.00  2720.00  2440.00  2455.00    +40.00    +1.66%
      11            71  2404      漢唐                  225.00         65.00     5.35%   1125.00  1160.00  1090.00  1130.00     1230.00  1300.00  1230.00  1290.00   +160.00   +14.16%
      12            77  2308      台達電                 230.00         75.00     5.18%   1750.00  1885.00  1740.00  1875.00     1885.00  1930.00  1870.00  1890.00    +15.00    +0.80%
      13            44  3189      景碩                  153.00          0.00     5.12%    849.00   878.00   824.00   827.00      961.00   972.00   937.00   970.00   +143.00   +17.29%
      14            77  6526      達發                  175.00         26.00     4.98%    700.00   734.00   688.00   724.00      830.00   855.00   819.00   840.00   +116.00   +16.02%
      15            87  7822      倍利科                 148.00          0.00     4.95%    850.00   851.00   836.00   850.00      998.00  1025.00   989.00   998.00   +148.00   +17.41%
      16           115  3563      牧德                  147.00         11.00     4.55%    677.00   677.00   660.00   660.00      811.00   825.00   784.00   807.00   +147.00   +22.27%
      17            30  6213      聯茂                  116.00          0.00     3.88%    515.00   542.00   510.00   542.00      624.00   649.00   622.00   623.00    +81.00   +14.94%
      18            99  6957      裕慶-KY               108.00          0.00     3.61%    274.50   295.00   272.50   290.00      365.00   371.00   356.00   371.00    +81.00   +27.93%
      19            42  2368      金像電                 140.00         35.00     3.51%   1020.00  1050.00  1000.00  1045.00     1115.00  1160.00  1070.00  1120.00    +75.00    +7.18%
      20            42  6533      晶心科                  82.50          0.00     2.76%    269.00   270.50   260.00   263.50      316.00   333.50   301.00   333.50    +70.00   +26.57%
      21            61  6861      睿生光電                 66.00          0.00     2.21%    235.00   252.00   234.00   246.00      294.00   313.50   294.00   313.50    +67.50   +27.44%
      22           108  6691      洋基工程                 97.00         31.00     2.21%    650.00   650.00   631.00   632.00      666.00   719.00   665.00   719.00    +87.00   +13.77%
      23            26  6672      騰輝電子-KY              64.00          0.00     2.14%    306.50   316.00   304.00   310.00      337.50   369.00   335.50   369.00    +59.00   +19.03%
      24            96  3711      日月光投控                71.00         12.00     1.97%    655.00   674.00   655.00   663.00      716.00   723.00   703.00   703.00    +40.00    +6.03%
      25            91  1560      中砂                   70.00         15.00     1.84%    903.00   916.00   861.00   914.00      958.00   971.00   953.00   963.00    +49.00    +5.36%
      26            75  6944      兆聯實業                 55.00          0.00     1.84%    708.00   724.00   705.00   712.00      780.00   795.00   774.00   775.00    +63.00    +8.85%
      27            70  3167      大量                  143.00         90.00     1.77%    834.00   836.00   805.00   806.00      902.00   906.00   879.00   887.00    +81.00   +10.05%
      28           114  3016      嘉晶                   52.00          0.00     1.74%    118.00   123.00   115.50   120.50      170.00   172.50   165.00   169.00    +48.50   +40.25%
      29            87  6196      帆宣                   71.00         21.00     1.67%    549.00   549.00   532.00   535.00      552.00   588.00   551.00   585.00    +50.00    +9.35%
      30            74  7799      禾榮科                  89.50         47.00     1.42%    507.00   524.00   489.00   522.00      509.00   539.00   503.00   539.00    +17.00    +3.26%
      31            39  8039      台虹                   42.00          0.00     1.40%    270.00   272.00   262.50   265.00      279.50   300.50   277.50   300.50    +35.50   +13.40%
      32            39  6933      AMAX-KY              66.50         24.50     1.40%    345.00   348.00   316.00   317.50      380.50   392.00   371.00   371.00    +53.50   +16.85%
      33            55  2383      台光電                 205.00        165.00     1.34%   4900.00  4945.00  4795.00  4895.00     4990.00  5030.00  4935.00  4935.00    +40.00    +0.82%
      34            91  6789      采鈺                   38.50          0.00     1.29%    467.00   467.00   455.00   458.50      485.50   503.00   480.00   494.00    +35.50    +7.74%
      35            44  2395      研華                   37.00          0.00     1.24%    688.00   712.00   688.00   706.00      731.00   746.00   726.00   726.00    +20.00    +2.83%
      36            47  3055      蔚華科                  35.50          0.00     1.19%    168.00   188.00   167.00   188.00      201.00   211.00   195.00   209.50    +21.50   +11.44%
      37           109  6446      藥華藥                  85.00         50.00     1.17%   1185.00  1190.00  1150.00  1150.00     1210.00  1240.00  1200.00  1215.00    +65.00    +5.65%
      38            44  8028      昇陽半導體                31.00          0.00     1.04%    262.00   268.00   254.50   257.50      292.00   292.00   281.00   282.50    +25.00    +9.71%
      39            86  7749      意騰-KY                39.00          9.50     0.99%    361.00   380.00   360.50   377.50      391.00   397.00   388.50   391.00    +13.50    +3.58%
      40            57  3532      台勝科                  27.50          0.00     0.92%    450.50   452.00   432.50   440.00      459.50   488.50   453.00   471.00    +31.00    +7.05%
==========================================================================================================================================================================
✅ 共 40 筆
