
██████████████████████████████████████████████████████████████████████████████████████████████████████████████
  📅 天數組合: 3 日  →  輸出檔: s12_03.txt
██████████████████████████████████████████████████████████████████████████████████████████████████████████████

🔁 共執行 3 次，每次區間長度 3 個交易日

══════════════════════════════════════════════════════════════════════════════════════════════════════════════
  🔄 第  1/3 次  2026/10/01 ～ 2026/10/06
══════════════════════════════════════════════════════════════════════════════════════════════════════════════

==========================================================================================================================================================================
📊 累計漲跌停強度排名 (2026/10/01 ~ 2026/10/06)
==========================================================================================================================================================================
    實資排名        累計天數排名  代號        名稱                 累計漲停(元)       累計跌停(元)       強度%  (10/01)開盤      最高      最低      收盤    (10/06)開盤      最高      最低      收盤      賺賠    賺賠率
--------------------------------------------------------------------------------------------------------------------------------------------------------------------------
       1            22  2383      台光電                1060.00          0.00    11.98%   4950.00  4975.00  4855.00  4975.00     6040.00  6115.00  5820.00  5995.00  +1020.00   +20.50%
       2             4  2059      川湖                 1520.00        475.00    11.81%  12270.00 12270.00 11760.00 11835.00    13500.00 13500.00 12845.00 13100.00  +1265.00   +10.69%
       3            17  3008      大立光                 910.00          0.00    10.28%   5950.00  6225.00  5740.00  6205.00     6800.00  6915.00  6705.00  6855.00   +650.00   +10.48%
       4            48  3661      世芯-KY               440.00          0.00     4.97%   3770.00  3820.00  3735.00  3765.00     4000.00  4240.00  3850.00  4180.00   +415.00   +11.02%
       5            34  7769      鴻勁                  415.00         15.00     4.52%   5570.00  5650.00  5435.00  5490.00     5940.00  6115.00  5815.00  5905.00   +415.00    +7.56%
       6             8  3443      創意                  700.00        365.00     3.79%   8040.00  8100.00  7730.00  7900.00     8680.00  8710.00  8110.00  8375.00   +475.00    +6.01%
       7            19  3653      健策                  480.00        200.00     3.16%   6720.00  6895.00  6665.00  6875.00     7185.00  7280.00  7050.00  7080.00   +205.00    +2.98%
       8            38  2345      智邦                  300.00         25.00     3.11%   1795.00  1910.00  1785.00  1900.00     2080.00  2105.00  2035.00  2050.00   +150.00    +7.89%
       9            23  3017      奇鋐                  320.00         70.00     2.82%   3435.00  3520.00  3300.00  3510.00     3650.00  3700.00  3515.00  3685.00   +175.00    +4.99%
      10            34  2360      致茂                  270.00         55.00     2.43%   2125.00  2150.00  2025.00  2080.00     2330.00  2370.00  2275.00  2350.00   +270.00   +12.98%
      11            24  6515      穎崴                  435.00        235.00     2.26%   6025.00  6060.00  5755.00  5770.00     6220.00  6285.00  6060.00  6130.00   +360.00    +6.24%
      12            60  6669      緯穎                  225.00         25.00     2.26%   2095.00  2115.00  2095.00  2110.00     2200.00  2335.00  2185.00  2290.00   +180.00    +8.53%
      13            80  8046      南電                  165.00          0.00     1.86%   1390.00  1450.00  1370.00  1420.00     1500.00  1520.00  1485.00  1505.00    +85.00    +5.99%
      14            74  6213      聯茂                  164.00          0.00     1.85%    623.00   643.00   611.00   642.00      797.00   818.00   762.00   787.00   +145.00   +22.59%
      15            62  2308      台達電                 180.00         20.00     1.81%   1925.00  1935.00  1860.00  1905.00     2045.00  2115.00  2010.00  2050.00   +145.00    +7.61%
      16            49  6442      光聖                  225.00         65.00     1.81%   1500.00  1515.00  1465.00  1480.00     1705.00  1710.00  1640.00  1650.00   +170.00   +11.49%
      17           101  3406      玉晶光                 165.00         10.00     1.75%    885.00   973.00   871.00   950.00     1085.00  1095.00  1020.00  1045.00    +95.00   +10.00%
      18            82  2368      金像電                 165.00         25.00     1.58%   1120.00  1125.00  1085.00  1095.00     1220.00  1295.00  1200.00  1260.00   +165.00   +15.07%
      19            89  3037      欣興                  150.00         15.00     1.53%   1195.00  1230.00  1170.00  1215.00     1335.00  1340.00  1285.00  1310.00    +95.00    +7.82%
      20            73  3167      大量                  127.00          0.00     1.43%    908.00   975.00   908.00   975.00     1010.00  1020.00   970.00  1020.00    +45.00    +4.62%
      21            66  6531      愛普*                 122.00         10.00     1.27%    931.00   937.00   914.00   933.00     1080.00  1085.00  1020.00  1045.00   +112.00   +12.00%
      22            85  2330      台積電                 115.00         10.00     1.19%   2490.00  2510.00  2485.00  2510.00     2575.00  2590.00  2565.00  2585.00    +75.00    +2.99%
      23            72  3189      景碩                  125.00         25.00     1.13%    976.00  1020.00   964.00  1010.00     1095.00  1105.00  1055.00  1070.00    +60.00    +5.94%
      24            82  3533      嘉澤                  105.00         10.00     1.07%   1780.00  1865.00  1760.00  1855.00     1905.00  1925.00  1860.00  1865.00    +10.00    +0.54%
      25            57  2492      華新科                  83.00          0.00     0.94%    302.50   329.00   302.50   329.00      370.00   395.00   362.50   389.50    +60.50   +18.39%
      26           100  6672      騰輝電子-KY              82.00          0.00     0.93%    376.50   405.50   369.50   405.50      456.00   459.50   435.00   459.50    +54.00   +13.32%
      27            33  2327      國巨*                  78.00          0.00     0.88%    560.00   602.00   560.00   602.00      630.00   635.00   615.00   625.00    +23.00    +3.82%
      28           101  6196      帆宣                   94.00         16.00     0.88%    588.00   602.00   579.00   602.00      684.00   684.00   649.00   663.00    +61.00   +10.13%
      29            72  7788      松川精密                 75.00          0.00     0.85%    299.00   300.00   285.00   290.50      339.50   365.50   335.00   365.50    +75.00   +25.82%
      30           120  7795      長廣                   71.00          0.00     0.80%    490.50   536.00   483.00   536.00      567.00   567.00   535.00   555.00    +19.00    +3.54%
      31           116  1560      中砂                   77.00         10.00     0.76%    963.00  1015.00   963.00  1000.00     1045.00  1045.00  1020.00  1030.00    +30.00    +3.00%
      32            43  8021      尖點                   67.00          0.00     0.76%    487.00   503.00   487.00   503.00      566.00   584.00   557.00   561.00    +58.00   +11.53%
      33            63  6691      洋基工程                 67.00          0.00     0.76%    727.00   748.00   719.00   733.00      794.00   794.00   769.00   787.00    +54.00    +7.37%
      34            77  7711      永擎                   80.00         14.00     0.75%    561.00   616.00   551.00   616.00      640.00   655.00   612.00   620.00     +4.00    +0.65%
      35            68  4958      臻鼎-KY                66.00          0.00     0.75%    512.00   522.00   498.50   510.00      588.00   604.00   572.00   574.00    +64.00   +12.55%
      36            96  5434      崇越                   65.00          0.00     0.73%    556.00   567.00   550.00   567.00      620.00   633.00   613.00   619.00    +52.00    +9.17%
      37            44  7750      新代                  185.00        120.00     0.73%   1940.00  1940.00  1890.00  1895.00     2070.00  2100.00  1970.00  1980.00    +85.00    +4.49%
      38            72  7610      聯友金屬-創              120.00         65.00     0.62%   1730.00  1820.00  1705.00  1780.00     1835.00  1865.00  1780.00  1790.00    +10.00    +0.56%
      39            97  3583      辛耘                   55.00          0.00     0.62%    713.00   728.00   703.00   707.00      758.00   777.00   741.00   762.00    +55.00    +7.78%
      40           109  6944      兆聯實業                 52.00          0.00     0.59%    776.00   807.00   776.00   800.00      823.00   832.00   814.00   826.00    +26.00    +3.25%
==========================================================================================================================================================================
✅ 共 40 筆


══════════════════════════════════════════════════════════════════════════════════════════════════════════════
  🔄 第  2/3 次  2026/09/30 ～ 2026/10/05
══════════════════════════════════════════════════════════════════════════════════════════════════════════════

==========================================================================================================================================================================
📊 累計漲跌停強度排名 (2026/09/30 ~ 2026/10/05)
==========================================================================================================================================================================
    實資排名        累計天數排名  代號        名稱                 累計漲停(元)       累計跌停(元)       強度%  (09/30)開盤      最高      最低      收盤    (10/05)開盤      最高      最低      收盤      賺賠    賺賠率
--------------------------------------------------------------------------------------------------------------------------------------------------------------------------
       1             7  2059      川湖                 1520.00        280.00    12.46%  12350.00 12785.00 12055.00 12055.00    12500.00 13355.00 12450.00 13355.00  +1300.00   +10.78%
       2            49  2383      台光電                 780.00          0.00     7.84%   4990.00  5030.00  4935.00  4935.00     5630.00  5700.00  5600.00  5700.00   +765.00   +15.50%
       3            16  3008      大立光                 785.00         75.00     7.14%   6010.00  6090.00  5945.00  5945.00     6490.00  6850.00  6460.00  6730.00   +785.00   +13.20%
       4             8  3443      創意                  815.00        140.00     6.78%   8090.00  8110.00  7860.00  8040.00     8150.00  8690.00  8150.00  8600.00   +560.00    +6.97%
       5            18  6515      穎崴                  690.00        160.00     5.33%   5690.00  5985.00  5655.00  5930.00     6115.00  6280.00  6015.00  6205.00   +275.00    +4.64%
       6            15  3653      健策                  480.00        170.00     3.12%   6980.00  7080.00  6720.00  6800.00     6800.00  7440.00  6760.00  7205.00   +405.00    +5.96%
       7            55  3661      世芯-KY               265.00          0.00     2.66%   3745.00  3810.00  3730.00  3740.00     3875.00  4000.00  3870.00  3950.00   +210.00    +5.61%
       8            36  2345      智邦                  300.00         35.00     2.66%   1830.00  1855.00  1770.00  1775.00     2070.00  2110.00  2015.00  2075.00   +300.00   +16.90%
       9            59  2454      聯發科                 285.00         30.00     2.56%   5010.00  5100.00  4920.00  4920.00     4980.00  5165.00  4980.00  5165.00   +245.00    +4.98%
      10            30  7769      鴻勁                  325.00         95.00     2.31%   5650.00  5650.00  5380.00  5505.00     5660.00  5875.00  5610.00  5815.00   +310.00    +5.63%
      11            56  8046      南電                  225.00          0.00     2.26%   1285.00  1340.00  1250.00  1340.00     1460.00  1550.00  1445.00  1495.00   +155.00   +11.57%
      12            57  6442      光聖                  225.00         20.00     2.06%   1525.00  1540.00  1480.00  1490.00     1675.00  1755.00  1620.00  1705.00   +215.00   +14.43%
      13            30  3017      奇鋐                  255.00         70.00     1.86%   3455.00  3575.00  3405.00  3435.00     3570.00  3690.00  3420.00  3585.00   +150.00    +4.37%
      14            63  2308      台達電                 190.00         20.00     1.71%   1885.00  1930.00  1870.00  1890.00     1920.00  2010.00  1920.00  2005.00   +115.00    +6.08%
      15            59  3533      嘉澤                  165.00          0.00     1.66%   1730.00  1785.00  1705.00  1770.00     1860.00  1895.00  1850.00  1875.00   +105.00    +5.93%
      16            72  3406      玉晶光                 165.00          0.00     1.66%    890.00   921.00   878.00   890.00      971.00  1055.00   971.00  1055.00   +165.00   +18.54%
      17           107  3037      欣興                  160.00          0.00     1.61%   1175.00  1190.00  1155.00  1175.00     1325.00  1420.00  1310.00  1325.00   +150.00   +12.77%
      18            28  2360      致茂                  245.00        105.00     1.41%   2245.00  2280.00  2135.00  2135.00     2225.00  2355.00  2215.00  2325.00   +190.00    +8.90%
      19            89  3189      景碩                  140.00          0.00     1.41%    961.00   972.00   937.00   970.00     1055.00  1150.00  1030.00  1095.00   +125.00   +12.89%
      20            93  6196      帆宣                  135.00          0.00     1.36%    552.00   588.00   551.00   585.00      628.00   679.00   622.00   679.00    +94.00   +16.07%
      21            69  6691      洋基工程                132.00          0.00     1.33%    666.00   719.00   665.00   719.00      752.00   794.00   747.00   794.00    +75.00   +10.43%
      22            65  6213      聯茂                  128.00          0.00     1.29%    624.00   649.00   622.00   623.00      690.00   751.00   682.00   751.00   +128.00   +20.55%
      23            34  6531      愛普*                 122.00          0.00     1.23%    943.00   964.00   924.00   927.00     1015.00  1090.00   995.00  1055.00   +128.00   +13.81%
      24           113  6672      騰輝電子-KY             115.50          0.00     1.16%    337.50   369.00   335.50   369.00      444.00   457.50   435.00   451.00    +82.00   +22.22%
      25            45  7750      新代                  185.00         75.00     1.11%   1960.00  1980.00  1915.00  1915.00     1885.00  2070.00  1885.00  2070.00   +155.00    +8.09%
      26            74  2368      金像電                 120.00         25.00     0.95%   1115.00  1160.00  1070.00  1120.00     1160.00  1215.00  1160.00  1215.00    +95.00    +8.48%
      27            57  2330      台積電                 105.00         10.00     0.95%   2495.00  2510.00  2480.00  2480.00     2550.00  2580.00  2545.00  2575.00    +95.00    +3.83%
      28            86  7711      永擎                   94.00          0.00     0.94%    553.00   566.00   549.00   560.00      615.00   665.00   609.00   634.00    +74.00   +13.21%
      29            86  2404      漢唐                  110.00         20.00     0.90%   1230.00  1300.00  1230.00  1290.00     1300.00  1325.00  1280.00  1310.00    +20.00    +1.55%
      30            70  3167      大量                  103.00         16.00     0.87%    902.00   906.00   879.00   887.00      984.00  1005.00   970.00   996.00   +109.00   +12.29%
      31           126  5434      崇越                   80.00          0.00     0.80%    550.00   565.00   547.00   555.00      598.00   623.00   593.00   620.00    +65.00   +11.71%
      32            85  6957      裕慶-KY                79.50          0.00     0.80%    365.00   371.00   356.00   371.00      386.00   413.00   380.50   410.00    +39.00   +10.51%
      33            33  2327      國巨*                  78.00          0.00     0.78%    557.00   564.00   548.00   548.00      649.00   658.00   626.00   626.00    +78.00   +14.23%
      34            88  1560      中砂                   77.00          0.00     0.77%    958.00   971.00   953.00   963.00     1020.00  1060.00  1010.00  1040.00    +77.00    +8.00%
      35           120  7795      長廣                   71.00          0.00     0.71%    499.50   501.00   487.50   488.00      555.00   574.00   554.00   559.00    +71.00   +14.55%
      36            43  8021      尖點                   67.00          0.00     0.67%    486.00   487.50   480.00   486.00      560.00   577.00   536.00   560.00    +74.00   +15.23%
      37            68  4958      臻鼎-KY                66.00          0.00     0.66%    510.00   510.00   494.00   507.00      582.00   590.00   568.00   576.00    +69.00   +13.61%
      38            39  7610      聯友金屬-創              120.00         55.00     0.65%   1785.00  1845.00  1730.00  1735.00     1740.00  1895.00  1740.00  1800.00    +65.00    +3.75%
      39            41  2492      華新科                  62.00          0.00     0.62%    306.00   309.00   298.50   299.50      377.50   396.00   365.00   368.50    +69.00   +23.04%
      40            53  2455      全新                   60.00          0.00     0.60%    544.00   555.00   544.00   552.00      590.00   607.00   575.00   606.00    +54.00    +9.78%
==========================================================================================================================================================================
✅ 共 40 筆


══════════════════════════════════════════════════════════════════════════════════════════════════════════════
  🔄 第  3/3 次  2026/09/29 ～ 2026/10/02
══════════════════════════════════════════════════════════════════════════════════════════════════════════════

==========================================================================================================================================================================
📊 累計漲跌停強度排名 (2026/09/29 ~ 2026/10/02)
==========================================================================================================================================================================
    實資排名        累計天數排名  代號        名稱                 累計漲停(元)       累計跌停(元)       強度%  (09/29)開盤      最高      最低      收盤    (10/02)開盤      最高      最低      收盤      賺賠    賺賠率
--------------------------------------------------------------------------------------------------------------------------------------------------------------------------
       1            32  8046      南電                  220.00          0.00    19.31%   1210.00  1280.00  1200.00  1270.00     1440.00  1480.00  1395.00  1460.00   +190.00   +14.96%
       2            10  6515      穎崴                  555.00        335.00    19.31%   5720.00  5765.00  5650.00  5675.00     5770.00  6160.00  5770.00  6070.00   +395.00    +6.96%
       3            23  3665      貿聯-KY               255.00         55.00    17.55%   2385.00  2465.00  2375.00  2445.00     2620.00  2670.00  2525.00  2540.00    +95.00    +3.89%
       4            24  3533      嘉澤                  165.00          0.00    14.48%   1680.00  1765.00  1680.00  1710.00     1825.00  1865.00  1800.00  1855.00   +145.00    +8.48%
       5            53  2383      台光電                 265.00        130.00    11.85%   4910.00  5055.00  4870.00  4920.00     5040.00  5190.00  4975.00  5185.00   +265.00    +5.39%
       6            84  3037      欣興                  140.00         20.00    10.53%   1170.00  1185.00  1130.00  1165.00     1225.00  1305.00  1215.00  1305.00   +140.00   +12.02%
       7            50  6672      騰輝電子-KY             103.50          0.00     9.08%    330.50   335.50   321.00   335.50      413.00   439.00   404.00   439.00   +103.50   +30.85%
       8            57  6442      光聖                  145.00         50.00     8.34%   1530.00  1545.00  1490.00  1500.00     1520.00  1625.00  1520.00  1625.00   +125.00    +8.33%
       9            61  3189      景碩                   95.00          0.00     8.34%    960.00   969.00   939.00   955.00     1010.00  1070.00  1005.00  1050.00    +95.00    +9.95%
      10            53  6213      聯茂                   85.00          0.00     7.46%    620.00   628.00   588.00   620.00      646.00   700.00   639.00   683.00    +63.00   +10.16%
      11            23  7822      倍利科                  78.00          0.00     6.85%    930.00   986.00   925.00   976.00     1000.00  1015.00   990.00  1000.00    +24.00    +2.46%
      12            58  6957      裕慶-KY                77.00          0.00     6.76%    334.50   337.50   307.50   337.50      375.00   389.00   366.00   377.00    +39.50   +11.70%
      13            58  6533      晶心科                  90.50         14.50     6.67%    272.50   303.50   268.00   303.50      366.50   366.50   350.50   352.00    +48.50   +15.98%
      14            23  4958      臻鼎-KY                74.00          0.00     6.49%    479.00   499.50   472.50   498.50      515.00   561.00   514.00   561.00    +62.50   +12.54%
      15            42  7711      永擎                   70.00          0.00     6.14%    540.00   553.00   537.00   546.00      616.00   620.00   602.00   610.00    +64.00   +11.72%
      16            31  2345      智邦                  190.00        120.00     6.14%   1845.00  1880.00  1800.00  1810.00     1955.00  1980.00  1920.00  1965.00   +155.00    +8.56%
      17            43  8021      尖點                   67.00          0.00     5.88%    475.50   481.50   470.00   480.00      503.00   553.00   501.00   553.00    +73.00   +15.21%
      18            79  6691      洋基工程                 79.00         13.00     5.79%    657.00   665.00   645.00   654.00      740.00   759.00   730.00   741.00    +87.00   +13.30%
      19            54  7795      長廣                   60.00          0.00     5.27%    480.00   502.00   480.00   496.00      532.00   566.00   524.00   548.00    +52.00   +10.48%
      20            92  6196      帆宣                   74.00         21.00     4.65%    554.00   554.00   537.00   544.00      609.00   619.00   602.00   618.00    +74.00   +13.60%
      21            82  2492      華新科                  62.00          9.50     4.61%    313.00   321.00   299.00   302.00      335.00   361.50   329.00   361.50    +59.50   +19.70%
      22            57  7799      禾榮科                  64.50         12.00     4.61%    496.00   510.00   490.00   490.50      558.00   561.00   535.00   543.00    +52.50   +10.70%
      23            81  3406      玉晶光                  71.00         19.00     4.56%    890.00   893.00   869.00   882.00      941.00   974.00   929.00   961.00    +79.00    +8.96%
      24            51  2327      國巨*                  78.00         32.00     4.04%    570.00   570.00   548.00   548.00      604.00   647.00   598.00   626.00    +78.00   +14.23%
      25            16  3008      大立光                 345.00        300.00     3.95%   6100.00  6205.00  5940.00  6020.00     6205.00  6395.00  6090.00  6290.00   +270.00    +4.49%
      26            97  5434      崇越                   43.00          0.00     3.77%    539.00   545.00   538.00   540.00      571.00   585.00   568.00   583.00    +43.00    +7.96%
      27            41  6944      兆聯實業                 41.00          0.00     3.60%    763.00   795.00   760.00   776.00      805.00   810.00   785.00   799.00    +23.00    +2.96%
      28            45  3450      聯鈞                   40.00          0.00     3.51%    513.00   535.00   510.00   525.00      531.00   553.00   522.00   543.00    +18.00    +3.43%
      29            56  3661      世芯-KY               125.00         85.00     3.51%   3750.00  3795.00  3675.00  3685.00     3765.00  3855.00  3765.00  3810.00   +125.00    +3.39%
      30            51  4722      國精化                  39.50          0.00     3.47%    184.00   194.50   184.00   190.00      212.00   230.00   209.50   230.00    +40.00   +21.05%
      31            81  1560      中砂                   52.00         15.00     3.25%    960.00   977.00   955.00   956.00     1005.00  1030.00   993.00  1015.00    +59.00    +6.17%
      32            54  6414      樺漢                   34.50          0.00     3.03%    380.50   409.50   377.50   398.00      402.50   405.00   398.50   401.50     +3.50    +0.88%
      33            55  8039      台虹                   42.00         12.00     2.63%    257.50   273.50   256.50   273.50      285.00   296.00   280.50   296.00    +22.50    +8.23%
      34            52  3026      禾伸堂                  61.00         31.00     2.63%    804.00   804.00   785.00   796.00      845.00   881.00   831.00   835.00    +39.00    +4.90%
      35            49  4551      智伸科                  29.50          0.00     2.59%    162.50   179.50   162.00   179.50      173.00   186.50   172.00   186.00     +6.50    +3.62%
      36            53  3583      辛耘                   29.00          0.00     2.54%    698.00   721.00   698.00   713.00      711.00   724.00   711.00   721.00     +8.00    +1.12%
      37            50  6789      采鈺                   28.50          0.00     2.50%    465.00   482.00   463.00   478.50      488.00   496.50   484.00   490.50    +12.00    +2.51%
      38            30  3167      大量                   88.00         62.00     2.28%    936.00   946.00   895.00   903.00      983.00  1005.00   948.00   981.00    +78.00    +8.64%
      39            61  3016      嘉晶                   25.00          0.00     2.19%    165.00   176.00   161.50   172.50      169.50   182.00   169.50   180.50     +8.00    +4.64%
      40            69  5234      達興材料                 38.50         13.50     2.19%    294.50   322.00   294.00   322.00      305.00   322.00   302.50   312.00    -10.00    -3.11%
==========================================================================================================================================================================
✅ 共 40 筆
