
██████████████████████████████████████████████████████████████████████████████████████████████████████████████
  📅 天數組合: 10 日  →  輸出檔: s13_10.txt
██████████████████████████████████████████████████████████████████████████████████████████████████████████████

🔁 共執行 10 次，每次區間長度 11 個交易日

══════════════════════════════════════════════════════════════════════════════════════════════════════════════
  🔄 第  1/10 次  2026/09/21 ～ 2026/10/07
══════════════════════════════════════════════════════════════════════════════════════════════════════════════

==========================================================================================================================================================================
📊 動能效率優先權分數排名 (2026/09/21 ~ 2026/10/07)
==========================================================================================================================================================================
    實資排名          累計天數排名  代號        名稱                 累計漲停(元)       累計跌停(元)       強度%  (09/21)開盤      最高      最低      收盤    (10/07)開盤      最高      最低      收盤      賺賠    賺賠率
--------------------------------------------------------------------------------------------------------------------------------------------------------------------------
       1               3  2466      冠西電                  63.00          0.00   100.00%    104.50   110.00   104.50   110.00      165.00   183.50   164.50   180.50    +70.50   +64.09%
       2               7  6957      裕慶-KY               194.00          0.00    85.29%    274.50   295.00   272.50   290.00      405.00   444.00   404.50   444.00   +154.00   +53.10%
       3               1  6672      騰輝電子-KY             191.50          0.00    83.00%    306.50   316.00   304.00   310.00      505.00   505.00   497.50   505.00   +195.00   +62.90%
       4               5  6213      聯茂                  280.00          0.00    82.44%    515.00   542.00   510.00   542.00      787.00   813.00   780.00   796.00   +254.00   +46.86%
       5               2  3016      嘉晶                   64.50          0.00    81.35%    118.00   123.00   115.50   120.50      188.50   195.50   185.00   195.00    +74.50   +61.83%
       6               8  6944      兆聯實業                189.00          0.00    78.40%    708.00   724.00   705.00   712.00      835.00   908.00   835.00   908.00   +196.00   +27.53%
       7               6  6533      晶心科                 115.50         30.50    63.15%    269.00   270.50   260.00   263.50      341.50   347.00   338.00   347.00    +83.50   +31.69%
       8               9  3189      景碩                  308.00         25.00    60.24%    849.00   878.00   824.00   827.00     1085.00  1145.00  1085.00  1100.00   +273.00   +33.01%
       9              17  1303      南亞                   57.50          0.00    55.94%    238.50   245.00   235.00   239.50      293.00   322.00   293.00   314.00    +74.50   +31.11%
      10               4  6861      睿生光電                 66.00         46.50    54.87%    235.00   252.00   234.00   246.00      272.50   277.50   265.00   270.50    +24.50    +9.96%
      11              22  6278      台表科                  49.50          0.00    47.29%    197.00   198.00   193.50   194.50      229.50   250.50   227.00   250.50    +56.00   +28.79%
      12              11  3037      欣興                  364.00         35.00    46.01%    999.00  1055.00   999.00  1020.00     1310.00  1345.00  1300.00  1305.00   +285.00   +27.94%
      13              13  8046      南電                  445.00         65.00    45.48%   1110.00  1150.00  1050.00  1060.00     1505.00  1560.00  1470.00  1480.00   +420.00   +39.62%
      14              21  6196      帆宣                  165.00         37.00    45.40%    549.00   549.00   532.00   535.00      660.00   675.00   660.00   670.00   +135.00   +25.23%
      15              18  3653      健策                 1875.00        595.00    42.75%   5765.00  5890.00  5700.00  5790.00     6970.00  7020.00  6760.00  6805.00  +1015.00   +17.53%
      16              10  3055      蔚華科                  45.00          0.00    42.67%    168.00   188.00   167.00   188.00      218.00   227.50   213.00   223.00    +35.00   +18.62%
      17              16  8021      尖點                   78.00          0.00    42.55%    461.50   481.00   457.00   466.00      562.00   574.00   549.00   556.00    +90.00   +19.31%
      18              44  6449      鈺邦                   55.00          0.00    41.66%    218.00   223.00   215.00   215.50      238.00   261.50   237.00   261.50    +46.00   +21.35%
      19              12  8150      南茂                   21.50          0.00    40.83%     96.00   103.00    94.80   103.00      126.00   129.00   125.00   128.50    +25.50   +24.76%
      20              25  7788      松川精密                 75.00         36.50    40.68%    298.00   302.00   291.00   291.00      342.00   345.50   329.00   329.00    +38.00   +13.06%
      21              19  2241      艾姆勒                   0.00          0.00    40.55%     35.05    37.35    34.50    37.35       47.60    52.00    47.40    52.00    +14.65   +39.22%
      22              32  2492      華新科                 121.50          9.50    40.48%    311.50   326.00   307.50   308.50      389.00   428.00   388.00   428.00   +119.50   +38.74%
      23              15  2404      漢唐                  290.00         85.00    39.97%   1125.00  1160.00  1090.00  1130.00     1335.00  1340.00  1305.00  1330.00   +200.00   +17.70%
      24              24  6225      天瀚                    0.00          0.00    36.40%     57.90    60.10    55.60    56.90       65.70    70.40    65.70    68.70    +11.80   +20.74%
      25              23  8039      台虹                   42.00         12.00    35.69%    270.00   272.00   262.50   265.00      295.50   304.50   288.00   304.50    +39.50   +14.91%
      26              14  6526      達發                  175.00         93.00    35.31%    700.00   734.00   688.00   724.00      833.00   833.00   772.00   786.00    +62.00    +8.56%
      27              30  4919      新唐                   24.50          0.00    34.72%    135.00   135.00   125.00   125.50      151.50   164.00   150.00   159.50    +34.00   +27.09%
      28              20  8996      高力                  430.00        220.00    34.00%   1430.00  1520.00  1405.00  1505.00     1660.00  1660.00  1605.00  1645.00   +140.00    +9.30%
      29              52  3532      台勝科                  73.50          0.00    33.87%    450.50   452.00   432.50   440.00      468.00   513.00   467.00   513.00    +73.00   +16.59%
      30              29  2424      隴華                    0.00          0.00    33.05%      7.93     8.05     7.93     8.01        8.65     9.05     8.65     8.90     +0.89   +11.11%
      31              31  1560      中砂                  147.00         35.00    31.77%    903.00   916.00   861.00   914.00     1030.00  1040.00  1015.00  1020.00   +106.00   +11.60%
      32              36  2340      台亞                    0.00          0.00    31.43%     34.40    34.70    34.00    34.50       46.40    49.00    43.50    48.15    +13.65   +39.57%
      33              35  2368      金像電                 305.00         75.00    29.77%   1020.00  1050.00  1000.00  1045.00     1265.00  1310.00  1240.00  1245.00   +200.00   +19.14%
      34              42  4958      臻鼎-KY               129.00         16.00    29.64%    476.50   482.00   463.50   470.00      576.00   600.00   573.00   595.00   +125.00   +26.60%
      35              34  3167      大量                  270.00         90.00    29.60%    834.00   836.00   805.00   806.00     1025.00  1060.00  1015.00  1025.00   +219.00   +27.17%
      36              33  5292      華懋                   11.50          0.00    29.36%    219.50   219.50   215.00   218.00      248.50   250.50   237.50   243.00    +25.00   +11.47%
      37              28  1727      中華化                  21.50         21.00    29.35%    107.00   109.50   100.50   103.00      105.50   109.50   105.00   106.00     +3.00    +2.91%
      38              26  7822      倍利科                 148.00         50.00    29.25%    850.00   851.00   836.00   850.00      993.00  1005.00   946.00   950.00   +100.00   +11.76%
      39              67  3661      世芯-KY               735.00         85.00    29.19%   3700.00  3700.00  3580.00  3665.00     4200.00  4295.00  4135.00  4190.00   +525.00   +14.32%
      40              50  3030      德律                   21.00          0.00    28.79%    268.50   272.00   267.50   268.50      306.00   317.00   302.50   313.50    +45.00   +16.76%
==========================================================================================================================================================================
✅ 共 40 筆


══════════════════════════════════════════════════════════════════════════════════════════════════════════════
  🔄 第  2/10 次  2026/09/18 ～ 2026/10/06
══════════════════════════════════════════════════════════════════════════════════════════════════════════════

==========================================================================================================================================================================
📊 動能效率優先權分數排名 (2026/09/18 ~ 2026/10/06)
==========================================================================================================================================================================
    實資排名          累計天數排名  代號        名稱                 累計漲停(元)       累計跌停(元)       強度%  (09/18)開盤      最高      最低      收盤    (10/06)開盤      最高      最低      收盤      賺賠    賺賠率
--------------------------------------------------------------------------------------------------------------------------------------------------------------------------
       1               6  6213      聯茂                  290.00          0.00   100.00%    503.00   525.00   501.00   505.00      797.00   818.00   762.00   787.00   +282.00   +55.84%
       2               3  6672      騰輝電子-KY             146.00          0.00    93.40%    299.50   309.50   297.00   302.00      456.00   459.50   435.00   459.50   +157.50   +52.15%
       3               2  6533      晶心科                 134.50         30.50    89.62%    255.00   276.00   250.00   270.50      336.00   348.00   326.00   345.00    +74.50   +27.54%
       4               1  6861      睿生光電                 86.50         46.50    86.57%    216.00   229.50   216.00   229.50      295.50   295.50   270.50   270.50    +41.00   +17.86%
       5               4  3016      嘉晶                   64.50          0.00    78.38%    116.50   119.00   115.00   116.50      186.00   189.50   181.50   188.00    +71.50   +61.37%
       6               8  2466      冠西電                  53.00          0.00    77.69%    104.00   108.50   102.50   106.00      160.00   170.50   157.50   170.50    +64.50   +60.85%
       7              10  3189      景碩                  305.00         25.00    74.49%    828.00   850.00   815.00   832.00     1095.00  1105.00  1055.00  1070.00   +238.00   +28.61%
       8               5  2404      漢唐                  385.00         85.00    64.97%   1040.00  1130.00  1040.00  1125.00     1320.00  1355.00  1305.00  1335.00   +210.00   +18.67%
       9               7  6526      達發                  237.00         37.00    63.54%    643.00   691.00   640.00   691.00      844.00   857.00   836.00   842.00   +151.00   +21.85%
      10              22  7788      松川精密                 85.00          0.00    62.31%    290.50   304.00   290.50   297.00      339.50   365.50   335.00   365.50    +68.50   +23.06%
      11              12  3037      欣興                  405.00         35.00    61.89%    973.00   990.00   971.00   981.00     1335.00  1340.00  1285.00  1310.00   +329.00   +33.54%
      12              16  8046      南電                  480.00         40.00    61.24%   1105.00  1120.00  1065.00  1100.00     1500.00  1520.00  1485.00  1505.00   +405.00   +36.82%
      13              23  8021      尖點                   88.00          0.00    60.15%    468.00   476.00   444.00   460.00      566.00   584.00   557.00   561.00   +101.00   +21.96%
      14              17  6196      帆宣                  189.00         37.00    58.77%    526.00   541.00   521.00   540.00      684.00   684.00   649.00   663.00   +123.00   +22.78%
      15               9  3055      蔚華科                  45.50          0.00    58.31%    166.00   173.50   163.50   171.00      222.50   222.50   213.00   213.50    +42.50   +24.85%
      16              15  3653      健策                 2045.00        320.00    57.81%   5520.00  5650.00  5415.00  5525.00     7185.00  7280.00  7050.00  7080.00  +1555.00   +28.14%
      17              11  8996      高力                  515.00        220.00    56.02%   1350.00  1430.00  1330.00  1430.00     1600.00  1600.00  1540.00  1600.00   +170.00   +11.89%
      18              21  6944      兆聯實業                129.00          0.00    54.83%    690.00   715.00   689.00   708.00      823.00   832.00   814.00   826.00   +118.00   +16.67%
      19              19  1560      中砂                  228.00         25.00    49.61%    855.00   896.00   813.00   896.00     1045.00  1045.00  1020.00  1030.00   +134.00   +14.96%
      20              24  8039      台虹                   54.50         12.00    48.79%    260.50   271.00   257.00   269.50      303.50   305.50   291.50   295.50    +26.00    +9.65%
      21              14  6715      嘉基                  100.00         26.50    48.61%    398.00   433.00   394.00   433.00      485.50   492.50   450.00   482.50    +49.50   +11.43%
      22              18  8150      南茂                   21.50          0.00    47.29%     89.00    95.10    88.80    94.00      124.00   130.50   123.00   127.50    +33.50   +35.64%
      23              13  4919      新唐                   36.00          0.00    47.20%    118.00   126.50   117.00   126.50      156.00   157.00   149.50   150.50    +24.00   +18.97%
      24              29  2368      金像電                 375.00         60.00    46.65%    978.00  1020.00   969.00  1020.00     1220.00  1295.00  1200.00  1260.00   +240.00   +23.53%
      25              20  6257      矽格                   65.50          0.00    45.95%    231.00   244.50   227.50   244.50      269.50   286.00   267.50   286.00    +41.50   +16.97%
      26              39  1303      南亞                   36.50          0.00    45.48%    240.50   245.00   234.00   238.00      288.00   300.00   274.50   293.00    +55.00   +23.11%
      27              25  6691      洋基工程                204.00         31.00    44.85%    619.00   650.00   617.00   650.00      794.00   794.00   769.00   787.00   +137.00   +21.08%
      28              41  5434      崇越                   90.00          0.00    44.20%    535.00   545.00   532.00   540.00      620.00   633.00   613.00   619.00    +79.00   +14.63%
      29              26  6278      台表科                  45.00          0.00    43.46%    187.00   196.00   186.00   196.00      230.00   237.50   217.50   234.00    +38.00   +19.39%
      30              32  2241      艾姆勒                   0.00          0.00    42.50%     33.90    34.60    33.75    34.45       46.50    48.45    46.25    47.35    +12.90   +37.45%
      31              33  3661      世芯-KY               970.00         85.00    41.80%   3390.00  3540.00  3380.00  3540.00     4000.00  4240.00  3850.00  4180.00   +640.00   +18.08%
      32              55  6957      裕慶-KY               154.00          0.00    41.14%    274.50   279.00   267.50   270.50      417.50   417.50   391.00   404.00   +133.50   +49.35%
      33              30  6805      富世達                 650.00        325.00    40.78%   2195.00  2295.00  2155.00  2295.00     2445.00  2505.00  2380.00  2415.00   +120.00    +5.23%
      34              35  2424      隴華                    0.00          0.00    40.15%      7.90     8.30     7.88     8.26        8.15     9.07     8.15     8.65     +0.39    +4.72%
      35              31  3605      宏致                   29.00         12.00    39.88%    149.50   154.00   142.00   154.00      168.00   173.00   160.00   172.00    +18.00   +11.69%
      36              37  3167      大量                  287.00         90.00    39.52%    833.00   855.00   810.00   834.00     1010.00  1020.00   970.00  1020.00   +186.00   +22.30%
      37              40  5292      華懋                   11.50          0.00    38.87%    216.50   220.00   216.50   220.00      248.50   252.50   245.00   249.00    +29.00   +13.18%
      38              38  7822      倍利科                 148.00         24.00    38.60%    856.00   861.00   839.00   850.00     1005.00  1025.00   976.00   976.00   +126.00   +14.82%
      39              27  3443      創意                 2840.00        965.00    37.32%   6600.00  7150.00  6510.00  7150.00     8680.00  8710.00  8110.00  8375.00  +1225.00   +17.13%
      40              51  6225      天瀚                    0.00          0.00    37.17%     62.80    62.80    60.00    60.00       68.80    70.60    66.60    70.30    +10.30   +17.17%
==========================================================================================================================================================================
✅ 共 40 筆


══════════════════════════════════════════════════════════════════════════════════════════════════════════════
  🔄 第  3/10 次  2026/09/17 ～ 2026/10/05
══════════════════════════════════════════════════════════════════════════════════════════════════════════════

==========================================================================================================================================================================
📊 動能效率優先權分數排名 (2026/09/17 ~ 2026/10/05)
==========================================================================================================================================================================
    實資排名          累計天數排名  代號        名稱                 累計漲停(元)       累計跌停(元)       強度%  (09/17)開盤      最高      最低      收盤    (10/05)開盤      最高      最低      收盤      賺賠    賺賠率
--------------------------------------------------------------------------------------------------------------------------------------------------------------------------
       1               1  6533      晶心科                 157.00         30.50   100.00%    232.00   251.50   232.00   251.50      351.00   351.50   332.00   336.00    +84.50   +33.60%
       2               6  3016      嘉晶                   64.50          0.00    66.49%    116.00   122.00   113.50   115.50      186.00   189.50   178.00   181.50    +66.00   +57.14%
       3               5  6957      裕慶-KY               169.50          0.00    64.14%    260.00   280.50   260.00   274.00      386.00   413.00   380.50   410.00   +136.00   +49.64%
       4               2  1560      中砂                  302.00         15.00    63.54%    750.00   815.00   750.00   815.00     1020.00  1060.00  1010.00  1040.00   +225.00   +27.61%
       5              14  8021      尖點                   98.00          0.00    63.26%    458.00   481.00   446.50   450.00      560.00   577.00   536.00   560.00   +110.00   +24.44%
       6               8  3055      蔚華科                  45.50          0.00    59.04%    168.00   169.50   160.50   161.00      221.00   222.00   213.00   216.50    +55.50   +34.47%
       7               9  3653      健策                 2160.00        195.00    58.34%   5400.00  5605.00  5320.00  5355.00     6800.00  7440.00  6760.00  7205.00  +1850.00   +34.55%
       8              10  6196      帆宣                  189.00         21.00    56.54%    524.00   535.00   516.00   516.00      628.00   679.00   622.00   679.00   +163.00   +31.59%
       9               3  6526      達發                  237.00         37.00    56.54%    639.00   649.00   629.00   629.00      855.00   885.00   828.00   841.00   +212.00   +33.70%
      10               4  2404      漢唐                  360.00         85.00    56.03%   1040.00  1055.00  1025.00  1030.00     1300.00  1325.00  1280.00  1310.00   +280.00   +27.18%
      11              24  6213      聯茂                  254.00         55.00    53.94%    548.00   548.00   495.00   495.00      690.00   751.00   682.00   751.00   +256.00   +51.72%
      12              16  2466      冠西電                  37.50          0.00    50.52%    105.00   106.50   102.00   102.50      150.00   155.00   145.00   155.00    +52.50   +51.22%
      13              13  4919      新唐                   36.00          0.00    49.67%    116.50   118.50   114.50   115.00      162.50   162.50   154.00   155.50    +40.50   +35.22%
      14              11  8996      高力                  515.00        220.00    49.28%   1330.00  1360.00  1285.00  1300.00     1555.00  1600.00  1540.00  1595.00   +295.00   +22.69%
      15              21  1303      南亞                   48.50          0.00    48.72%    228.00   239.50   226.50   236.00      270.00   286.00   266.50   286.00    +50.00   +21.19%
      16              22  6672      騰輝電子-KY             146.00         10.50    48.24%    306.00   315.00   285.50   293.50      444.00   457.50   435.00   451.00   +157.50   +53.66%
      17              12  6861      睿生光電                 86.50         35.50    48.04%    224.00   229.50   207.50   209.00      295.00   311.00   294.00   295.50    +86.50   +41.39%
      18               7  3443      創意                 3170.00        740.00    47.99%   6315.00  6610.00  6205.00  6500.00     8150.00  8690.00  8150.00  8600.00  +2100.00   +32.31%
      19              20  6944      兆聯實業                117.00          0.00    47.32%    693.00   697.00   685.00   686.00      802.00   820.00   791.00   814.00   +128.00   +18.66%
      20              18  7822      倍利科                 188.00         10.00    46.86%    821.00   866.00   821.00   850.00     1010.00  1030.00   987.00   990.00   +140.00   +16.47%
      21              31  3189      景碩                  305.00         15.00    44.07%    825.00   835.00   785.00   805.00     1055.00  1150.00  1030.00  1095.00   +290.00   +36.02%
      22              15  6805      富世達                 695.00        290.00    43.60%   2095.00  2200.00  2080.00  2090.00     2350.00  2510.00  2340.00  2450.00   +360.00   +17.22%
      23              17  6715      嘉基                  100.00         26.50    42.92%    406.00   432.00   391.50   394.00      453.50   485.00   444.50   480.50    +86.50   +21.95%
      24              40  8046      南電                  470.00         80.00    40.73%   1120.00  1130.00  1060.00  1065.00     1460.00  1550.00  1445.00  1495.00   +430.00   +40.38%
      25              25  6691      洋基工程                204.00         31.00    40.72%    622.00   627.00   610.00   610.00      752.00   794.00   747.00   794.00   +184.00   +30.16%
      26              35  3037      欣興                  405.00         41.00    40.46%    979.00   993.00   940.00   940.00     1325.00  1420.00  1310.00  1325.00   +385.00   +40.96%
      27              27  1727      中華化                  21.50          9.50    40.27%     98.70   105.00    97.70   105.00      128.00   130.00   116.00   117.50    +12.50   +11.90%
      28              29  8028      昇陽半導體                55.00          0.00    39.73%    237.50   249.50   235.50   244.00      288.50   290.50   280.50   281.50    +37.50   +15.37%
      29              55  5434      崇越                   90.00          0.00    39.10%    545.00   545.00   529.00   530.00      598.00   623.00   593.00   620.00    +90.00   +16.98%
      30              30  2241      艾姆勒                   0.00          0.00    37.58%     33.70    34.05    33.50    33.70       43.55    46.50    43.10    46.05    +12.35   +36.65%
      31              28  8150      南茂                   21.50          0.00    37.34%     88.10    90.10    86.30    86.70      133.00   133.00   123.00   124.00    +37.30   +43.02%
      32              43  3533      嘉澤                  415.00         55.00    36.71%   1520.00  1620.00  1520.00  1555.00     1860.00  1895.00  1850.00  1875.00   +320.00   +20.58%
      33              42  5292      華懋                   11.50          0.00    36.31%    212.00   219.00   211.50   216.50      240.00   251.00   240.00   247.00    +30.50   +14.09%
      34              39  3094      聯傑                    0.00          0.00    35.75%     44.55    47.20    44.55    47.00       70.40    73.50    68.70    69.00    +22.00   +46.81%
      35              56  2340      台亞                    0.00          0.00    35.64%     33.20    34.20    32.85    32.95       46.70    50.30    46.50    50.30    +17.35   +52.66%
      36              19  6257      矽格                   52.00          0.00    35.34%    215.50   226.00   215.00   222.50      270.00   275.00   253.50   260.00    +37.50   +16.85%
      37              36  6278      台表科                  31.00          0.00    35.21%    185.50   190.00   183.50   184.00      218.50   222.00   211.50   220.00    +36.00   +19.57%
      38              44  1709      和益                    0.00          0.00    35.00%     40.80    42.95    39.10    42.95       63.80    64.30    63.60    64.30    +21.35   +49.71%
      39              23  3665      貿聯-KY               655.00        165.00    34.63%   2035.00  2085.00  1985.00  2010.00     2560.00  2560.00  2445.00  2485.00   +475.00   +23.63%
      40              32  3031      佰鴻                    0.00          0.00    34.28%     24.75    26.65    24.55    26.65       32.80    34.70    32.10    32.90     +6.25   +23.45%
==========================================================================================================================================================================
✅ 共 40 筆


══════════════════════════════════════════════════════════════════════════════════════════════════════════════
  🔄 第  4/10 次  2026/09/16 ～ 2026/10/02
══════════════════════════════════════════════════════════════════════════════════════════════════════════════

==========================================================================================================================================================================
📊 動能效率優先權分數排名 (2026/09/16 ~ 2026/10/02)
==========================================================================================================================================================================
    實資排名          累計天數排名  代號        名稱                 累計漲停(元)       累計跌停(元)       強度%  (09/16)開盤      最高      最低      收盤    (10/02)開盤      最高      最低      收盤      賺賠    賺賠率
--------------------------------------------------------------------------------------------------------------------------------------------------------------------------
       1               1  6533      晶心科                 157.00         14.50   100.00%    224.50   229.00   224.50   229.00      366.50   366.50   350.50   352.00   +123.00   +53.71%
       2               2  3016      嘉晶                   64.50          0.00    72.00%    110.50   116.00   107.50   115.50      169.50   182.00   169.50   180.50    +65.00   +56.28%
       3               7  3055      蔚華科                  45.50          0.00    60.35%    161.00   167.00   158.00   164.00      216.00   217.00   212.50   216.00    +52.00   +31.71%
       4              16  8021      尖點                   98.00          0.00    60.03%    433.00   443.00   411.50   440.00      503.00   553.00   501.00   553.00   +113.00   +25.68%
       5               4  8996      高力                  510.00        220.00    58.11%   1230.00  1300.00  1230.00  1300.00     1595.00  1635.00  1490.00  1510.00   +210.00   +16.15%
       6              12  4919      新唐                   36.00          0.00    57.03%    112.00   117.00   111.50   116.00      151.00   167.00   145.50   163.00    +47.00   +40.52%
       7              11  7822      倍利科                 198.00          0.00    55.36%    800.00   824.00   800.00   810.00     1000.00  1015.00   990.00  1000.00   +190.00   +23.46%
       8               5  1560      中砂                  277.00         15.00    55.02%    740.00   754.00   739.00   741.00     1005.00  1030.00   993.00  1015.00   +274.00   +36.98%
       9               8  6526      達發                  237.00         37.00    54.70%    627.00   637.00   625.00   629.00      838.00   838.00   821.00   835.00   +206.00   +32.75%
      10               3  6715      嘉基                  104.00         26.50    52.76%    354.00   393.00   339.50   393.00      442.50   468.00   436.00   449.00    +56.00   +14.25%
      11              15  6672      騰輝電子-KY             147.00         10.50    52.57%    295.50   306.00   290.00   304.00      413.00   439.00   404.00   439.00   +135.00   +44.41%
      12               9  2404      漢唐                  335.00         85.00    51.08%   1040.00  1060.00  1030.00  1035.00     1320.00  1355.00  1265.00  1285.00   +250.00   +24.15%
      13              19  8150      南茂                   21.50          0.00    46.28%     85.20    87.30    84.70    87.10      116.00   127.00   114.50   127.00    +39.90   +45.81%
      14              18  1727      中華化                  21.50          9.50    46.10%     91.50    98.70    90.90    95.60      111.00   123.00   111.00   123.00    +27.40   +28.66%
      15               6  3443      創意                 2605.00        740.00    45.16%   6070.00  6295.00  6050.00  6170.00     7895.00  8005.00  7835.00  7900.00  +1730.00   +28.04%
      16              27  8028      昇陽半導體                55.00          0.00    44.34%    228.00   236.50   227.00   233.00      280.00   287.00   277.50   283.50    +50.50   +21.67%
      17              17  3605      宏致                   41.50         12.00    44.08%    130.00   140.00   129.00   140.00      176.50   182.00   169.00   170.50    +30.50   +21.79%
      18              20  6805      富世達                 575.00        290.00    44.00%   2035.00  2070.00  2010.00  2045.00     2340.00  2375.00  2300.00  2310.00   +265.00   +12.96%
      19              23  6861      睿生光電                 86.50         35.50    43.68%    227.50   233.50   219.00   223.00      293.00   298.50   290.00   296.00    +73.00   +32.74%
      20              10  6957      裕慶-KY               150.00          0.00    42.64%    246.00   260.00   246.00   258.50      375.00   389.00   366.00   377.00   +118.50   +45.84%
      21              25  7768      頌勝科技                 61.50          0.00    41.74%    252.00   262.00   252.00   260.00      303.00   324.50   303.00   313.00    +53.00   +20.38%
      22              29  2466      冠西電                  23.50          0.00    41.10%    102.50   108.00   102.50   104.00      130.50   141.00   130.50   141.00    +37.00   +35.58%
      23              13  7799      禾榮科                 192.00         59.00    40.79%    430.00   457.00   424.00   457.00      558.00   561.00   535.00   543.00    +86.00   +18.82%
      24              21  6257      矽格                   52.00          0.00    40.56%    209.50   212.50   208.00   210.00      252.50   266.00   250.50   257.50    +47.50   +22.62%
      25              37  3037      欣興                  395.00         41.00    40.32%    961.00   971.00   940.00   961.00     1225.00  1305.00  1215.00  1305.00   +344.00   +35.80%
      26              22  3665      貿聯-KY               670.00        110.00    39.68%   1980.00  2030.00  1935.00  1995.00     2620.00  2670.00  2525.00  2540.00   +545.00   +27.32%
      27              14  6933      AMAX-KY             149.50         40.00    39.39%    286.00   314.50   282.50   314.50      394.00   413.00   378.00   379.00    +64.50   +20.51%
      28              42  6944      兆聯實業                102.00          0.00    38.35%    691.00   698.00   685.00   685.00      805.00   810.00   785.00   799.00   +114.00   +16.64%
      29              39  6213      聯茂                  217.00         55.00    38.21%    525.00   555.00   514.00   550.00      646.00   700.00   639.00   683.00   +133.00   +24.18%
      30              48  6834      天二科技                 10.50          0.00    37.36%     98.80   100.50    97.50   100.00      118.00   131.00   118.00   131.00    +31.00   +31.00%
      31              45  3189      景碩                  285.00         15.00    37.12%    810.00   832.00   792.00   820.00     1010.00  1070.00  1005.00  1050.00   +230.00   +28.05%
      32              33  3094      聯傑                    0.00          0.00    37.05%     42.25    45.00    42.25    44.55       69.20    73.00    67.90    70.30    +25.75   +57.80%
      33              24  2033      佳大                    0.00          0.00    36.99%     26.00    28.05    25.80    28.05       51.20    51.20    51.20    51.20    +23.15   +82.53%
      34              31  1709      和益                    0.00          0.00    36.55%     35.95    39.05    35.90    39.05       55.50    58.50    54.70    58.50    +19.45   +49.81%
      35              35  6196      帆宣                  128.00         21.00    36.23%    521.00   528.00   516.00   521.00      609.00   619.00   602.00   618.00    +97.00   +18.62%
      36              50  8046      南電                  455.00         80.00    36.21%   1095.00  1115.00  1060.00  1105.00     1440.00  1480.00  1395.00  1460.00   +355.00   +32.13%
      37              30  6691      洋基工程                161.00         31.00    36.08%    610.00   624.00   610.00   618.00      740.00   759.00   730.00   741.00   +123.00   +19.90%
      38              38  3035      智原                   23.50          0.00    35.21%    170.50   174.50   170.50   173.50      213.00   217.00   210.00   215.50    +42.00   +24.21%
      39              32  3031      佰鴻                    0.00          0.00    34.96%     22.80    24.60    22.80    24.25       31.40    33.50    30.25    32.80     +8.55   +35.26%
      40              44  3167      大量                  280.00         90.00    34.56%    810.00   832.00   805.00   824.00      983.00  1005.00   948.00   981.00   +157.00   +19.05%
==========================================================================================================================================================================
✅ 共 40 筆


══════════════════════════════════════════════════════════════════════════════════════════════════════════════
  🔄 第  5/10 次  2026/09/15 ～ 2026/10/01
══════════════════════════════════════════════════════════════════════════════════════════════════════════════

==========================================================================================================================================================================
📊 動能效率優先權分數排名 (2026/09/15 ~ 2026/10/01)
==========================================================================================================================================================================
    實資排名          累計天數排名  代號        名稱                 累計漲停(元)       累計跌停(元)       強度%  (09/15)開盤      最高      最低      收盤    (10/01)開盤      最高      最低      收盤      賺賠    賺賠率
--------------------------------------------------------------------------------------------------------------------------------------------------------------------------
       1               1  6533      晶心科                 157.00          0.00   100.00%    232.00   234.00   224.00   224.50      346.00   366.50   337.00   366.50   +142.00   +63.25%
       2               2  6715      嘉基                  115.50         26.50    66.97%    333.50   380.00   333.50   357.50      445.00   453.00   430.00   453.00    +95.50   +26.71%
       3               3  2404      漢唐                  355.00         65.00    62.65%   1015.00  1050.00  1015.00  1035.00     1280.00  1315.00  1270.00  1305.00   +270.00   +26.09%
       4               4  3055      蔚華科                  45.50          0.00    55.93%    161.00   162.50   156.50   157.50      208.00   212.00   202.00   210.00    +52.50   +33.33%
       5               5  6526      達發                  237.00         37.00    50.89%    637.00   637.00   623.00   623.00      834.00   843.00   818.00   829.00   +206.00   +33.07%
       6               9  3016      嘉晶                   52.00          0.00    47.79%    113.00   119.00   107.50   110.00      169.00   169.00   162.50   168.00    +58.00   +52.73%
       7               6  3665      貿聯-KY               695.00         95.00    47.43%   1940.00  2020.00  1925.00  1980.00     2595.00  2625.00  2510.00  2555.00   +575.00   +29.04%
       8              10  3605      宏致                   41.50         12.00    45.98%    124.50   129.50   122.00   127.50      171.00   179.00   168.50   178.00    +50.50   +39.61%
       9               8  7799      禾榮科                 192.00         47.00    41.30%    410.00   424.00   408.00   415.50      555.00   574.00   544.00   555.00   +139.50   +33.57%
      10              15  8028      昇陽半導體                55.00          0.00    39.89%    221.00   231.50   220.00   226.50      277.00   281.00   275.50   280.00    +53.50   +23.62%
      11              17  6672      騰輝電子-KY             113.50         10.50    39.77%    294.50   303.50   289.50   291.00      376.50   405.50   369.50   405.50   +114.50   +39.35%
      12              11  6861      睿生光電                 86.50         35.50    38.72%    235.50   242.50   222.00   228.00      317.50   324.50   288.00   292.00    +64.00   +28.07%
      13              20  6944      兆聯實業                102.00          0.00    38.34%    689.00   699.00   689.00   691.00      776.00   807.00   776.00   800.00   +109.00   +15.77%
      14               7  6957      裕慶-KY               150.00          0.00    37.97%    244.00   245.00   238.00   245.00      400.00   400.00   364.00   384.00   +139.00   +56.73%
      15              16  4919      新唐                   25.00          0.00    37.87%    112.00   114.00   110.00   111.00      140.50   152.00   139.00   152.00    +41.00   +36.94%
      16              13  8996      高力                  510.00        180.00    36.88%   1245.00  1260.00  1200.00  1220.00     1515.00  1600.00  1470.00  1565.00   +345.00   +28.28%
      17              14  1727      中華化                  10.50          9.50    36.65%     88.00    92.80    87.60    90.10      108.00   116.00   105.50   112.00    +21.90   +24.31%
      18              12  7749      意騰-KY                63.00          9.50    35.13%    339.00   354.50   338.50   352.50      395.00   408.00   390.00   401.50    +49.00   +13.90%
      19              22  8046      南電                  445.00         80.00    34.67%   1070.00  1110.00  1055.00  1085.00     1390.00  1450.00  1370.00  1420.00   +335.00   +30.88%
      20              19  6691      洋基工程                161.00         31.00    33.78%    607.00   623.00   607.00   608.00      727.00   748.00   719.00   733.00   +125.00   +20.56%
      21              23  6257      矽格                   52.00          0.00    33.68%    210.00   214.50   207.50   207.50      251.00   259.00   249.00   256.50    +49.00   +23.61%
      22              26  7822      倍利科                 198.00         10.00    33.27%    810.00   821.00   792.00   800.00     1000.00  1020.00   979.00  1000.00   +200.00   +25.00%
      23              21  1560      中砂                  262.00         33.00    33.20%    746.00   752.00   735.00   735.00      963.00  1015.00   963.00  1000.00   +265.00   +36.05%
      24              27  6225      天瀚                    0.00          0.00    32.66%     60.80    70.00    60.80    63.50       66.90    66.90    66.90    66.90     +3.40    +5.35%
      25              24  2033      佳大                    0.00          0.00    32.53%     26.70    27.05    25.45    25.50       45.10    46.55    44.00    46.55    +21.05   +82.55%
      26              46  3094      聯傑                    0.00          0.00    32.11%     43.95    44.00    42.20    42.25       61.80    67.70    61.70    67.70    +25.45   +60.24%
      27              18  2424      隴華                    0.00          0.00    31.49%      7.70     7.98     7.70     7.97        8.02     8.43     8.02     8.16     +0.19    +2.38%
      28              31  7768      頌勝科技                 49.50          0.00    31.29%    252.00   255.00   252.00   252.50      299.50   304.00   289.00   301.00    +48.50   +19.21%
      29              33  6196      帆宣                  112.00         21.00    31.18%    521.00   530.00   516.00   518.00      588.00   602.00   579.00   602.00    +84.00   +16.22%
      30              25  1709      和益                    0.00          0.00    30.98%     36.00    36.35    34.30    35.50       51.80    53.20    51.60    53.20    +17.70   +49.86%
      31              34  4956      光鋐                    0.00          0.00    30.86%     33.10    33.40    32.05    32.05       46.50    49.60    46.20    47.25    +15.20   +47.43%
      32              28  3035      智原                   23.50          0.00    30.60%    172.50   172.50   169.00   170.00      210.00   214.00   208.50   213.00    +43.00   +25.29%
      33              29  2241      艾姆勒                   0.00          0.00    30.11%     33.65    34.00    33.25    33.35       46.00    46.20    44.00    44.05    +10.70   +32.08%
      34              30  3031      佰鴻                    0.00          0.00    29.87%     23.35    23.55    23.00    23.00       30.60    31.50    30.10    30.50     +7.50   +32.61%
      35              40  8150      南茂                   10.00          0.00    28.78%     86.00    88.10    84.40    84.40      113.00   116.00   109.50   115.50    +31.10   +36.85%
      36              41  4770      上品                   46.50          0.00    28.65%    226.50   226.50   219.00   220.00      278.50   281.50   273.50   275.00    +55.00   +25.00%
      37              39  2030      彰源                    0.00          0.00    28.29%     23.25    23.25    22.10    22.20       37.20    40.00    36.05    37.65    +15.45   +69.59%
      38              32  2254      巨鎧精密-創                0.00          0.00    27.88%     70.90    74.40    70.90    73.10       93.00    94.60    93.00    94.10    +21.00   +28.73%
      39              53  6933      AMAX-KY             149.50         44.00    27.85%    310.50   312.00   280.50   286.00      370.00   404.50   369.50   394.50   +108.50   +37.94%
      40              37  2305      全友                    0.00          0.00    27.64%     45.60    48.05    44.20    44.95       65.30    65.30    61.90    61.90    +16.95   +37.71%
==========================================================================================================================================================================
✅ 共 40 筆


══════════════════════════════════════════════════════════════════════════════════════════════════════════════
  🔄 第  6/10 次  2026/09/14 ～ 2026/09/30
══════════════════════════════════════════════════════════════════════════════════════════════════════════════

==========================================================================================================================================================================
📊 動能效率優先權分數排名 (2026/09/14 ~ 2026/09/30)
==========================================================================================================================================================================
    實資排名          累計天數排名  代號        名稱                 累計漲停(元)       累計跌停(元)       強度%  (09/14)開盤      最高      最低      收盤    (09/30)開盤      最高      最低      收盤      賺賠    賺賠率
--------------------------------------------------------------------------------------------------------------------------------------------------------------------------
       1               1  6715      嘉基                  129.00         26.50   100.00%    313.50   351.00   312.00   346.00      452.00   453.50   441.00   442.00    +96.00   +27.75%
       2               2  6533      晶心科                 124.00          0.00    88.96%    230.00   240.00   230.00   232.00      316.00   333.50   301.00   333.50   +101.50   +43.75%
       3               3  2404      漢唐                  350.00         65.00    78.43%    995.00  1040.00   992.00  1015.00     1230.00  1300.00  1230.00  1290.00   +275.00   +27.09%
       4               4  3665      貿聯-KY               775.00         55.00    69.65%   1825.00  2000.00  1810.00  1955.00     2500.00  2685.00  2485.00  2595.00   +640.00   +32.74%
       5               5  6957      裕慶-KY               137.00          0.00    63.22%    231.50   242.50   231.00   240.00      365.00   371.00   356.00   371.00   +131.00   +54.58%
       6               6  3055      蔚華科                  45.50          0.00    63.19%    149.50   159.50   148.50   159.50      201.00   211.00   195.00   209.50    +50.00   +31.35%
       7               7  6861      睿生光電                107.50         14.00    59.72%    226.50   235.50   226.50   235.50      294.00   313.50   294.00   313.50    +78.00   +33.12%
       8               9  3016      嘉晶                   52.00          0.00    58.58%    104.00   117.00   102.00   112.50      170.00   172.50   165.00   169.00    +56.50   +50.22%
       9               8  6526      達發                  237.00         26.00    57.66%    618.00   637.00   607.00   630.00      830.00   855.00   819.00   840.00   +210.00   +33.33%
      10              11  3605      宏致                   41.50         12.00    48.87%    120.00   127.00   118.00   126.50      183.00   183.50   168.50   170.50    +44.00   +34.78%
      11              10  7799      禾榮科                 176.00         47.00    45.58%    414.50   418.50   405.00   418.00      509.00   539.00   503.00   539.00   +121.00   +28.95%
      12              14  8028      昇陽半導體                55.00          0.00    40.92%    220.00   224.50   216.50   221.50      292.00   292.00   281.00   282.50    +61.00   +27.54%
      13              13  2305      全友                    0.00          0.00    38.97%     40.45    45.15    39.50    45.15       70.00    72.50    66.40    68.70    +23.55   +52.16%
      14              12  3443      創意                 2885.00        965.00    38.40%   5995.00  6575.00  5850.00  6400.00     8090.00  8110.00  7860.00  8040.00  +1640.00   +25.62%
      15              17  1727      中華化                  10.50          9.50    37.34%     89.00    89.70    86.20    88.20      117.00   117.00   108.00   109.00    +20.80   +23.58%
      16              19  6691      洋基工程                147.00         31.00    35.93%    609.00   618.00   602.00   613.00      666.00   719.00   665.00   719.00   +106.00   +17.29%
      17              21  4956      光鋐                    0.00          0.00    35.59%     31.60    34.45    31.30    33.40       46.25    49.80    45.50    46.50    +13.10   +39.22%
      18              18  2241      艾姆勒                   0.00          0.00    35.24%     33.20    33.85    32.85    33.45       43.50    47.90    43.45    46.15    +12.70   +37.97%
      19              16  2424      隴華                    0.00          0.00    35.09%      7.70     8.01     7.70     7.98        8.12     8.57     8.12     8.30     +0.32    +4.01%
      20              22  3094      聯傑                    0.00          0.00    34.33%     40.45    44.50    40.35    44.00       62.10    62.50    59.00    61.60    +17.60   +40.00%
      21              29  6672      騰輝電子-KY              77.00         10.50    33.93%    288.50   297.50   285.00   294.50      337.50   369.00   335.50   369.00    +74.50   +25.30%
      22              30  6805      富世達                 590.00        285.00    33.92%   2095.00  2210.00  2085.00  2165.00     2580.00  2720.00  2440.00  2455.00   +290.00   +13.39%
      23              15  2254      巨鎧精密-創                0.00          0.00    33.51%     65.80    70.80    65.80    70.80       92.20    93.10    92.10    92.60    +21.80   +30.79%
      24              26  6706      惠特                   28.00         15.00    33.07%    135.00   151.00   133.00   151.00      154.00   158.00   149.50   150.00     -1.00    -0.66%
      25              23  6257      矽格                   52.00          0.00    32.76%    206.00   213.00   204.00   210.00      239.00   260.00   238.50   254.00    +44.00   +20.95%
      26              34  6944      兆聯實業                 77.00          0.00    32.61%    681.00   694.00   676.00   694.00      780.00   795.00   774.00   775.00    +81.00   +11.67%
      27              20  3035      智原                   23.50          0.00    32.49%    167.00   176.00   165.00   172.50      210.50   215.50   208.00   210.50    +38.00   +22.03%
      28              41  4770      上品                   46.50          0.00    32.31%    227.00   229.00   220.50   224.50      288.00   288.50   277.50   282.00    +57.50   +25.61%
      29              28  3031      佰鴻                    0.00          0.00    32.05%     23.50    23.75    23.05    23.35       31.25    31.45    30.40    30.80     +7.45   +31.91%
      30              46  7768      頌勝科技                 49.50          0.00    31.76%    260.00   260.00   254.50   255.50      304.50   308.00   298.50   299.50    +44.00   +17.22%
      31              24  1709      和益                    0.00          0.00    31.76%     36.20    36.70    35.30    36.05       44.10    48.40    44.00    48.40    +12.35   +34.26%
      32              33  6196      帆宣                   95.00         21.00    31.41%    505.00   527.00   505.00   520.00      552.00   588.00   551.00   585.00    +65.00   +12.50%
      33              25  6278      台表科                  31.00          0.00    31.22%    182.00   187.00   179.50   185.50      220.00   223.00   214.00   218.00    +32.50   +17.52%
      34              68  6225      天瀚                    0.00          0.00    30.53%     74.00    74.00    67.50    67.50       60.10    60.90    60.10    60.90     -6.60    -9.78%
      35              38  2033      佳大                    0.00          0.00    30.52%     28.15    29.90    26.00    26.65       38.85    42.35    38.65    42.35    +15.70   +58.91%
      36              31  6168      宏齊                    0.00          0.00    30.16%     28.85    30.65    28.55    29.95       46.55    47.00    44.50    45.25    +15.30   +51.09%
      37              27  6491      晶碩                   25.00          0.00    29.69%    367.50   381.50   363.50   381.50      412.00   418.00   407.50   413.00    +31.50    +8.26%
      38              39  8150      南茂                   10.00          0.00    29.26%     85.50    88.20    84.30    86.60      106.00   114.50   105.50   114.50    +27.90   +32.22%
      39              53  8046      南電                  365.00        105.00    29.11%   1040.00  1070.00  1025.00  1055.00     1285.00  1340.00  1250.00  1340.00   +285.00   +27.01%
      40              37  2030      彰源                    0.00          0.00    29.07%     23.50    23.60    23.20    23.20       36.60    36.70    36.00    36.70    +13.50   +58.19%
==========================================================================================================================================================================
✅ 共 40 筆


══════════════════════════════════════════════════════════════════════════════════════════════════════════════
  🔄 第  7/10 次  2026/09/11 ～ 2026/09/29
══════════════════════════════════════════════════════════════════════════════════════════════════════════════

==========================================================================================================================================================================
📊 動能效率優先權分數排名 (2026/09/11 ~ 2026/09/29)
==========================================================================================================================================================================
    實資排名          累計天數排名  代號        名稱                 累計漲停(元)       累計跌停(元)       強度%  (09/11)開盤      最高      最低      收盤    (09/29)開盤      最高      最低      收盤      賺賠    賺賠率
--------------------------------------------------------------------------------------------------------------------------------------------------------------------------
       1               2  3016      嘉晶                   52.00          0.00   100.00%    106.50   109.50   101.00   109.50      165.00   176.00   161.50   172.50    +63.00   +57.53%
       2               5  6861      睿生光電                 89.50         14.00    97.16%    205.00   221.50   188.50   214.50      271.00   288.00   270.50   285.00    +70.50   +32.87%
       3               1  6715      嘉基                  129.00         31.50    94.33%    323.50   334.50   316.50   321.50      460.00   468.50   442.00   452.00   +130.50   +40.59%
       4               3  6957      裕慶-KY               103.50          0.00    93.84%    223.50   234.00   222.50   231.50      334.50   337.50   307.50   337.50   +106.00   +45.79%
       5               6  6706      惠特                   40.50         15.00    90.96%    123.50   137.50   122.50   137.50      142.00   154.50   141.50   151.00    +13.50    +9.82%
       6               4  3605      宏致                   41.50          0.00    89.56%    125.00   127.00   122.00   122.50      182.00   190.50   179.00   182.50    +60.00   +48.98%
       7              11  3055      蔚華科                  45.50          0.00    85.00%    158.50   162.00   148.00   154.50      196.00   207.50   191.50   203.50    +49.00   +31.72%
       8               7  8028      昇陽半導體                55.00          0.00    81.80%    223.00   226.50   221.50   225.50      270.50   295.50   269.50   289.00    +63.50   +28.16%
       9              10  2305      全友                    0.00          0.00    70.34%     38.65    41.05    37.70    41.05       61.70    69.10    61.10    69.10    +28.05   +68.33%
      10              12  6533      晶心科                  94.00         13.50    68.45%    239.00   239.50   231.00   232.50      272.50   303.50   268.00   303.50    +71.00   +30.54%
      11               9  1727      中華化                  10.50          0.00    67.10%     89.10    92.30    89.00    89.60      113.00   122.00   104.00   118.50    +28.90   +32.25%
      12               8  2404      漢唐                  280.00        120.00    65.13%   1025.00  1040.00  1000.00  1005.00     1250.00  1255.00  1180.00  1220.00   +215.00   +21.39%
      13              13  3665      貿聯-KY               625.00        110.00    59.51%   1880.00  1890.00  1850.00  1875.00     2385.00  2465.00  2375.00  2445.00   +570.00   +30.40%
      14              18  8996      高力                  520.00        235.00    58.51%   1270.00  1365.00  1230.00  1330.00     1505.00  1625.00  1480.00  1585.00   +255.00   +19.17%
      15              14  4770      上品                   46.50          0.00    57.36%    232.50   234.00   227.50   231.00      277.00   295.00   277.00   286.50    +55.50   +24.03%
      16              15  6526      達發                  211.00         44.00    56.48%    632.00   637.00   624.00   624.00      825.00   833.00   800.00   814.00   +190.00   +30.45%
      17              19  3094      聯傑                    0.00          0.00    56.02%     41.05    41.60    40.35    40.90       53.00    59.70    52.70    59.70    +18.80   +45.97%
      18              17  2424      隴華                    0.00          0.00    54.78%      8.02     8.49     8.01     8.01        7.85     8.45     7.85     8.12     +0.11    +1.37%
      19              21  7768      頌勝科技                 49.50          0.00    54.54%    271.50   271.50   263.00   263.00      304.50   307.50   297.00   304.00    +41.00   +15.59%
      20              22  2254      巨鎧精密-創                0.00          0.00    54.18%     65.60    66.00    64.90    65.80       89.20    92.10    89.20    91.80    +26.00   +39.51%
      21              16  1560      中砂                  282.00         70.00    53.90%    747.00   794.00   744.00   790.00      960.00   977.00   955.00   956.00   +166.00   +21.01%
      22              20  4956      光鋐                    0.00          0.00    53.83%     33.30    33.30    32.05    32.05       43.55    46.20    43.50    46.00    +13.95   +43.53%
      23              30  6278      台表科                  31.00          0.00    53.27%    186.00   189.00   183.50   186.50      209.00   221.50   209.00   216.00    +29.50   +15.82%
      24              39  6166      凌華                   11.00          0.00    53.03%    110.00   114.00   110.00   112.50      131.00   143.50   130.00   135.00    +22.50   +20.00%
      25              23  6168      宏齊                    0.00          0.00    52.14%     29.20    30.00    29.00    29.45       44.40    45.55    44.30    45.20    +15.75   +53.48%
      26              24  3031      佰鴻                    0.00          0.00    51.93%     23.95    23.95    23.50    23.60       30.35    31.65    30.30    31.25     +7.65   +32.42%
      27              26  2030      彰源                    0.00          0.00    50.84%     22.50    23.50    22.50    23.50       33.40    33.40    33.40    33.40     +9.90   +42.13%
      28              34  2241      艾姆勒                   0.00          0.00    50.63%     34.30    34.70    33.90    33.90       43.00    44.50    41.20    44.00    +10.10   +29.79%
      29              25  6133      金橋                    0.00          0.00    50.47%     21.80    23.75    21.80    23.55       25.90    28.50    25.90    28.50     +4.95   +21.02%
      30              31  6805      富世達                 590.00        265.00    49.15%   2135.00  2230.00  2110.00  2150.00     2455.00  2550.00  2420.00  2515.00   +365.00   +16.98%
      31              27  2444      兆勁                    0.00          0.00    49.02%     11.50    12.30    11.50    12.20       14.60    15.20    14.45    15.05     +2.85   +23.36%
      32              36  6405      悅城                    0.00          0.00    48.91%     37.10    38.55    37.10    38.35       41.10    45.55    40.95    45.55     +7.20   +18.77%
      33              35  6491      晶碩                   25.00          0.00    47.83%    366.00   369.00   359.00   367.50      402.00   406.00   399.50   406.00    +38.50   +10.48%
      34              29  3443      創意                 2770.00       1070.00    47.13%   6200.00  6200.00  5970.00  6120.00     8410.00  8415.00  7925.00  7925.00  +1805.00   +29.49%
      35              55  6225      天瀚                    0.00          0.00    47.00%     76.00    80.00    74.90    74.90       46.35    55.40    46.35    55.40    -19.50   -26.03%
      36              66  2395      研華                   77.00          0.00    46.75%    655.00   695.00   650.00   674.00      714.00   754.00   712.00   730.00    +56.00    +8.31%
      37              37  8046      南電                  305.00        105.00    46.56%   1045.00  1100.00  1035.00  1080.00     1210.00  1280.00  1200.00  1270.00   +190.00   +17.59%
      38              45  6456      GIS-KY                0.00          0.00    46.10%     63.00    64.00    62.50    63.40       85.00    89.40    84.10    89.40    +26.00   +41.01%
      39              44  1709      和益                    0.00          0.00    45.04%     35.30    36.80    34.70    36.20       43.50    44.95    43.20    44.00     +7.80   +21.55%
      40              28  2493      揚博                   47.00         23.50    44.45%    172.00   174.50   170.00   173.50      190.00   202.00   190.00   196.00    +22.50   +12.97%
==========================================================================================================================================================================
✅ 共 40 筆


══════════════════════════════════════════════════════════════════════════════════════════════════════════════
  🔄 第  8/10 次  2026/09/10 ～ 2026/09/24
══════════════════════════════════════════════════════════════════════════════════════════════════════════════

==========================================================================================================================================================================
📊 動能效率優先權分數排名 (2026/09/10 ~ 2026/09/24)
==========================================================================================================================================================================
    實資排名          累計天數排名  代號        名稱                 累計漲停(元)       累計跌停(元)       強度%  (09/10)開盤      最高      最低      收盤    (09/24)開盤      最高      最低      收盤      賺賠    賺賠率
--------------------------------------------------------------------------------------------------------------------------------------------------------------------------
       1               1  3016      嘉晶                   49.50          0.00   100.00%     99.30   110.00    99.30   110.00      147.50   160.00   147.00   160.00    +50.00   +45.45%
       2               2  6861      睿生光電                108.00         14.00    85.36%    190.50   204.00   188.50   204.00      266.50   290.00   266.00   279.50    +75.50   +37.01%
       3               4  3055      蔚華科                  56.00          0.00    80.43%    147.50   164.00   145.00   160.00      201.50   208.00   195.50   199.00    +39.00   +24.38%
       4               6  6957      裕慶-KY                73.00          0.00    70.17%    221.00   226.50   219.50   224.50      298.50   307.00   287.00   307.00    +82.50   +36.75%
       5               3  3605      宏致                   41.50          0.00    69.26%    128.00   131.00   124.50   128.00      179.50   186.50   178.50   183.50    +55.50   +43.36%
       6               9  6706      惠特                   40.50         15.00    63.61%    122.00   126.50   122.00   125.00      143.50   146.00   142.50   143.00    +18.00   +14.40%
       7               8  3443      創意                 3070.00        470.00    58.01%   5895.00  6275.00  5850.00  6225.00     8300.00  8545.00  8205.00  8525.00  +2300.00   +36.95%
       8               5  6715      嘉基                  129.00         33.00    54.89%    350.50   353.50   335.50   336.50      462.50   472.50   459.00   468.50   +132.00   +39.23%
       9               7  2404      漢唐                  280.00         55.00    54.11%   1055.00  1065.00  1040.00  1060.00     1255.00  1285.00  1205.00  1285.00   +225.00   +21.23%
      10              10  2305      全友                    0.00          0.00    50.14%     36.00    38.50    35.80    38.50       63.30    64.20    62.40    62.90    +24.40   +63.38%
      11              13  6526      達發                  211.00         18.00    44.53%    637.00   647.00   632.00   642.00      845.00   862.00   818.00   840.00   +198.00   +30.84%
      12              12  1727      中華化                  10.50          0.00    44.24%     90.00    92.40    89.90    90.40      114.00   125.00   109.00   115.50    +25.10   +27.77%
      13              11  7799      禾榮科                 166.00         57.50    43.90%    400.00   425.00   392.00   425.00      523.00   525.00   480.00   498.00    +73.00   +17.18%
      14              14  1560      中砂                  282.00         55.00    41.28%    727.00   735.00   718.00   733.00      950.00   975.00   945.00   971.00   +238.00   +32.47%
      15              17  6902      GOGOLOOK             41.00          0.00    40.89%    126.50   127.00   125.00   126.50      170.00   183.00   167.50   176.50    +50.00   +39.53%
      16              19  7768      頌勝科技                 49.50          0.00    39.79%    276.50   276.50   270.50   271.50      292.00   312.00   292.00   304.50    +33.00   +12.15%
      17              20  2254      巨鎧精密-創                0.00          0.00    38.74%     65.10    67.30    64.30    65.60       86.80    89.40    86.20    88.80    +23.20   +35.37%
      18              15  2424      隴華                    0.00          0.00    38.55%      7.98     8.09     7.98     8.01        7.90     8.40     7.90     8.20     +0.19    +2.37%
      19              16  6168      宏齊                    0.00          0.00    38.30%     29.40    30.75    29.25    29.80       41.50    44.00    41.10    44.00    +14.20   +47.65%
      20              29  2241      艾姆勒                   0.00          0.00    37.39%     34.00    35.50    34.00    34.80       41.85    44.90    41.85    43.60     +8.80   +25.29%
      21              28  2030      彰源                    0.00          0.00    37.38%     23.70    24.20    23.50    23.65       28.10    30.40    27.90    30.40     +6.75   +28.54%
      22              25  8028      昇陽半導體                35.00          0.00    36.02%    235.50   235.50   228.00   229.50      256.50   272.50   253.00   269.00    +39.50   +17.21%
      23              21  4956      光鋐                    0.00          0.00    35.84%     33.80    34.50    33.60    33.80       43.55    47.85    43.20    44.50    +10.70   +31.66%
      24              24  3031      佰鴻                    0.00          0.00    35.46%     24.35    25.05    24.10    24.10       28.30    31.05    28.25    30.45     +6.35   +26.35%
      25              23  3094      聯傑                    0.00          0.00    34.82%     40.60    42.80    40.30    41.90       53.60    57.80    53.50    54.30    +12.40   +29.59%
      26              77  6166      凌華                   11.00          0.00    33.49%    114.50   114.50   112.00   112.50      126.50   133.00   125.00   132.00    +19.50   +17.33%
      27              30  2444      兆勁                    0.00          0.00    33.36%     11.25    11.30    11.10    11.20       14.50    15.15    14.40    14.80     +3.60   +32.14%
      28              48  3653      健策                 1765.00        605.00    33.06%   5735.00  5885.00  5705.00  5790.00     6560.00  6920.00  6215.00  6920.00  +1130.00   +19.52%
      29              18  8103      瀚荃                   12.00          0.00    32.58%    112.50   113.50   108.50   110.00      122.50   126.00   121.50   123.00    +13.00   +11.82%
      30              22  3296      勝德                    0.00          0.00    32.03%     23.20    23.65    23.20    23.65       27.90    28.00    27.80    27.95     +4.30   +18.18%
      31              26  3437      榮創                    0.00          0.00    31.83%     18.50    20.20    18.40    19.70       21.10    22.70    21.10    22.00     +2.30   +11.68%
      32              40  6491      晶碩                   25.00          0.00    31.76%    371.50   373.00   366.50   366.50      407.50   407.50   402.00   402.00    +35.50    +9.69%
      33              33  3042      晶技                   14.50          0.00    31.49%    180.00   182.00   171.50   180.50      196.00   212.00   189.00   203.00    +22.50   +12.47%
      34              51  6278      台表科                  31.00          0.00    31.28%    193.50   193.50   189.50   191.50      207.50   214.50   204.50   212.00    +20.50   +10.70%
      35              44  910861    神州-DR                 0.00          0.00    31.23%      3.65     3.80     3.62     3.70        4.51     4.80     4.51     4.62     +0.92   +24.86%
      36              46  8996      高力                  465.00        280.00    30.23%   1320.00  1340.00  1280.00  1300.00     1555.00  1560.00  1480.00  1530.00   +230.00   +17.69%
      37              27  3665      貿聯-KY               520.00        155.00    30.10%   1960.00  1975.00  1925.00  1930.00     2410.00  2470.00  2285.00  2340.00   +410.00   +21.24%
      38              53  1709      和益                    0.00          0.00    29.84%     36.25    37.55    34.95    35.30       45.85    46.45    43.50    43.50     +8.20   +23.23%
      39              36  8101      華冠                    0.00          0.00    29.84%     11.60    11.60    11.60    11.60       10.95    10.95    10.90    10.95     -0.65    -5.60%
      40              43  3189      景碩                  205.00         39.00    29.41%    800.00   835.00   792.00   827.00      938.00   996.00   929.00   962.00   +135.00   +16.32%
==========================================================================================================================================================================
✅ 共 40 筆


══════════════════════════════════════════════════════════════════════════════════════════════════════════════
  🔄 第  9/10 次  2026/09/09 ～ 2026/09/23
══════════════════════════════════════════════════════════════════════════════════════════════════════════════

==========================================================================================================================================================================
📊 動能效率優先權分數排名 (2026/09/09 ~ 2026/09/23)
==========================================================================================================================================================================
    實資排名          累計天數排名  代號        名稱                 累計漲停(元)       累計跌停(元)       強度%  (09/09)開盤      最高      最低      收盤    (09/23)開盤      最高      最低      收盤      賺賠    賺賠率
--------------------------------------------------------------------------------------------------------------------------------------------------------------------------
       1               3  3055      蔚華科                  56.00          0.00   100.00%    155.00   159.00   143.00   149.50      206.50   226.00   200.50   203.50    +54.00   +36.12%
       2               1  6715      嘉基                  158.50         33.00    88.18%    330.00   357.50   330.00   354.50      451.00   479.50   440.50   459.50   +105.00   +29.62%
       3               2  3016      嘉晶                   35.00          0.00    81.24%    102.00   102.50    99.40   100.00      145.00   145.50   141.50   145.50    +45.50   +45.50%
       4               4  3605      宏致                   41.50          0.00    80.97%    123.00   134.50   121.50   129.50      174.50   188.50   174.50   180.00    +50.50   +39.00%
       5               8  6706      惠特                   40.50         15.00    77.73%    124.50   127.50   121.50   124.00      150.00   150.50   144.00   144.00    +20.00   +16.13%
       6               7  6957      裕慶-KY                61.50          0.00    71.84%    216.00   221.50   214.00   220.50      300.00   305.00   295.00   295.50    +75.00   +34.01%
       7               5  2404      漢唐                  255.00         55.00    68.31%   1055.00  1080.00  1055.00  1065.00     1160.00  1250.00  1140.00  1250.00   +185.00   +17.37%
       8               6  2305      全友                    0.00          0.00    65.36%     33.70    35.00    32.55    35.00       61.30    65.60    60.40    63.60    +28.60   +81.71%
       9              18  6861      睿生光電                108.00         24.00    59.17%    198.00   200.00   182.00   185.50      267.00   290.00   265.00   273.00    +87.50   +47.17%
      10              10  7799      禾榮科                 166.00         24.50    59.13%    391.50   395.00   383.50   386.50      508.00   558.00   508.00   531.00   +144.50   +37.39%
      11               9  1560      中砂                  279.00         55.00    58.44%    717.00   733.00   717.00   730.00      955.00   992.00   947.00   955.00   +225.00   +30.82%
      12              16  6526      達發                  211.00         18.00    55.93%    643.00   652.00   641.00   643.00      777.00   840.00   761.00   840.00   +197.00   +30.64%
      13              11  8996      高力                  585.00        270.00    55.58%   1255.00  1345.00  1240.00  1345.00     1640.00  1640.00  1515.00  1540.00   +195.00   +14.50%
      14              14  1727      中華化                  10.50          0.00    52.49%     90.50    92.70    90.20    91.10      105.00   116.50   103.00   116.50    +25.40   +27.88%
      15              12  6426      統新                  133.00         50.00    52.07%    305.50   324.50   288.00   321.00      359.00   391.50   357.00   391.50    +70.50   +21.96%
      16              15  3665      貿聯-KY               560.00        155.00    50.91%   1935.00  2015.00  1890.00  1975.00     2290.00  2340.00  2240.00  2340.00   +365.00   +18.48%
      17              13  4770      上品                   62.00         10.50    49.74%    232.00   250.00   229.00   249.50      261.50   275.00   256.50   275.00    +25.50   +10.22%
      18              19  3443      創意                 2930.00        505.00    48.60%   5955.00  6075.00  5875.00  5925.00     8325.00  8540.00  8200.00  8385.00  +2460.00   +41.52%
      19              20  2254      巨鎧精密-創                0.00          0.00    48.59%     63.10    65.20    63.00    65.20       82.30    87.10    82.10    86.60    +21.40   +32.82%
      20              22  6805      富世達                 730.00        285.00    47.77%   2170.00  2325.00  2155.00  2295.00     2490.00  2750.00  2475.00  2600.00   +305.00   +13.29%
      21              26  1709      和益                    0.00          0.00    47.23%     33.50    36.00    33.50    35.60       47.50    50.50    45.50    48.30    +12.70   +35.67%
      22              17  2424      隴華                    0.00          0.00    46.70%      7.74     8.28     7.74     7.97        8.04     8.10     8.04     8.10     +0.13    +1.63%
      23              21  3042      晶技                   27.00          0.00    43.97%    180.00   188.50   178.00   184.50      186.50   201.50   179.00   198.00    +13.50    +7.32%
      24              23  6168      宏齊                    0.00          0.00    43.59%     29.00    30.20    28.90    29.60       43.50    43.50    40.20    41.20    +11.60   +39.19%
      25              38  6491      晶碩                   25.00          0.00    42.46%    375.00   375.00   371.00   373.00      405.00   407.50   400.00   407.50    +34.50    +9.25%
      26              30  4956      光鋐                    0.00          0.00    41.70%     34.20    35.45    33.85    34.00       42.35    46.40    42.10    43.55     +9.55   +28.09%
      27              29  3044      健鼎                   69.50         19.50    41.64%    482.00   514.00   482.00   509.00      541.00   547.00   525.00   543.00    +34.00    +6.68%
      28              49  2241      艾姆勒                   0.00          0.00    41.25%     34.65    34.70    34.20    34.25       40.80    44.00    39.40    43.65     +9.40   +27.45%
      29              33  3094      聯傑                    0.00          0.00    40.70%     41.30    41.90    40.70    40.80       53.00    57.80    51.60    54.30    +13.50   +33.09%
      30              39  7749      意騰-KY                52.50         10.50    40.29%    355.00   356.00   347.50   355.50      377.00   411.50   377.00   402.00    +46.50   +13.08%
      31              24  6531      愛普*                 259.00        203.00    39.95%    941.00  1015.00   936.00   999.00      940.00   999.00   940.00   987.00    -12.00    -1.20%
      32              25  3296      勝德                    0.00          0.00    39.46%     24.00    24.15    24.00    24.00       27.75    28.15    27.40    28.15     +4.15   +17.29%
      33              27  3437      榮創                    0.00          0.00    39.05%     17.95    19.00    17.95    18.65       21.30    23.00    21.30    21.60     +2.95   +15.82%
      34              31  3031      佰鴻                    0.00          0.00    38.99%     23.80    24.70    23.80    24.35       27.95    29.30    27.35    28.30     +3.95   +16.22%
      35              32  2033      佳大                    0.00          0.00    38.79%     25.45    27.85    25.45    27.30       39.70    40.25    36.20    37.30    +10.00   +36.63%
      36              54  2351      順德                   33.00         28.00    37.94%    228.00   240.00   225.50   237.50      240.00   240.00   225.00   226.00    -11.50    -4.84%
      37              35  6902      GOGOLOOK             41.00          0.00    37.93%    126.00   128.00   125.00   128.00      170.50   176.50   167.50   168.50    +40.50   +31.64%
      38              37  8101      華冠                    0.00          0.00    37.77%     11.65    11.75    11.65    11.75       11.45    11.45    11.45    11.45     -0.30    -2.55%
      39              52  2030      彰源                    0.00          0.00    37.75%     23.95    23.95    23.20    23.70       27.60    29.95    26.35    27.65     +3.95   +16.67%
      40              28  8103      瀚荃                   12.00          0.00    37.22%    116.00   117.00   112.00   113.00      123.50   129.00   122.00   123.50    +10.50    +9.29%
==========================================================================================================================================================================
✅ 共 40 筆


══════════════════════════════════════════════════════════════════════════════════════════════════════════════
  🔄 第 10/10 次  2026/09/08 ～ 2026/09/22
══════════════════════════════════════════════════════════════════════════════════════════════════════════════

==========================================================================================================================================================================
📊 動能效率優先權分數排名 (2026/09/08 ~ 2026/09/22)
==========================================================================================================================================================================
    實資排名          累計天數排名  代號        名稱                 累計漲停(元)       累計跌停(元)       強度%  (09/08)開盤      最高      最低      收盤    (09/22)開盤      最高      最低      收盤      賺賠    賺賠率
--------------------------------------------------------------------------------------------------------------------------------------------------------------------------
       1               1  3055      蔚華科                  67.50          0.00   100.00%    135.50   146.00   135.50   146.00      196.00   206.50   189.50   206.50    +60.50   +41.44%
       2               3  6706      惠特                   40.50         15.00    60.00%    123.50   126.50   122.50   123.00      165.50   168.00   148.00   149.00    +26.00   +21.14%
       3               2  3016      嘉晶                   22.00          0.00    56.57%    102.00   108.50   101.00   101.50      125.00   132.50   124.50   132.50    +31.00   +30.54%
       4               5  6957      裕慶-KY                61.50          0.00    54.23%    222.00   222.00   216.00   216.00      297.50   312.00   292.00   303.00    +87.00   +40.28%
       5               6  3605      宏致                   41.50          0.00    50.78%    122.00   132.50   120.00   124.00      177.00   177.00   165.00   171.50    +47.50   +38.31%
       6               4  6715      嘉基                  158.50         47.00    45.95%    333.00   340.00   322.00   325.00      451.50   469.50   445.00   451.50   +126.50   +38.92%
       7               7  2305      全友                    0.00          0.00    43.15%     33.95    36.20    32.75    33.20       57.50    60.00    56.80    60.00    +26.80   +80.72%
       8              10  6861      睿生光電                108.00         24.00    41.46%    189.00   205.00   186.00   195.50      247.00   270.50   242.50   267.00    +71.50   +36.57%
       9               8  3443      創意                 2945.00        505.00    39.00%   5940.00  6100.00  5730.00  5960.00     8370.00  8375.00  8370.00  8375.00  +2415.00   +40.52%
      10              12  8996      高力                  585.00        170.00    36.10%   1240.00  1285.00  1205.00  1225.00     1520.00  1655.00  1490.00  1655.00   +430.00   +35.10%
      11               9  2424      隴華                    0.00          0.00    34.41%      7.85     8.39     7.85     7.96        7.90     8.46     7.90     8.25     +0.29    +3.64%
      12              27  1709      和益                    0.00          0.00    33.06%     33.75    34.10    32.80    33.60       43.10    47.40    41.35    45.95    +12.35   +36.76%
      13              17  2254      巨鎧精密-創                0.00          0.00    32.87%     62.30    64.30    62.30    63.10       79.10    82.10    79.10    82.10    +19.00   +30.11%
      14              14  6168      宏齊                    0.00          0.00    32.64%     29.75    30.10    28.50    28.55       45.00    45.60    42.10    44.00    +15.45   +54.12%
      15              11  8101      華冠                    0.00          0.00    31.71%     11.25    11.95    11.25    11.95       11.25    11.35    11.25    11.35     -0.60    -5.02%
      16              18  2033      佳大                    0.00          0.00    31.70%     25.70    26.30    25.00    25.45       35.00    37.30    34.60    37.30    +11.85   +46.56%
      17              15  1560      中砂                  279.00         68.00    31.68%    730.00   736.00   713.00   717.00      935.00   960.00   929.00   950.00   +233.00   +32.50%
      18              13  6902      GOGOLOOK             41.00          0.00    31.37%    126.00   128.00   125.00   127.00      167.00   170.50   161.50   169.50    +42.50   +33.46%
      19              19  2030      彰源                    0.00          0.00    30.88%     22.65    23.95    22.65    23.80       24.30    27.25    24.30    27.25     +3.45   +14.50%
      20              25  6426      統新                  108.50         50.00    30.11%    316.50   325.50   297.50   307.00      378.00   379.50   350.50   356.00    +49.00   +15.96%
      21              43  2351      順德                   33.00         15.50    30.00%    233.50   235.00   218.00   227.50      238.50   243.50   233.00   238.50    +11.00    +4.84%
      22              35  6491      晶碩                   25.00          0.00    29.39%    379.50   381.00   375.00   376.00      407.00   410.00   402.00   404.00    +28.00    +7.45%
      23              22  4770      上品                   37.00         10.50    28.44%    239.00   240.00   233.00   234.00      260.50   262.00   248.00   250.00    +16.00    +6.84%
      24              36  3044      健鼎                   69.50         19.50    28.17%    498.50   499.00   483.50   484.00      534.00   545.00   533.00   539.00    +55.00   +11.36%
      25              26  6668      中揚光                   0.00          0.00    28.03%     41.20    41.20    40.05    40.20       50.00    51.50    48.95    49.40     +9.20   +22.89%
      26              16  3296      勝德                    0.00          0.00    28.02%     24.05    24.20    24.00    24.00       28.55    28.80    27.75    28.10     +4.10   +17.08%
      27              34  7799      禾榮科                 143.00         37.00    27.46%    396.00   397.50   381.00   382.50      522.00   534.00   503.00   508.00   +125.50   +32.81%
      28              21  3437      榮創                    0.00          0.00    27.38%     18.10    18.25    17.80    17.95       22.30    22.40    21.50    21.60     +3.65   +20.33%
      29              46  6526      達發                  135.00         18.00    27.37%    648.00   653.00   636.00   643.00      736.00   796.00   733.00   764.00   +121.00   +18.82%
      30              32  4956      光鋐                    0.00          0.00    27.07%     35.10    35.45    34.10    34.10       47.00    47.10    42.20    42.20     +8.10   +23.75%
      31              30  3665      貿聯-KY               465.00        290.00    26.53%   2070.00  2070.00  1930.00  1935.00     2335.00  2345.00  2215.00  2245.00   +310.00   +16.02%
      32              31  3031      佰鴻                    0.00          0.00    26.42%     24.40    24.50    23.80    23.80       28.10    28.75    27.30    28.70     +4.90   +20.59%
      33              57  6278      台表科                  31.00          0.00    26.18%    196.00   196.00   187.50   188.50      202.00   213.50   200.00   213.50    +25.00   +13.26%
      34              53  2314      台揚                    0.00          0.00    25.99%     11.00    11.00    10.75    10.95       11.70    11.70    11.10    11.10     +0.15    +1.37%
      35             170  6166      凌華                   11.00          0.00    25.93%    117.00   118.00   114.00   114.50      126.50   133.00   125.00   127.00    +12.50   +10.92%
      36              23  6257      矽格                   34.50          0.00    25.81%    217.50   218.50   208.00   209.00      257.00   263.00   248.50   249.00    +40.00   +19.14%
      37              86  2241      艾姆勒                   0.00          0.00    25.69%     34.35    34.60    34.10    34.20       38.00    41.05    36.85    41.05     +6.85   +20.03%
      38              69  6213      聯茂                   91.00         65.00    25.57%    521.00   539.00   500.00   510.00      545.00   574.00   539.00   543.00    +33.00    +6.47%
      39              28  2404      漢唐                  145.00         80.00    25.50%   1085.00  1085.00  1050.00  1055.00     1140.00  1175.00  1130.00  1140.00    +85.00    +8.06%
      40              20  8103      瀚荃                   12.00          0.00    25.50%    123.50   124.50   117.50   119.50      130.50   130.50   121.50   122.50     +3.00    +2.51%
==========================================================================================================================================================================
✅ 共 40 筆
