
██████████████████████████████████████████████████████████████████████████████████████████████████████████████
  📅 天數組合: 3 日  →  輸出檔: s13_03.txt
██████████████████████████████████████████████████████████████████████████████████████████████████████████████

🔁 共執行 3 次，每次區間長度 4 個交易日

══════════════════════════════════════════════════════════════════════════════════════════════════════════════
  🔄 第  1/3 次  2026/10/02 ～ 2026/10/07
══════════════════════════════════════════════════════════════════════════════════════════════════════════════

==========================================================================================================================================================================
📊 動能效率優先權分數排名 (2026/10/02 ~ 2026/10/07)
==========================================================================================================================================================================
    實資排名          累計天數排名  代號        名稱                 累計漲停(元)       累計跌停(元)       強度%  (10/02)開盤      最高      最低      收盤    (10/07)開盤      最高      最低      收盤      賺賠    賺賠率
--------------------------------------------------------------------------------------------------------------------------------------------------------------------------
       1               1  2466      冠西電                  52.00          0.00   100.00%    130.50   141.00   130.50   141.00      165.00   183.50   164.50   180.50    +39.50   +28.01%
       2               2  2492      華新科                  92.00          0.00    72.11%    335.00   361.50   329.00   361.50      389.00   428.00   388.00   428.00    +66.50   +18.40%
       3               3  7788      松川精密                 75.00         36.50    61.09%    289.00   309.50   289.00   307.00      342.00   345.50   329.00   329.00    +22.00    +7.17%
       4               5  1303      南亞                   47.00          0.00    48.51%    253.00   261.00   251.50   260.00      293.00   322.00   293.00   314.00    +54.00   +20.77%
       5               9  6944      兆聯實業                109.00          0.00    47.41%    805.00   810.00   785.00   799.00      835.00   908.00   835.00   908.00   +109.00   +13.64%
       6               4  6213      聯茂                  145.00          0.00    46.74%    646.00   700.00   639.00   683.00      787.00   813.00   780.00   796.00   +113.00   +16.54%
       7               8  6957      裕慶-KY                73.00          0.00    44.89%    375.00   389.00   366.00   377.00      405.00   444.00   404.50   444.00    +67.00   +17.77%
       8               6  3406      玉晶光                 145.00         10.00    42.25%    941.00   974.00   929.00   961.00     1045.00  1120.00  1035.00  1085.00   +124.00   +12.90%
       9              18  6278      台表科                  30.50          0.00    41.64%    217.00   218.50   213.00   217.00      229.50   250.50   227.00   250.50    +33.50   +15.44%
      10              23  6449      鈺邦                   34.50          0.00    40.79%    227.00   233.00   223.50   224.50      238.00   261.50   237.00   261.50    +37.00   +16.48%
      11               7  6442      光聖                  390.00         55.00    36.80%   1520.00  1625.00  1520.00  1625.00     1715.00  1815.00  1715.00  1815.00   +190.00   +11.69%
      12              14  2368      金像電                 165.00         15.00    36.01%   1100.00  1120.00  1085.00  1105.00     1265.00  1310.00  1240.00  1245.00   +140.00   +12.67%
      13              16  3661      世芯-KY               425.00          0.00    35.94%   3765.00  3855.00  3765.00  3810.00     4200.00  4295.00  4135.00  4190.00   +380.00    +9.97%
      14              10  6196      帆宣                   77.00         16.00    35.92%    609.00   619.00   602.00   618.00      660.00   675.00   660.00   670.00    +52.00    +8.41%
      15              20  6415      矽力*-KY               29.00          0.00    34.89%    418.00   428.00   417.50   425.00      443.00   461.00   442.00   456.50    +31.50    +7.41%
      16              13  4958      臻鼎-KY                87.00          0.00    32.33%    515.00   561.00   514.00   561.00      576.00   600.00   573.00   595.00    +34.00    +6.06%
      17              15  6672      騰輝電子-KY              91.00          0.00    31.30%    413.00   439.00   404.00   439.00      505.00   505.00   497.50   505.00    +66.00   +15.03%
      18              19  3189      景碩                  115.00         25.00    30.44%   1010.00  1070.00  1005.00  1050.00     1085.00  1145.00  1085.00  1100.00    +50.00    +4.76%
      19              22  2059      川湖                 1520.00       1565.00    30.32%  12000.00 12295.00 11700.00 12145.00    11790.00 11790.00 11790.00 11790.00   -355.00    -2.92%
      20              11  6531      愛普*                 122.00         55.00    30.05%    932.00  1025.00   920.00  1000.00     1035.00  1045.00   999.00  1000.00     +0.00    +0.00%
      21              17  4764      雙鍵                   18.50          0.00    29.65%    185.00   203.50   185.00   203.50      197.50   218.00   197.50   206.50     +3.00    +1.47%
      22              31  6197      佳必琪                  29.50          0.00    29.53%    336.00   340.00   330.50   339.50      366.00   371.00   363.00   371.00    +31.50    +9.28%
      23              25  3008      大立光                 650.00         10.00    29.47%   6205.00  6395.00  6090.00  6290.00     6830.00  6970.00  6745.00  6845.00   +555.00    +8.82%
      24              24  3016      嘉晶                   12.50          0.00    29.20%    169.50   182.00   169.50   180.50      188.50   195.50   185.00   195.00    +14.50    +8.03%
      25              32  8101      華冠                    0.00          0.00    29.02%     11.00    11.00    10.70    10.70       10.10    10.50    10.10    10.20     -0.50    -4.67%
      26              28  4989      榮科                    0.00          0.00    28.29%     61.00    66.80    60.80    63.90       68.40    74.70    67.00    73.70     +9.80   +15.34%
      27              39  2241      艾姆勒                   0.00          0.00    28.29%     44.05    45.70    43.40    43.75       47.60    52.00    47.40    52.00     +8.25   +18.86%
      28              12  8021      尖點                   50.00          0.00    28.15%    503.00   553.00   501.00   553.00      562.00   574.00   549.00   556.00     +3.00    +0.54%
      29              35  2424      隴華                    0.00          0.00    27.80%      8.20     8.85     8.20     8.42        8.65     9.05     8.65     8.90     +0.48    +5.70%
      30              26  3044      健鼎                   50.00          0.00    27.63%    528.00   544.00   528.00   542.00      585.00   590.00   577.00   582.00    +40.00    +7.38%
      31              60  3532      台勝科                  46.00          0.00    27.42%    470.00   492.50   463.00   475.50      468.00   513.00   467.00   513.00    +37.50    +7.89%
      32              21  8150      南茂                   11.50          0.00    27.35%    116.00   127.00   114.50   127.00      126.00   129.00   125.00   128.50     +1.50    +1.18%
      33              34  1714      和桐                    0.00          0.00    26.66%     16.20    17.45    16.20    16.85       19.30    20.35    18.50    19.65     +2.80   +16.62%
      34              36  6715      嘉基                   31.50          0.00    26.64%    442.50   468.00   436.00   449.00      480.00   519.00   470.00   485.00    +36.00    +8.02%
      35              44  2493      揚博                   11.50          0.00    25.99%    198.00   202.00   195.00   196.50      210.00   220.00   209.00   214.00    +17.50    +8.91%
      36              27  3030      德律                   11.00          0.00    25.62%    283.00   301.00   277.00   300.00      306.00   317.00   302.50   313.50    +13.50    +4.50%
      37              52  5234      達興材料                 39.00          0.00    25.12%    305.00   322.00   302.50   312.00      329.00   342.50   324.00   336.50    +24.50    +7.85%
      38              61  1476      儒鴻                   11.50          0.00    24.53%    276.50   279.00   275.00   278.00      293.00   303.50   291.50   297.00    +19.00    +6.83%
      39              64  2243      宏旭-KY                 0.00          0.00    23.71%     52.70    54.50    52.00    52.80       57.30    62.00    57.30    59.70     +6.90   +13.07%
      40              33  4919      新唐                   11.00          0.00    23.68%    151.00   167.00   145.50   163.00      151.50   164.00   150.00   159.50     -3.50    -2.15%
==========================================================================================================================================================================
✅ 共 40 筆


══════════════════════════════════════════════════════════════════════════════════════════════════════════════
  🔄 第  2/3 次  2026/10/01 ～ 2026/10/06
══════════════════════════════════════════════════════════════════════════════════════════════════════════════

==========================================================================================================================================================================
📊 動能效率優先權分數排名 (2026/10/01 ~ 2026/10/06)
==========================================================================================================================================================================
    實資排名          累計天數排名  代號        名稱                 累計漲停(元)       累計跌停(元)       強度%  (10/01)開盤      最高      最低      收盤    (10/06)開盤      最高      最低      收盤      賺賠    賺賠率
--------------------------------------------------------------------------------------------------------------------------------------------------------------------------
       1               4  7788      松川精密                 75.00          0.00   100.00%    299.00   300.00   285.00   290.50      339.50   365.50   335.00   365.50    +75.00   +25.82%
       2               1  2492      華新科                  83.00          0.00    94.82%    302.50   329.00   302.50   329.00      370.00   395.00   362.50   389.50    +60.50   +18.39%
       3               6  2466      冠西電                  42.00          0.00    91.44%    128.00   136.00   127.00   128.50      160.00   170.50   157.50   170.50    +42.00   +32.68%
       4               3  6213      聯茂                  164.00          0.00    90.94%    623.00   643.00   611.00   642.00      797.00   818.00   762.00   787.00   +145.00   +22.59%
       5               5  3406      玉晶光                 165.00         10.00    85.32%    885.00   973.00   871.00   950.00     1085.00  1095.00  1020.00  1045.00    +95.00   +10.00%
       6               2  6672      騰輝電子-KY              82.00          0.00    78.94%    376.50   405.50   369.50   405.50      456.00   459.50   435.00   459.50    +54.00   +13.32%
       7               9  6196      帆宣                   94.00         16.00    67.72%    588.00   602.00   579.00   602.00      684.00   684.00   649.00   663.00    +61.00   +10.13%
       8               7  8021      尖點                   67.00          0.00    65.24%    487.00   503.00   487.00   503.00      566.00   584.00   557.00   561.00    +58.00   +11.53%
       9              16  3661      世芯-KY               440.00          0.00    64.99%   3770.00  3820.00  3735.00  3765.00     4000.00  4240.00  3850.00  4180.00   +415.00   +11.02%
      10              10  3008      大立光                 910.00          0.00    62.17%   5950.00  6225.00  5740.00  6205.00     6800.00  6915.00  6705.00  6855.00   +650.00   +10.48%
      11              12  3189      景碩                  125.00         25.00    59.32%    976.00  1020.00   964.00  1010.00     1095.00  1105.00  1055.00  1070.00    +60.00    +5.94%
      12              19  5434      崇越                   65.00          0.00    52.26%    556.00   567.00   550.00   567.00      620.00   633.00   613.00   619.00    +52.00    +9.17%
      13               8  6834      天二科技                 10.50          0.00    50.71%    110.00   119.50   110.00   119.50      126.50   127.00   121.50   123.00     +3.50    +2.93%
      14              24  6715      嘉基                   42.50          0.00    49.79%    445.00   453.00   430.00   453.00      485.50   492.50   450.00   482.50    +29.50    +6.51%
      15              14  7711      永擎                   80.00         14.00    49.38%    561.00   616.00   551.00   616.00      640.00   655.00   612.00   620.00     +4.00    +0.65%
      16              11  7795      長廣                   71.00          0.00    49.03%    490.50   536.00   483.00   536.00      567.00   567.00   535.00   555.00    +19.00    +3.54%
      17              17  3167      大量                  127.00          0.00    49.00%    908.00   975.00   908.00   975.00     1010.00  1020.00   970.00  1020.00    +45.00    +4.62%
      18              23  6531      愛普*                 122.00         10.00    48.72%    931.00   937.00   914.00   933.00     1080.00  1085.00  1020.00  1045.00   +112.00   +12.00%
      19              26  8046      南電                  165.00          0.00    45.92%   1390.00  1450.00  1370.00  1420.00     1500.00  1520.00  1485.00  1505.00    +85.00    +5.99%
      20              20  3037      欣興                  150.00         15.00    45.17%   1195.00  1230.00  1170.00  1215.00     1335.00  1340.00  1285.00  1310.00    +95.00    +7.82%
      21              30  3044      健鼎                   50.00          0.00    44.31%    523.00   529.00   521.00   529.00      568.00   589.00   564.00   579.00    +50.00    +9.45%
      22              18  6449      鈺邦                   31.50          0.00    43.26%    211.50   230.00   211.50   230.00      234.00   245.00   233.00   238.00     +8.00    +3.48%
      23              22  3030      德律                   21.00          0.00    42.89%    281.50   290.00   278.50   289.00      310.00   318.00   307.50   308.00    +19.00    +6.57%
      24              38  1303      南亞                   26.00          0.00    42.57%    256.00   261.50   250.50   254.00      288.00   300.00   274.50   293.00    +39.00   +15.35%
      25              13  4919      新唐                   24.50          0.00    41.75%    140.50   152.00   139.00   152.00      156.00   157.00   149.50   150.50     -1.50    -0.99%
      26              48  8101      華冠                    0.00          0.00    41.38%     11.00    11.05    11.00    11.05       10.35    10.70    10.15    10.60     -0.45    -4.07%
      27              35  4755      三福化                  12.00          0.00    41.36%    118.00   119.00   116.00   119.00      123.00   133.00   121.50   133.00    +14.00   +11.76%
      28              41  6691      洋基工程                 67.00          0.00    40.81%    727.00   748.00   719.00   733.00      794.00   794.00   769.00   787.00    +54.00    +7.37%
      29              15  4722      國精化                  39.50          0.00    40.54%    196.50   209.50   194.50   209.50      223.00   227.00   216.50   220.00    +10.50    +5.01%
      30              29  1560      中砂                   77.00         10.00    40.27%    963.00  1015.00   963.00  1000.00     1045.00  1045.00  1020.00  1030.00    +30.00    +3.00%
      31              37  4720      德淵                    0.00          0.00    40.23%     19.35    19.35    19.00    19.05       25.00    25.30    24.80    25.30     +6.25   +32.81%
      32              40  6415      矽力*-KY               29.00          0.00    39.75%    410.50   413.50   406.50   413.00      440.00   454.50   432.50   449.50    +36.50    +8.84%
      33              42  2424      隴華                    0.00          0.00    38.60%      8.02     8.43     8.02     8.16        8.15     9.07     8.15     8.65     +0.49    +6.00%
      34              45  6197      佳必琪                  29.50          0.00    38.54%    327.00   331.50   324.00   330.00      351.00   371.00   351.00   365.00    +35.00   +10.61%
      35              28  8150      南茂                   11.50          0.00    37.03%    113.00   116.00   109.50   115.50      124.00   130.50   123.00   127.50    +12.00   +10.39%
      36              63  2368      金像電                 165.00         25.00    36.64%   1120.00  1125.00  1085.00  1095.00     1220.00  1295.00  1200.00  1260.00   +165.00   +15.07%
      37              21  2327      國巨*                  78.00          0.00    36.51%    560.00   602.00   560.00   602.00      630.00   635.00   615.00   625.00    +23.00    +3.82%
      38              57  1711      永光                    0.00          0.00    36.49%     41.10    41.10    39.85    40.55       45.00    48.60    44.05    48.60     +8.05   +19.85%
      39              46  6257      矽格                   26.00          0.00    36.23%    251.00   259.00   249.00   256.50      269.50   286.00   267.50   286.00    +29.50   +11.50%
      40              25  7730      暉盛-創                 15.00          0.00    35.83%    180.00   197.00   180.00   194.50      191.50   193.00   189.00   191.00     -3.50    -1.80%
==========================================================================================================================================================================
✅ 共 40 筆


══════════════════════════════════════════════════════════════════════════════════════════════════════════════
  🔄 第  3/3 次  2026/09/30 ～ 2026/10/05
══════════════════════════════════════════════════════════════════════════════════════════════════════════════

==========================================================================================================================================================================
📊 動能效率優先權分數排名 (2026/09/30 ~ 2026/10/05)
==========================================================================================================================================================================
    實資排名          累計天數排名  代號        名稱                 累計漲停(元)       累計跌停(元)       強度%  (09/30)開盤      最高      最低      收盤    (10/05)開盤      最高      最低      收盤      賺賠    賺賠率
--------------------------------------------------------------------------------------------------------------------------------------------------------------------------
       1               1  6672      騰輝電子-KY             115.50          0.00   100.00%    337.50   369.00   335.50   369.00      444.00   457.50   435.00   451.00    +82.00   +22.22%
       2               3  6196      帆宣                  135.00          0.00    89.49%    552.00   588.00   551.00   585.00      628.00   679.00   622.00   679.00    +94.00   +16.07%
       3               4  6213      聯茂                  128.00          0.00    81.37%    624.00   649.00   622.00   623.00      690.00   751.00   682.00   751.00   +128.00   +20.55%
       4               6  3406      玉晶光                 165.00          0.00    78.16%    890.00   921.00   878.00   890.00      971.00  1055.00   971.00  1055.00   +165.00   +18.54%
       5               2  2466      冠西電                  37.50          0.00    77.14%    115.00   124.50   115.00   124.50      150.00   155.00   145.00   155.00    +30.50   +24.50%
       6               7  3189      景碩                  140.00          0.00    68.43%    961.00   972.00   937.00   970.00     1055.00  1150.00  1030.00  1095.00   +125.00   +12.89%
       7               9  7711      永擎                   94.00          0.00    61.88%    553.00   566.00   549.00   560.00      615.00   665.00   609.00   634.00    +74.00   +13.21%
       8               8  6691      洋基工程                132.00          0.00    61.61%    666.00   719.00   665.00   719.00      752.00   794.00   747.00   794.00    +75.00   +10.43%
       9              10  8021      尖點                   67.00          0.00    56.20%    486.00   487.50   480.00   486.00      560.00   577.00   536.00   560.00    +74.00   +15.23%
      10              16  5434      崇越                   80.00          0.00    54.11%    550.00   565.00   547.00   555.00      598.00   623.00   593.00   620.00    +65.00   +11.71%
      11              14  8046      南電                  225.00          0.00    51.86%   1285.00  1340.00  1250.00  1340.00     1460.00  1550.00  1445.00  1495.00   +155.00   +11.57%
      12              12  2492      華新科                  62.00          0.00    51.17%    306.00   309.00   298.50   299.50      377.50   396.00   365.00   368.50    +69.00   +23.04%
      13              15  3037      欣興                  160.00          0.00    50.22%   1175.00  1190.00  1155.00  1175.00     1325.00  1420.00  1310.00  1325.00   +150.00   +12.77%
      14              13  5292      華懋                   11.50          0.00    47.94%    216.50   234.00   216.50   230.00      240.00   251.00   240.00   247.00    +17.00    +7.39%
      15              11  4919      新唐                   24.50          0.00    47.93%    136.00   142.00   134.00   138.50      162.50   162.50   154.00   155.50    +17.00   +12.27%
      16              24  7788      松川精密                 42.00          0.00    47.77%    292.00   296.00   286.50   294.00      313.00   335.00   311.50   332.50    +38.50   +13.10%
      17               5  8150      南茂                   21.50          0.00    47.34%    106.00   114.50   105.50   114.50      133.00   133.00   123.00   124.00     +9.50    +8.30%
      18              21  7795      長廣                   71.00          0.00    46.82%    499.50   501.00   487.50   488.00      555.00   574.00   554.00   559.00    +71.00   +14.55%
      19              18  3533      嘉澤                  165.00          0.00    43.71%   1730.00  1785.00  1705.00  1770.00     1860.00  1895.00  1850.00  1875.00   +105.00    +5.93%
      20              29  6531      愛普*                 122.00          0.00    43.15%    943.00   964.00   924.00   927.00     1015.00  1090.00   995.00  1055.00   +128.00   +13.81%
      21              20  6834      天二科技                 10.50          0.00    42.49%    114.00   115.00   109.00   109.00      132.50   134.00   122.00   125.50    +16.50   +15.14%
      22              26  2340      台亞                    0.00          0.00    40.75%     38.50    41.50    37.70    40.80       46.70    50.30    46.50    50.30     +9.50   +23.28%
      23              19  3701      大眾控                   0.00          0.00    39.97%     42.25    45.90    42.25    45.90       60.90    60.90    60.90    60.90    +15.00   +32.68%
      24              17  8039      台虹                   27.00         12.00    38.30%    279.50   300.50   277.50   300.50      290.00   308.00   283.00   303.50     +3.00    +1.00%
      25              28  3030      德律                   21.00          0.00    36.93%    279.00   284.50   275.00   279.00      309.50   312.00   302.00   305.50    +26.50    +9.50%
      26              38  1560      中砂                   77.00          0.00    36.43%    958.00   971.00   953.00   963.00     1020.00  1060.00  1010.00  1040.00    +77.00    +8.00%
      27              40  8101      華冠                    0.00          0.00    36.13%     10.55    11.05    10.50    11.05        9.63    11.20     9.63    11.20     +0.15    +1.36%
      28              22  6533      晶心科                  63.00         30.50    35.98%    316.00   333.50   301.00   333.50      351.00   351.50   332.00   336.00     +2.50    +0.75%
      29              25  1709      和益                    0.00          0.00    35.98%     44.10    48.40    44.00    48.40       63.80    64.30    63.60    64.30    +15.90   +32.85%
      30              23  4722      國精化                  39.50          0.00    35.91%    193.00   197.00   190.00   190.50      239.00   244.00   218.00   224.00    +33.50   +17.59%
      31              58  6957      裕慶-KY                79.50          0.00    34.98%    365.00   371.00   356.00   371.00      386.00   413.00   380.50   410.00    +39.00   +10.51%
      32              31  2483      百容                    0.00          0.00    34.51%     32.80    35.75    32.60    35.75       38.00    40.70    37.40    40.70     +4.95   +13.85%
      33              44  2383      台光電                 780.00          0.00    34.15%   4990.00  5030.00  4935.00  4935.00     5630.00  5700.00  5600.00  5700.00   +765.00   +15.50%
      34              36  6994      富威電力                  0.00          0.00    33.16%     26.20    26.65    25.90    26.50       32.60    33.25    31.00    31.95     +5.45   +20.57%
      35              43  2455      全新                   60.00          0.00    33.01%    544.00   555.00   544.00   552.00      590.00   607.00   575.00   606.00    +54.00    +9.78%
      36              34  1459      聯發                    0.00          0.00    32.82%     16.00    16.70    16.00    16.70       20.55    20.55    20.00    20.55     +3.85   +23.05%
      37              49  1303      南亞                   26.00          0.00    32.78%    250.50   265.00   245.50   255.50      270.00   286.00   266.50   286.00    +30.50   +11.94%
      38              64  8261      富鼎                   18.50          0.00    32.40%    179.00   180.00   175.00   176.00      193.00   205.00   192.00   205.00    +29.00   +16.48%
      39              32  6515      穎崴                  690.00        160.00    31.77%   5690.00  5985.00  5655.00  5930.00     6115.00  6280.00  6015.00  6205.00   +275.00    +4.64%
      40              33  2939      永邑-KY                 0.00          0.00    31.37%     20.05    22.00    20.05    21.90       22.90    23.90    22.90    23.45     +1.55    +7.08%
==========================================================================================================================================================================
✅ 共 40 筆
