
██████████████████████████████████████████████████████████████████████████████████████████████████████████████
  📅 天數組合: 5 日  →  輸出檔: s13_05.txt
██████████████████████████████████████████████████████████████████████████████████████████████████████████████

🔁 共執行 5 次，每次區間長度 6 個交易日

══════════════════════════════════════════════════════════════════════════════════════════════════════════════
  🔄 第  1/5 次  2026/09/30 ～ 2026/10/07
══════════════════════════════════════════════════════════════════════════════════════════════════════════════

==========================================================================================================================================================================
📊 動能效率優先權分數排名 (2026/09/30 ~ 2026/10/07)
==========================================================================================================================================================================
    實資排名          累計天數排名  代號        名稱                 累計漲停(元)       累計跌停(元)       強度%  (09/30)開盤      最高      最低      收盤    (10/07)開盤      最高      最低      收盤      賺賠    賺賠率
--------------------------------------------------------------------------------------------------------------------------------------------------------------------------
       1               1  2466      冠西電                  63.00          0.00   100.00%    115.00   124.50   115.00   124.50      165.00   183.50   164.50   180.50    +56.00   +44.98%
       2               3  2492      華新科                 121.50          0.00    74.77%    306.00   309.00   298.50   299.50      389.00   428.00   388.00   428.00   +128.50   +42.90%
       3               2  6672      騰輝電子-KY             161.00          0.00    59.61%    337.50   369.00   335.50   369.00      505.00   505.00   497.50   505.00   +136.00   +36.86%
       4               5  6196      帆宣                  135.00         16.00    49.12%    552.00   588.00   551.00   585.00      660.00   675.00   660.00   670.00    +85.00   +14.53%
       5               6  6213      聯茂                  164.00          0.00    46.77%    624.00   649.00   622.00   623.00      787.00   813.00   780.00   796.00   +173.00   +27.77%
       6               7  3406      玉晶光                 205.00         10.00    46.73%    890.00   921.00   878.00   890.00     1045.00  1120.00  1035.00  1085.00   +195.00   +21.91%
       7               9  6449      鈺邦                   55.00          0.00    46.68%    208.50   216.00   208.00   209.50      238.00   261.50   237.00   261.50    +52.00   +24.82%
       8              16  6944      兆聯實業                134.00          0.00    44.16%    780.00   795.00   774.00   775.00      835.00   908.00   835.00   908.00   +133.00   +17.16%
       9              20  6957      裕慶-KY               119.50          0.00    43.70%    365.00   371.00   356.00   371.00      405.00   444.00   404.50   444.00    +73.00   +19.68%
      10               8  7788      松川精密                 75.00         36.50    43.11%    292.00   296.00   286.50   294.00      342.00   345.50   329.00   329.00    +35.00   +11.90%
      11              10  3189      景碩                  170.00         25.00    39.12%    961.00   972.00   937.00   970.00     1085.00  1145.00  1085.00  1100.00   +130.00   +13.40%
      12               4  8150      南茂                   21.50          0.00    37.55%    106.00   114.50   105.50   114.50      126.00   129.00   125.00   128.50    +14.00   +12.23%
      13              21  1303      南亞                   47.00          0.00    36.18%    250.50   265.00   245.50   255.50      293.00   322.00   293.00   314.00    +58.50   +22.90%
      14              13  7711      永擎                  106.00         14.00    35.15%    553.00   566.00   549.00   560.00      622.00   646.00   616.00   632.00    +72.00   +12.86%
      15              19  3661      世芯-KY               505.00          0.00    35.14%   3745.00  3810.00  3730.00  3740.00     4200.00  4295.00  4135.00  4190.00   +450.00   +12.03%
      16              11  6691      洋基工程                132.00         11.00    32.47%    666.00   719.00   665.00   719.00      787.00   793.00   775.00   776.00    +57.00    +7.93%
      17              12  4919      新唐                   24.50          0.00    32.20%    136.00   142.00   134.00   138.50      151.50   164.00   150.00   159.50    +21.00   +15.16%
      18              14  8021      尖點                   67.00          0.00    29.82%    486.00   487.50   480.00   486.00      562.00   574.00   549.00   556.00    +70.00   +14.40%
      19              42  6278      台表科                  30.50          0.00    29.50%    220.00   223.00   214.00   218.00      229.50   250.50   227.00   250.50    +32.50   +14.91%
      20              17  8046      南電                  235.00         25.00    29.24%   1285.00  1340.00  1250.00  1340.00     1505.00  1560.00  1470.00  1480.00   +140.00   +10.45%
      21              15  6257      矽格                   43.50          0.00    27.36%    239.00   260.00   238.50   254.00      283.00   293.50   272.00   278.00    +24.00    +9.45%
      22              23  3037      欣興                  160.00         15.00    26.71%   1175.00  1190.00  1155.00  1175.00     1310.00  1345.00  1300.00  1305.00   +130.00   +11.06%
      23              30  2472      立隆電                  28.00          0.00    26.67%    215.00   218.00   213.00   213.50      232.00   246.00   231.00   243.50    +30.00   +14.05%
      24              35  3532      台勝科                  63.00          0.00    26.53%    459.50   488.50   453.00   471.00      468.00   513.00   467.00   513.00    +42.00    +8.92%
      25              18  5292      華懋                   11.50          0.00    26.46%    216.50   234.00   216.50   230.00      248.50   250.50   237.50   243.00    +13.00    +5.65%
      26              26  3030      德律                   21.00          0.00    26.33%    279.00   284.50   275.00   279.00      306.00   317.00   302.50   313.50    +34.50   +12.37%
      27              28  5434      崇越                   80.00         14.00    25.67%    550.00   565.00   547.00   555.00      630.00   634.00   600.00   605.00    +50.00    +9.01%
      28              46  6415      矽力*-KY               29.00          0.00    25.28%    414.00   416.00   408.50   409.00      443.00   461.00   442.00   456.50    +47.50   +11.61%
      29              22  6533      晶心科                  63.00         30.50    25.11%    316.00   333.50   301.00   333.50      341.50   347.00   338.00   347.00    +13.50    +4.05%
      30              38  8101      華冠                    0.00          0.00    24.65%     10.55    11.05    10.50    11.05       10.10    10.50    10.10    10.20     -0.85    -7.69%
      31              25  4722      國精化                  39.50          0.00    24.60%    193.00   197.00   190.00   190.50      218.50   231.50   218.50   224.00    +33.50   +17.59%
      32              31  2327      國巨*                 100.00          0.00    24.59%    557.00   564.00   548.00   548.00      630.00   686.00   627.00   647.00    +99.00   +18.07%
      33              27  6834      天二科技                 10.50          0.00    24.07%    114.00   115.00   109.00   109.00      123.50   135.00   123.50   125.00    +16.00   +14.68%
      34              24  8039      台虹                   27.00         12.00    23.97%    279.50   300.50   277.50   300.50      295.50   304.50   288.00   304.50     +4.00    +1.33%
      35              32  2340      台亞                    0.00          0.00    23.69%     38.50    41.50    37.70    40.80       46.40    49.00    43.50    48.15     +7.35   +18.01%
      36              39  4958      臻鼎-KY                87.00          0.00    23.20%    510.00   510.00   494.00   507.00      576.00   600.00   573.00   595.00    +88.00   +17.36%
      37              44  2424      隴華                    0.00          0.00    23.01%      8.12     8.57     8.12     8.30        8.65     9.05     8.65     8.90     +0.60    +7.23%
      38              48  6197      佳必琪                  29.50          0.00    22.94%    323.00   327.00   322.00   326.00      366.00   371.00   363.00   371.00    +45.00   +13.80%
      39              51  2241      艾姆勒                   0.00          0.00    22.05%     43.50    47.90    43.45    46.15       47.60    52.00    47.40    52.00     +5.85   +12.68%
      40              50  7730      暉盛-創                 15.00          0.00    21.69%    180.00   181.00   177.00   179.50      190.50   206.00   188.50   195.50    +16.00    +8.91%
==========================================================================================================================================================================
✅ 共 40 筆


══════════════════════════════════════════════════════════════════════════════════════════════════════════════
  🔄 第  2/5 次  2026/09/29 ～ 2026/10/06
══════════════════════════════════════════════════════════════════════════════════════════════════════════════

==========================================================================================================================================================================
📊 動能效率優先權分數排名 (2026/09/29 ~ 2026/10/06)
==========================================================================================================================================================================
    實資排名          累計天數排名  代號        名稱                 累計漲停(元)       累計跌停(元)       強度%  (09/29)開盤      最高      最低      收盤    (10/06)開盤      最高      最低      收盤      賺賠    賺賠率
--------------------------------------------------------------------------------------------------------------------------------------------------------------------------
       1               2  2466      冠西電                  53.00          0.00   100.00%    119.50   119.50   112.50   113.50      160.00   170.50   157.50   170.50    +57.00   +50.22%
       2               1  6672      騰輝電子-KY             115.50          0.00    97.57%    330.50   335.50   321.00   335.50      456.00   459.50   435.00   459.50   +124.00   +36.96%
       3               5  6213      聯茂                  189.00          0.00    85.55%    620.00   628.00   588.00   620.00      797.00   818.00   762.00   787.00   +167.00   +26.94%
       4               7  7788      松川精密                 75.00          0.00    75.52%    290.50   296.00   287.00   287.50      339.50   365.50   335.00   365.50    +78.00   +27.13%
       5               4  8046      南電                  265.00          0.00    71.91%   1210.00  1280.00  1200.00  1270.00     1500.00  1520.00  1485.00  1505.00   +235.00   +18.50%
       6               3  6533      晶心科                  90.50         30.50    69.84%    272.50   303.50   268.00   303.50      336.00   348.00   326.00   345.00    +41.50   +13.67%
       7              10  3189      景碩                  140.00         25.00    57.45%    960.00   969.00   939.00   955.00     1095.00  1105.00  1055.00  1070.00   +115.00   +12.04%
       8               6  8039      台虹                   42.00         12.00    56.02%    257.50   273.50   256.50   273.50      303.50   305.50   291.50   295.50    +22.00    +8.04%
       9              13  7711      永擎                   94.00         14.00    52.70%    540.00   553.00   537.00   546.00      640.00   655.00   612.00   620.00    +74.00   +13.55%
      10               9  8021      尖點                   67.00          0.00    51.11%    475.50   481.50   470.00   480.00      566.00   584.00   557.00   561.00    +81.00   +16.88%
      11              17  5434      崇越                   80.00          0.00    50.34%    539.00   545.00   538.00   540.00      620.00   633.00   613.00   619.00    +79.00   +14.63%
      12              11  3533      嘉澤                  185.00         10.00    49.10%   1680.00  1765.00  1680.00  1710.00     1905.00  1925.00  1860.00  1865.00   +155.00    +9.06%
      13              12  6257      矽格                   43.50          0.00    46.94%    239.50   241.50   235.00   236.50      269.50   286.00   267.50   286.00    +49.50   +20.93%
      14               8  8150      南茂                   21.50          0.00    46.72%    112.00   112.00   104.50   104.50      124.00   130.50   123.00   127.50    +23.00   +22.01%
      15              14  5292      華懋                   11.50          0.00    46.56%    217.00   219.00   215.50   218.50      248.50   252.50   245.00   249.00    +30.50   +13.96%
      16              15  2340      台亞                    0.00          0.00    43.60%     34.40    38.00    34.40    38.00       50.30    50.40    45.30    47.30     +9.30   +24.47%
      17              29  6196      帆宣                  135.00         37.00    43.05%    554.00   554.00   537.00   544.00      684.00   684.00   649.00   663.00   +119.00   +21.88%
      18              27  2492      華新科                  83.00          9.50    40.99%    313.00   321.00   299.00   302.00      370.00   395.00   362.50   389.50    +87.50   +28.97%
      19              30  1303      南亞                   26.00          0.00    40.17%    236.00   248.00   235.50   247.00      288.00   300.00   274.50   293.00    +46.00   +18.62%
      20              25  7795      長廣                   71.00          0.00    39.20%    480.00   502.00   480.00   496.00      567.00   567.00   535.00   555.00    +59.00   +11.90%
      21              45  3406      玉晶光                 165.00         29.00    38.64%    890.00   893.00   869.00   882.00     1085.00  1095.00  1020.00  1045.00   +163.00   +18.48%
      22              16  3016      嘉晶                   25.00          0.00    38.33%    165.00   176.00   161.50   172.50      186.00   189.50   181.50   188.00    +15.50    +8.99%
      23              23  3701      大眾控                   0.00          0.00    37.27%     41.15    42.90    41.15    41.75       60.80    65.40    58.40    59.30    +17.55   +42.04%
      24              21  3094      聯傑                    0.00          0.00    36.83%     53.00    59.70    52.70    59.70       69.40    71.80    68.50    69.20     +9.50   +15.91%
      25              41  2368      金像電                 180.00         25.00    36.79%   1100.00  1125.00  1070.00  1120.00     1220.00  1295.00  1200.00  1260.00   +140.00   +12.50%
      26              35  2424      隴華                    0.00          0.00    36.20%      7.85     8.45     7.85     8.12        8.15     9.07     8.15     8.65     +0.53    +6.53%
      27              18  4919      新唐                   24.50          0.00    35.78%    134.00   139.50   132.00   135.50      156.00   157.00   149.50   150.50    +15.00   +11.07%
      28              26  3030      德律                   21.00          0.00    35.68%    270.50   280.50   269.00   276.00      310.00   318.00   307.50   308.00    +32.00   +11.59%
      29              53  3661      世芯-KY               495.00         85.00    35.64%   3750.00  3795.00  3675.00  3685.00     4000.00  4240.00  3850.00  4180.00   +495.00   +13.43%
      30              19  4958      臻鼎-KY                89.00          0.00    35.44%    479.00   499.50   472.50   498.50      588.00   604.00   572.00   574.00    +75.50   +15.15%
      31              66  8101      華冠                    0.00          0.00    35.00%     10.95    11.00    10.70    10.70       10.35    10.70    10.15    10.60     -0.10    -0.93%
      32              44  6691      洋基工程                132.00         13.00    34.66%    657.00   665.00   645.00   654.00      794.00   794.00   769.00   787.00   +133.00   +20.34%
      33              32  2939      永邑-KY                 0.00          0.00    34.17%     19.85    20.25    19.65    20.25       23.45    24.30    23.45    23.80     +3.55   +17.53%
      34              31  1721      國慶科技                  0.00          0.00    34.17%     24.30    26.45    24.15    26.10       28.50    30.00    27.40    29.00     +2.90   +11.11%
      35              20  4722      國精化                  39.50          0.00    33.87%    184.00   194.50   184.00   190.00      223.00   227.00   216.50   220.00    +30.00   +15.79%
      36              47  4755      三福化                  12.00          0.00    33.82%    115.50   118.50   115.00   118.00      123.00   133.00   121.50   133.00    +15.00   +12.71%
      37              38  1711      永光                    0.00          0.00    33.63%     38.65    40.75    38.65    40.55       45.00    48.60    44.05    48.60     +8.05   +19.85%
      38              22  3673      TPK-KY                0.00          0.00    33.60%     65.50    69.50    65.50    68.70       77.40    79.50    76.00    76.80     +8.10   +11.79%
      39              33  6834      天二科技                 10.50          0.00    33.57%    114.00   116.00   111.50   112.50      126.50   127.00   121.50   123.00    +10.50    +9.33%
      40              54  6944      兆聯實業                 68.00          0.00    33.03%    763.00   795.00   760.00   776.00      823.00   832.00   814.00   826.00    +50.00    +6.44%
==========================================================================================================================================================================
✅ 共 40 筆


══════════════════════════════════════════════════════════════════════════════════════════════════════════════
  🔄 第  3/5 次  2026/09/24 ～ 2026/10/05
══════════════════════════════════════════════════════════════════════════════════════════════════════════════

==========================================================================================================================================================================
📊 動能效率優先權分數排名 (2026/09/24 ~ 2026/10/05)
==========================================================================================================================================================================
    實資排名          累計天數排名  代號        名稱                 累計漲停(元)       累計跌停(元)       強度%  (09/24)開盤      最高      最低      收盤    (10/05)開盤      最高      最低      收盤      賺賠    賺賠率
--------------------------------------------------------------------------------------------------------------------------------------------------------------------------
       1               1  6672      騰輝電子-KY             146.00          0.00   100.00%    315.00   337.50   315.00   337.50      444.00   457.50   435.00   451.00   +113.50   +33.63%
       2               3  6213      聯茂                  207.00          0.00    83.20%    595.00   595.00   592.00   595.00      690.00   751.00   682.00   751.00   +156.00   +26.22%
       3               2  6533      晶心科                 115.50         30.50    79.94%    251.00   276.00   250.00   276.00      351.00   351.50   332.00   336.00    +60.00   +21.74%
       4               4  8046      南電                  285.00          0.00    68.62%   1210.00  1270.00  1190.00  1240.00     1460.00  1550.00  1445.00  1495.00   +255.00   +20.56%
       5               5  3189      景碩                  196.00          0.00    61.88%    938.00   996.00   929.00   962.00     1055.00  1150.00  1030.00  1095.00   +133.00   +13.83%
       6               7  2466      冠西電                  37.50          0.00    55.96%    113.50   120.50   113.00   119.50      150.00   155.00   145.00   155.00    +35.50   +29.71%
       7              12  6196      帆宣                  151.00         21.00    49.95%    547.00   566.00   541.00   565.00      628.00   679.00   622.00   679.00   +114.00   +20.18%
       8               9  1303      南亞                   36.50          0.00    49.65%    225.50   238.50   223.00   238.00      270.00   286.00   266.50   286.00    +48.00   +20.17%
       9               8  8039      台虹                   42.00         12.00    48.57%    255.50   261.00   254.00   258.50      290.00   308.00   283.00   303.50    +45.00   +17.41%
      10               6  3016      嘉晶                   39.50          0.00    47.65%    147.50   160.00   147.00   160.00      186.00   189.50   178.00   181.50    +21.50   +13.44%
      11              17  7711      永擎                   94.00          0.00    46.92%    543.00   548.00   535.00   542.00      615.00   665.00   609.00   634.00    +92.00   +16.97%
      12              14  3533      嘉澤                  185.00          0.00    45.13%   1660.00  1735.00  1660.00  1690.00     1860.00  1895.00  1850.00  1875.00   +185.00   +10.95%
      13              15  8021      尖點                   67.00          0.00    43.32%    480.50   480.50   474.50   480.00      560.00   577.00   536.00   560.00    +80.00   +16.67%
      14              16  6691      洋基工程                153.00         13.00    42.54%    639.00   668.00   636.00   667.00      752.00   794.00   747.00   794.00   +127.00   +19.04%
      15              28  6957      裕慶-KY               121.50          0.00    41.69%    298.50   307.00   287.00   307.00      386.00   413.00   380.50   410.00   +103.00   +33.55%
      16              24  5434      崇越                   80.00          0.00    41.42%    543.00   543.00   536.00   542.00      598.00   623.00   593.00   620.00    +78.00   +14.39%
      17              19  2340      台亞                    0.00          0.00    40.93%     34.35    35.80    34.15    34.55       46.70    50.30    46.50    50.30    +15.75   +45.59%
      18              10  6225      天瀚                    0.00          0.00    40.88%     41.60    50.80    41.60    50.40       70.00    70.40    67.00    69.20    +18.80   +37.30%
      19              13  4919      新唐                   24.50          0.00    40.51%    132.00   138.50   130.00   136.00      162.50   162.50   154.00   155.50    +19.50   +14.34%
      20              22  7795      長廣                   71.00          0.00    39.53%    488.50   495.50   483.50   490.50      555.00   574.00   554.00   559.00    +68.50   +13.97%
      21              21  5292      華懋                   11.50          0.00    38.23%    217.00   218.00   215.50   217.50      240.00   251.00   240.00   247.00    +29.50   +13.56%
      22              18  4958      臻鼎-KY                89.00          0.00    37.67%    473.50   480.50   472.00   475.50      582.00   590.00   568.00   576.00   +100.50   +21.14%
      23              35  7788      松川精密                 42.00          0.00    37.35%    287.00   291.00   285.00   289.50      313.00   335.00   311.50   332.50    +43.00   +14.85%
      24              27  6944      兆聯實業                 85.00          0.00    36.96%    730.00   762.00   730.00   760.00      802.00   820.00   791.00   814.00    +54.00    +7.11%
      25              11  8150      南茂                   21.50          0.00    36.46%    106.00   114.00   105.00   112.00      133.00   133.00   123.00   124.00    +12.00   +10.71%
      26              39  3406      玉晶光                 165.00         19.00    36.33%    901.00   911.00   885.00   901.00      971.00  1055.00   971.00  1055.00   +154.00   +17.09%
      27              20  6834      天二科技                 10.50          0.00    35.78%    112.00   117.50   112.00   116.00      132.50   134.00   122.00   125.50     +9.50    +8.19%
      28              25  3037      欣興                  185.00         20.00    34.24%   1155.00  1190.00  1145.00  1185.00     1325.00  1420.00  1310.00  1325.00   +140.00   +11.81%
      29              26  3030      德律                   21.00          0.00    33.77%    264.00   270.00   261.50   270.00      309.50   312.00   302.00   305.50    +35.50   +13.15%
      30              33  3701      大眾控                   0.00          0.00    33.64%     41.25    41.65    40.90    41.25       60.90    60.90    60.90    60.90    +19.65   +47.64%
      31              23  4551      智伸科                  29.50          0.00    33.29%    162.00   167.00   159.00   163.50      191.50   192.00   178.50   186.00    +22.50   +13.76%
      32              34  3094      聯傑                    0.00          0.00    32.71%     53.60    57.80    53.50    54.30       70.40    73.50    68.70    69.00    +14.70   +27.07%
      33              29  8028      昇陽半導體                31.00          0.00    31.24%    256.50   272.50   253.00   269.00      288.50   290.50   280.50   281.50    +12.50    +4.65%
      34              30  7822      倍利科                 115.00         10.00    31.23%    879.00   926.00   878.00   920.00     1010.00  1030.00   987.00   990.00    +70.00    +7.61%
      35              32  3673      TPK-KY                0.00          0.00    30.99%     64.60    65.90    64.20    65.60       80.80    81.00    76.60    76.80    +11.20   +17.07%
      36              48  2483      百容                    0.00          0.00    30.19%     32.40    33.25    32.30    32.55       38.00    40.70    37.40    40.70     +8.15   +25.04%
      37              31  4722      國精化                  39.50          0.00    30.15%    190.00   191.50   182.50   184.00      239.00   244.00   218.00   224.00    +40.00   +21.74%
      38              37  6155      鈞寶                    0.00          0.00    30.05%     56.20    61.50    55.60    60.20       72.90    73.60    69.90    71.00    +10.80   +17.94%
      39              40  3149      正達                    0.00          0.00    29.66%     62.80    64.20    62.50    63.30       78.80    80.00    77.80    79.50    +16.20   +25.59%
      40              45  2424      隴華                    0.00          0.00    29.49%      7.90     8.40     7.90     8.20        8.28     8.88     8.27     8.60     +0.40    +4.88%
==========================================================================================================================================================================
✅ 共 40 筆


══════════════════════════════════════════════════════════════════════════════════════════════════════════════
  🔄 第  4/5 次  2026/09/23 ～ 2026/10/02
══════════════════════════════════════════════════════════════════════════════════════════════════════════════

==========================================================================================================================================================================
📊 動能效率優先權分數排名 (2026/09/23 ~ 2026/10/02)
==========================================================================================================================================================================
    實資排名          累計天數排名  代號        名稱                 累計漲停(元)       累計跌停(元)       強度%  (09/23)開盤      最高      最低      收盤    (10/02)開盤      最高      最低      收盤      賺賠    賺賠率
--------------------------------------------------------------------------------------------------------------------------------------------------------------------------
       1               1  6672      騰輝電子-KY             134.00          0.00   100.00%    302.00   310.00   298.00   307.00      413.00   439.00   404.00   439.00   +132.00   +43.00%
       2               2  6533      晶心科                 115.50         14.50    86.97%    259.00   264.00   249.50   251.00      366.50   366.50   350.50   352.00   +101.00   +40.24%
       3               3  8046      南電                  295.00          0.00    73.26%   1185.00  1225.00  1150.00  1210.00     1440.00  1480.00  1395.00  1460.00   +250.00   +20.66%
       4               4  3016      嘉晶                   52.50          0.00    70.45%    145.00   145.50   141.50   145.50      169.50   182.00   169.50   180.50    +35.00   +24.05%
       5               5  1727      中華化                  21.50          9.50    50.86%    105.00   116.50   103.00   116.50      111.00   123.00   111.00   123.00     +6.50    +5.58%
       6               8  4919      新唐                   24.50          0.00    49.36%    135.00   144.00   132.50   134.00      151.00   167.00   145.50   163.00    +29.00   +21.64%
       7               6  8150      南茂                   21.50          0.00    49.11%    110.00   116.00   105.00   107.00      116.00   127.00   114.50   127.00    +20.00   +18.69%
       8              12  3189      景碩                  151.00          0.00    45.60%    905.00   922.00   881.00   906.00     1010.00  1070.00  1005.00  1050.00   +144.00   +15.89%
       9              13  6213      聯茂                  139.00          0.00    45.16%    542.00   547.00   525.00   541.00      646.00   700.00   639.00   683.00   +142.00   +26.25%
      10               7  3042      晶技                   26.50          0.00    44.36%    186.50   201.50   179.00   198.00      219.00   232.50   217.50   230.50    +32.50   +16.41%
      11              11  2466      冠西電                  23.50          0.00    44.00%    117.00   120.00   112.00   113.50      130.50   141.00   130.50   141.00    +27.50   +24.23%
      12              14  8021      尖點                   67.00          0.00    43.92%    471.50   480.00   464.00   478.00      503.00   553.00   501.00   553.00    +75.00   +15.69%
      13               9  6933      AMAX-KY              90.00         15.50    43.90%    320.00   350.00   320.00   350.00      394.00   413.00   378.00   379.00    +29.00    +8.29%
      14              10  3037      欣興                  205.00         20.00    43.49%   1120.00  1200.00  1115.00  1160.00     1225.00  1305.00  1215.00  1305.00   +145.00   +12.50%
      15              20  6834      天二科技                 10.50          0.00    43.13%    113.00   116.50   110.50   113.50      118.00   131.00   118.00   131.00    +17.50   +15.42%
      16              24  4722      國精化                  39.50          0.00    41.81%    192.00   193.50   189.00   189.00      212.00   230.00   209.50   230.00    +41.00   +21.69%
      17              15  6225      天瀚                    0.00          0.00    41.00%     46.20    46.20    46.20    46.20       73.50    73.50    64.90    68.30    +22.10   +47.84%
      18              17  8039      台虹                   42.00         12.00    40.74%    264.00   264.00   253.00   256.00      285.00   296.00   280.50   296.00    +40.00   +15.62%
      19              21  4551      智伸科                  29.50          0.00    40.70%    159.00   168.00   159.00   163.50      173.00   186.50   172.00   186.00    +22.50   +13.76%
      20              18  6196      帆宣                  104.00         21.00    39.94%    538.00   558.00   534.00   549.00      609.00   619.00   602.00   618.00    +69.00   +12.57%
      21              16  6691      洋基工程                111.00         13.00    39.44%    639.00   651.00   632.00   646.00      740.00   759.00   730.00   741.00    +95.00   +14.71%
      22              23  7822      倍利科                 133.00          0.00    39.19%    888.00   892.00   866.00   883.00     1000.00  1015.00   990.00  1000.00   +117.00   +13.25%
      23              32  7711      永擎                   70.00          0.00    36.75%    545.00   561.00   538.00   543.00      616.00   620.00   602.00   610.00    +67.00   +12.34%
      24              19  2404      漢唐                  230.00         85.00    36.54%   1160.00  1250.00  1140.00  1250.00     1320.00  1355.00  1265.00  1285.00    +35.00    +2.80%
      25              22  3653      健策                 1165.00        195.00    35.77%   6005.00  6410.00  5930.00  6410.00     6790.00  7065.00  6760.00  6800.00   +390.00    +6.08%
      26              25  3167      大量                  173.00         62.00    34.51%    873.00   903.00   860.00   890.00      983.00  1005.00   948.00   981.00    +91.00   +10.22%
      27              29  3094      聯傑                    0.00          0.00    34.49%     53.00    57.80    51.60    54.30       69.20    73.00    67.90    70.30    +16.00   +29.47%
      28              28  2340      台亞                    0.00          0.00    34.27%     34.25    37.30    34.25    34.35       45.00    47.20    43.70    45.75    +11.40   +33.19%
      29              27  1303      南亞                   10.50          0.00    34.25%    232.00   235.00   223.00   227.50      253.00   261.00   251.50   260.00    +32.50   +14.29%
      30              33  3030      德律                   21.00          0.00    33.46%    270.50   272.00   263.50   264.50      283.00   301.00   277.00   300.00    +35.50   +13.42%
      31              34  8028      昇陽半導體                31.00          0.00    33.30%    264.00   265.00   254.00   258.00      280.00   287.00   277.50   283.50    +25.50    +9.88%
      32              31  5292      華懋                   11.50          0.00    33.05%    217.00   219.00   210.00   218.50      236.00   244.00   234.00   240.00    +21.50    +9.84%
      33              35  3673      TPK-KY                0.00          0.00    31.17%     66.30    67.50    64.80    64.80       73.50    80.60    73.00    80.60    +15.80   +24.38%
      34              37  3701      大眾控                   0.00          0.00    30.59%     42.00    42.00    41.05    41.25       53.00    55.40    51.20    55.40    +14.15   +34.30%
      35              30  2342      茂矽                    0.00          0.00    30.57%     42.65    46.35    42.45    46.35       49.35    52.50    48.50    51.30     +4.95   +10.68%
      36              26  9110      越南控-DR                0.00          0.00    30.48%      2.52     2.92     2.52     2.92        2.99     2.99     2.98     2.98     +0.06    +2.05%
      37              39  6944      兆聯實業                 70.00          0.00    30.22%    727.00   738.00   723.00   731.00      805.00   810.00   785.00   799.00    +68.00    +9.30%
      38              43  6155      鈞寶                    0.00          0.00    29.36%     56.70    57.60    55.90    56.20       69.60    75.50    69.50    72.50    +16.30   +29.00%
      39              41  3311      閎暉                    0.00          0.00    28.83%     36.80    37.40    36.60    36.70       48.25    49.65    48.15    49.65    +12.95   +35.29%
      40              38  3591      艾笛森                   0.00          0.00    28.19%     24.00    25.55    24.00    24.60       27.00    28.60    26.90    28.30     +3.70   +15.04%
==========================================================================================================================================================================
✅ 共 40 筆


══════════════════════════════════════════════════════════════════════════════════════════════════════════════
  🔄 第  5/5 次  2026/09/22 ～ 2026/10/01
══════════════════════════════════════════════════════════════════════════════════════════════════════════════

==========================================================================================================================================================================
📊 動能效率優先權分數排名 (2026/09/22 ~ 2026/10/01)
==========================================================================================================================================================================
    實資排名          累計天數排名  代號        名稱                 累計漲停(元)       累計跌停(元)       強度%  (09/22)開盤      最高      最低      收盤    (10/01)開盤      最高      最低      收盤      賺賠    賺賠率
--------------------------------------------------------------------------------------------------------------------------------------------------------------------------
       1               2  6533      晶心科                 115.50          0.00   100.00%    268.50   278.50   254.50   254.50      346.00   366.50   337.00   366.50   +112.00   +44.01%
       2               1  8046      南電                  360.00          0.00    92.54%   1125.00  1165.00  1120.00  1165.00     1390.00  1450.00  1370.00  1420.00   +255.00   +21.89%
       3               3  6672      騰輝電子-KY             100.50          0.00    79.25%    315.00   315.00   300.00   302.00      376.50   405.50   369.50   405.50   +103.50   +34.27%
       4               4  3016      嘉晶                   52.00          0.00    70.65%    125.00   132.50   124.50   132.50      169.00   169.00   162.50   168.00    +35.50   +26.79%
       5               5  6861      睿生光電                 49.50         21.50    57.50%    247.00   270.50   242.50   267.00      317.50   324.50   288.00   292.00    +25.00    +9.36%
       6               7  3167      大量                  231.00         62.00    56.86%    815.00   868.00   812.00   864.00      908.00   975.00   908.00   975.00   +111.00   +12.85%
       7               6  2404      漢唐                  240.00         65.00    55.30%   1140.00  1175.00  1130.00  1140.00     1280.00  1315.00  1270.00  1305.00   +165.00   +14.47%
       8               8  7822      倍利科                 148.00          0.00    53.92%    853.00   880.00   845.00   865.00     1000.00  1020.00   979.00  1000.00   +135.00   +15.61%
       9              10  6933      AMAX-KY              90.00          0.00    53.39%    326.00   330.50   317.00   318.50      370.00   404.50   369.50   394.50    +76.00   +23.86%
      10              11  6225      天瀚                    0.00          0.00    51.75%     51.30    51.30    51.30    51.30       66.90    66.90    66.90    66.90    +15.60   +30.41%
      11              13  3189      景碩                  193.00          0.00    45.89%    875.00   909.00   875.00   909.00      976.00  1020.00   964.00  1010.00   +101.00   +11.11%
      12              14  3653      健策                 1205.00        120.00    45.14%   5985.00  6050.00  5780.00  5830.00     6720.00  6895.00  6665.00  6875.00  +1045.00   +17.92%
      13              12  1727      中華化                  10.50          9.50    44.83%    103.00   107.00    99.60   106.00      108.00   116.00   105.50   112.00     +6.00    +5.66%
      14              18  6944      兆聯實業                 80.00          0.00    44.77%    719.00   735.00   715.00   722.00      776.00   807.00   776.00   800.00    +78.00   +10.80%
      15              15  6691      洋基工程                111.00         13.00    42.78%    641.00   649.00   634.00   635.00      727.00   748.00   719.00   733.00    +98.00   +15.43%
      16              30  7711      永擎                   70.00          0.00    41.12%    552.00   555.00   534.00   537.00      561.00   616.00   551.00   616.00    +79.00   +14.71%
      17               9  6526      達發                  142.00         37.00    41.11%    736.00   796.00   733.00   764.00      834.00   843.00   818.00   829.00    +65.00    +8.51%
      18              20  6196      帆宣                   88.00         21.00    39.46%    542.00   549.00   534.00   535.00      588.00   602.00   579.00   602.00    +67.00   +12.52%
      19              25  4919      新唐                   13.50          0.00    38.47%    127.00   138.00   126.50   133.50      140.50   152.00   139.00   152.00    +18.50   +13.86%
      20              22  8039      台虹                   42.00         12.00    37.87%    270.00   277.00   261.50   262.50      297.00   297.50   285.00   288.50    +26.00    +9.90%
      21              24  3037      欣興                  215.00         20.00    37.20%   1120.00  1120.00  1105.00  1120.00     1195.00  1230.00  1170.00  1215.00    +95.00    +8.48%
      22              17  2241      艾姆勒                   0.00          0.00    35.55%     38.00    41.05    36.85    41.05       46.00    46.20    44.00    44.05     +3.00    +7.31%
      23              19  3055      蔚華科                  18.50          0.00    35.54%    196.00   206.50   189.50   206.50      208.00   212.00   202.00   210.00     +3.50    +1.69%
      24              35  2340      台亞                    0.00          0.00    34.91%     34.85    35.20    34.10    34.10       40.80    44.70    40.25    43.85     +9.75   +28.59%
      25              39  8028      昇陽半導體                31.00          0.00    34.40%    262.00   274.00   257.00   263.50      277.00   281.00   275.50   280.00    +16.50    +6.26%
      26              21  2030      彰源                    0.00          0.00    34.34%     24.30    27.25    24.30    27.25       37.20    40.00    36.05    37.65    +10.40   +38.17%
      27              29  5292      華懋                   11.50          0.00    34.34%    217.00   219.00   215.00   218.00      228.50   240.00   228.50   237.00    +19.00    +8.72%
      28              28  3042      晶技                   14.50          0.00    34.19%    186.50   188.00   183.50   183.50      210.00   224.00   207.50   218.50    +35.00   +19.07%
      29              26  2342      茂矽                    0.00          0.00    32.63%     41.25    43.00    41.25    42.15       50.30    50.50    49.00    49.35     +7.20   +17.08%
      30              51  1597      直得                   13.00          0.00    32.44%    141.00   141.00   135.00   135.00      147.00   158.50   141.00   154.50    +19.50   +14.44%
      31              23  8996      高力                  225.00        165.00    32.29%   1520.00  1655.00  1490.00  1655.00     1515.00  1600.00  1470.00  1565.00    -90.00    -5.44%
      32              27  9110      越南控-DR                0.00          0.00    31.56%      2.78     2.78     2.65     2.69        3.08     3.08     2.98     2.98     +0.29   +10.78%
      33              53  3094      聯傑                    0.00          0.00    31.52%     56.20    56.20    52.50    52.60       61.80    67.70    61.70    67.70    +15.10   +28.71%
      34              32  2466      冠西電                  11.00          0.00    31.02%    111.50   120.00   111.50   115.50      128.00   136.00   127.00   128.50    +13.00   +11.26%
      35              16  3563      牧德                  147.00         53.00    31.01%    667.00   715.00   667.00   711.00      820.00   825.00   750.00   754.00    +43.00    +6.05%
      36              41  1560      中砂                   89.00         15.00    30.60%    935.00   960.00   929.00   950.00      963.00  1015.00   963.00  1000.00    +50.00    +5.26%
      37              34  3035      智原                   12.00          0.00    30.32%    196.00   210.00   195.50   203.00      210.00   214.00   208.50   213.00    +10.00    +4.93%
      38              31  1709      和益                    0.00          0.00    29.81%     43.10    47.40    41.35    45.95       51.80    53.20    51.60    53.20     +7.25   +15.78%
      39              43  8150      南茂                   10.00          0.00    29.75%    105.50   110.50    99.50   105.50      113.00   116.00   109.50   115.50    +10.00    +9.48%
      40              44  8021      尖點                   28.00          0.00    29.69%    471.50   480.00   460.00   477.00      487.00   503.00   487.00   503.00    +26.00    +5.45%
==========================================================================================================================================================================
✅ 共 40 筆
