
██████████████████████████████████████████████████████████████████████████████████████████████████████████████
  📅 天數組合: 3 日  →  輸出檔: s14_03.txt
██████████████████████████████████████████████████████████████████████████████████████████████████████████████

🔁 共執行 3 次，每次區間長度 4 個交易日

══════════════════════════════════════════════════════════════════════════════════════════════════════════════
  🔄 第  1/3 次  2026/10/02 ～ 2026/10/07
══════════════════════════════════════════════════════════════════════════════════════════════════════════════

==========================================================================================================================================================================
📊 ROI 每日報酬率累計排名 (2026/10/02 ~ 2026/10/07)
==========================================================================================================================================================================
    實資排名          累計天數排名  代號        名稱                 累計漲停(元)       累計跌停(元)       強度%  (10/02)開盤      最高      最低      收盤    (10/07)開盤      最高      最低      收盤      賺賠    賺賠率
--------------------------------------------------------------------------------------------------------------------------------------------------------------------------
       1               1  2466      冠西電                  39.50          0.00   100.00%    130.50   141.00   130.50   141.00      165.00   183.50   164.50   180.50    +39.50   +28.01%
       2               2  6152      百一                    0.00          0.00    99.30%     15.35    15.75    15.35    15.70       19.70    20.10    18.90    19.80     +4.10   +26.11%
       3               3  1303      南亞                   47.00          0.00    97.26%    253.00   261.00   251.50   260.00      293.00   322.00   293.00   314.00    +54.00   +20.77%
       4               4  2241      艾姆勒                   0.00          0.00    96.50%     44.05    45.70    43.40    43.75       47.60    52.00    47.40    52.00     +8.25   +18.86%
       5               8  2492      華新科                  59.50          0.00    96.34%    335.00   361.50   329.00   361.50      389.00   428.00   388.00   428.00    +66.50   +18.40%
       6             121  6957      裕慶-KY                73.00          0.00    96.19%    375.00   389.00   366.00   377.00      405.00   444.00   404.50   444.00    +67.00   +17.77%
       7               5  1714      和桐                    0.00          0.00    95.63%     16.20    17.45    16.20    16.85       19.30    20.35    18.50    19.65     +2.80   +16.62%
       8              13  6213      聯茂                  104.00          0.00    95.62%    646.00   700.00   639.00   683.00      787.00   813.00   780.00   796.00   +113.00   +16.54%
       9              12  6449      鈺邦                   34.50          0.00    95.59%    227.00   233.00   223.50   224.50      238.00   261.50   237.00   261.50    +37.00   +16.48%
      10             168  4989      榮科                    0.00          0.00    95.26%     61.00    66.80    60.80    63.90       68.40    74.70    67.00    73.70     +9.80   +15.34%
      11              10  6278      台表科                  30.50          0.00    95.13%    217.00   218.50   213.00   217.00      229.50   250.50   227.00   250.50    +33.50   +15.44%
      12               9  6672      騰輝電子-KY              57.50          0.00    95.01%    413.00   439.00   404.00   439.00      505.00   505.00   497.50   505.00    +66.00   +15.03%
      13              90  2383      台光電                 810.00         45.00    94.93%   5040.00  5190.00  4975.00  5185.00     6015.00  6325.00  5950.00  5950.00   +765.00   +14.75%
      14              14  6944      兆聯實業                109.00          0.00    94.46%    805.00   810.00   785.00   799.00      835.00   908.00   835.00   908.00   +109.00   +13.64%
      15              31  9929      秋雨                    0.00          0.00    94.43%     11.10    11.10    11.05    11.05       11.55    12.55    11.55    12.55     +1.50   +13.57%
      16              85  9110      越南控-DR                0.00          0.00    94.40%      2.99     2.99     2.98     2.98        3.56     3.56     3.12     3.38     +0.40   +13.42%
      17              48  3518      柏騰                    0.00          0.00    94.38%     41.00    44.35    40.15    44.35       51.40    52.00    47.60    50.30     +5.95   +13.42%
      18             112  4927      泰鼎-KY                 0.00          0.00    94.31%     44.50    48.15    44.40    48.15       55.80    57.00    51.00    54.50     +6.35   +13.19%
      19             106  3406      玉晶光                 134.00         10.00    94.18%    941.00   974.00   929.00   961.00     1045.00  1120.00  1035.00  1085.00   +124.00   +12.90%
      20               6  2243      宏旭-KY                 0.00          0.00    94.13%     52.70    54.50    52.00    52.80       57.30    62.00    57.30    59.70     +6.90   +13.07%
      21             131  2368      金像電                 155.00         15.00    94.10%   1100.00  1120.00  1085.00  1105.00     1265.00  1310.00  1240.00  1245.00   +140.00   +12.67%
      22              38  6988      威力暘-創                 0.00          0.00    93.88%     11.60    11.75    11.30    11.45       12.90    12.90    12.40    12.85     +1.40   +12.23%
      23             186  6442      光聖                  245.00         55.00    93.76%   1520.00  1625.00  1520.00  1625.00     1715.00  1815.00  1715.00  1815.00   +190.00   +11.69%
      24             187  4720      德淵                    0.00          0.00    93.75%     19.05    20.95    19.05    20.95       25.30    25.30    23.15    23.25     +2.30   +10.98%
      25               7  1538      正峰                    0.00          0.00    93.71%      7.98     8.46     7.81     7.90        8.63     8.86     8.63     8.85     +0.95   +12.03%
      26              83  6658      聯策                   18.00          0.00    93.51%    181.00   185.00   181.00   182.00      203.00   208.50   201.50   202.50    +20.50   +11.26%
      27              11  2413      環科                    0.00          0.00    93.34%     52.30    52.90    51.60    52.30       57.10    59.00    56.90    58.10     +5.80   +11.09%
      28              78  1802      台玻                    0.00          0.00    93.17%     58.80    59.80    58.50    59.50       60.10    65.70    59.80    65.70     +6.20   +10.42%
      29              75  1301      台塑                    0.00          0.00    93.16%     67.00    69.60    66.80    68.30       69.00    75.40    68.90    75.40     +7.10   +10.40%
      30             158  6541      泰福-KY                 0.00          0.00    93.16%     30.25    30.25    29.60    29.60       32.85    33.90    32.30    32.70     +3.10   +10.47%
      31             197  3701      大眾控                   0.00          0.00    93.15%     53.00    55.40    51.20    55.40       64.00    64.90    59.10    61.10     +5.70   +10.29%
      32             145  8213      志超                    0.00          0.00    93.04%     33.80    34.30    33.80    34.25       34.30    37.70    34.30    37.70     +3.45   +10.07%
      33             225  6456      GIS-KY                0.00          0.00    92.95%     89.10    94.00    87.00    92.90      101.00   108.00    96.30   102.00     +9.10    +9.80%
      34              40  3661      世芯-KY               380.00          0.00    92.89%   3765.00  3855.00  3765.00  3810.00     4200.00  4295.00  4135.00  4190.00   +380.00    +9.97%
      35             301  6117      迎廣                    0.00          0.00    92.73%     62.60    62.80    62.00    62.20       69.20    72.00    67.70    68.00     +5.80    +9.32%
      36              16  2360      致茂                  210.00          0.00    92.72%   2145.00  2225.00  2135.00  2190.00     2480.00  2560.00  2385.00  2400.00   +210.00    +9.59%
      37             138  3543      州巧                    0.00          0.00    92.61%     51.30    52.60    50.90    51.00       53.20    55.70    52.60    55.70     +4.70    +9.22%
      38              18  6197      佳必琪                  20.00          0.00    92.59%    336.00   340.00   330.50   339.50      366.00   371.00   363.00   371.00    +31.50    +9.28%
      39             250  2313      華通                   22.50          0.00    92.55%    225.00   228.00   224.00   226.00      254.50   261.00   246.00   246.00    +20.00    +8.85%
      40              27  8996      高力                  130.00          0.00    92.45%   1595.00  1635.00  1490.00  1510.00     1660.00  1660.00  1605.00  1645.00   +135.00    +8.94%
==========================================================================================================================================================================
✅ 共 40 筆


══════════════════════════════════════════════════════════════════════════════════════════════════════════════
  🔄 第  2/3 次  2026/10/01 ～ 2026/10/06
══════════════════════════════════════════════════════════════════════════════════════════════════════════════

==========================================================================================================================================================================
📊 ROI 每日報酬率累計排名 (2026/10/01 ~ 2026/10/06)
==========================================================================================================================================================================
    實資排名          累計天數排名  代號        名稱                 累計漲停(元)       累計跌停(元)       強度%  (10/01)開盤      最高      最低      收盤    (10/06)開盤      最高      最低      收盤      賺賠    賺賠率
--------------------------------------------------------------------------------------------------------------------------------------------------------------------------
       1               1  4720      德淵                    0.00          0.00   100.00%     19.35    19.35    19.00    19.05       25.00    25.30    24.80    25.30     +6.25   +32.81%
       2               2  2466      冠西電                  42.00          0.00    99.96%    128.00   136.00   127.00   128.50      160.00   170.50   157.50   170.50    +42.00   +32.68%
       3               4  7788      松川精密                 75.00          0.00    97.45%    299.00   300.00   285.00   290.50      339.50   365.50   335.00   365.50    +75.00   +25.82%
       4               5  3518      柏騰                    0.00          0.00    97.06%     42.15    45.15    40.15    40.35       49.90    52.00    45.65    50.30     +9.95   +24.66%
       5              10  6152      百一                    0.00          0.00    96.34%     15.35    15.45    15.05    15.45       18.95    18.95    18.90    18.95     +3.50   +22.65%
       6               3  6213      聯茂                  145.00          0.00    96.25%    623.00   643.00   611.00   642.00      797.00   818.00   762.00   787.00   +145.00   +22.59%
       7               6  2383      台光電                1020.00          0.00    95.46%   4950.00  4975.00  4855.00  4975.00     6040.00  6115.00  5820.00  5995.00  +1020.00   +20.50%
       8               8  1711      永光                    0.00          0.00    95.22%     41.10    41.10    39.85    40.55       45.00    48.60    44.05    48.60     +8.05   +19.85%
       9             136  4927      泰鼎-KY                 0.00          0.00    95.17%     44.50    44.60    43.60    43.80       52.70    54.60    50.30    52.30     +8.50   +19.41%
      10             153  1709      和益                    0.00          0.00    95.02%     51.80    53.20    51.60    53.20       66.20    66.30    58.20    63.30    +10.10   +18.98%
      11              11  2492      華新科                  53.50          0.00    94.67%    302.50   329.00   302.50   329.00      370.00   395.00   362.50   389.50    +60.50   +18.39%
      12             190  3701      大眾控                   0.00          0.00    94.54%     46.25    50.40    43.90    50.40       60.80    65.40    58.40    59.30     +8.90   +17.66%
      13               7  1714      和桐                    0.00          0.00    94.23%     16.60    16.60    16.20    16.20       18.50    19.20    17.10    19.00     +2.80   +17.28%
      14             212  1735      日勝化                   0.00          0.00    93.99%     20.40    20.55    20.15    20.15       24.20    24.50    23.10    23.40     +3.25   +16.13%
      15               9  1303      南亞                   26.00          0.00    93.49%    256.00   261.50   250.50   254.00      288.00   300.00   274.50   293.00    +39.00   +15.35%
      16              20  2368      金像電                 165.00          0.00    93.39%   1120.00  1125.00  1085.00  1095.00     1220.00  1295.00  1200.00  1260.00   +165.00   +15.07%
      17             204  6456      GIS-KY                0.00          0.00    92.77%     91.90    92.00    86.10    87.90       97.60    99.60    96.20    99.60    +11.70   +13.31%
      18              76  2033      佳大                    0.00          0.00    92.76%     45.10    46.55    44.00    46.55       51.60    53.50    48.80    52.80     +6.25   +13.43%
      19              12  6672      騰輝電子-KY              45.50          0.00    92.65%    376.50   405.50   369.50   405.50      456.00   459.50   435.00   459.50    +54.00   +13.32%
      20              13  2360      致茂                  270.00          0.00    92.50%   2125.00  2150.00  2025.00  2080.00     2330.00  2370.00  2275.00  2350.00   +270.00   +12.98%
      21             109  4958      臻鼎-KY                66.00          0.00    92.41%    512.00   522.00   498.50   510.00      588.00   604.00   572.00   574.00    +64.00   +12.55%
      22              46  2415      錩新                    0.00          0.00    92.37%     27.45    27.45    27.05    27.25       28.15    30.65    28.05    30.65     +3.40   +12.48%
      23              38  2313      華通                   22.50          0.00    92.28%    227.00   228.00   223.00   224.50      254.00   256.00   245.00   252.00    +27.50   +12.25%
      24              41  6658      聯策                   18.00          0.00    92.25%    181.00   183.00   178.50   181.00      208.00   212.50   195.00   203.00    +22.00   +12.15%
      25              32  3031      佰鴻                    0.00          0.00    92.18%     30.60    31.50    30.10    30.50       33.40    34.60    31.05    34.20     +3.70   +12.13%
      26             144  6531      愛普*                 122.00         10.00    92.15%    931.00   937.00   914.00   933.00     1080.00  1085.00  1020.00  1045.00   +112.00   +12.00%
      27             232  1459      聯發                    0.00          0.00    92.11%     16.75    17.00    16.70    17.00       22.60    22.60    18.50    18.85     +1.85   +10.88%
      28             119  4755      三福化                  12.00          0.00    92.10%    118.00   119.00   116.00   119.00      123.00   133.00   121.50   133.00    +14.00   +11.76%
      29              29  3016      嘉晶                   12.50          0.00    92.09%    169.00   169.00   162.50   168.00      186.00   189.50   181.50   188.00    +20.00   +11.90%
      30             240  6442      光聖                  225.00         55.00    92.05%   1500.00  1515.00  1465.00  1480.00     1705.00  1710.00  1640.00  1650.00   +170.00   +11.49%
      31             233  4989      榮科                    0.00          0.00    92.03%     61.00    61.50    60.40    61.10       70.60    71.90    68.10    68.10     +7.00   +11.46%
      32              78  8021      尖點                   50.00          0.00    92.00%    487.00   503.00   487.00   503.00      566.00   584.00   557.00   561.00    +58.00   +11.53%
      33              66  6257      矽格                   26.00          0.00    91.99%    251.00   259.00   249.00   256.50      269.50   286.00   267.50   286.00    +29.50   +11.50%
      34              22  3661      世芯-KY               415.00          0.00    91.70%   3770.00  3820.00  3735.00  3765.00     4000.00  4240.00  3850.00  4180.00   +415.00   +11.02%
      35             205  2059      川湖                 1520.00        255.00    91.69%  12270.00 12270.00 11760.00 11835.00    13500.00 13500.00 12845.00 13100.00  +1265.00   +10.69%
      36             220  8150      南茂                   11.50          0.00    91.58%    113.00   116.00   109.50   115.50      124.00   130.50   123.00   127.50    +12.00   +10.39%
      37              16  6197      佳必琪                  29.50          0.00    91.53%    327.00   331.50   324.00   330.00      351.00   371.00   351.00   365.00    +35.00   +10.61%
      38             142  6117      迎廣                    0.00          0.00    91.51%     62.60    62.60    61.60    62.30       62.80    68.70    62.40    68.70     +6.40   +10.27%
      39              23  3008      大立光                 650.00          0.00    91.50%   5950.00  6225.00  5740.00  6205.00     6800.00  6915.00  6705.00  6855.00   +650.00   +10.48%
      40             237  6196      帆宣                   77.00         16.00    91.47%    588.00   602.00   579.00   602.00      684.00   684.00   649.00   663.00    +61.00   +10.13%
==========================================================================================================================================================================
✅ 共 40 筆


══════════════════════════════════════════════════════════════════════════════════════════════════════════════
  🔄 第  3/3 次  2026/09/30 ～ 2026/10/05
══════════════════════════════════════════════════════════════════════════════════════════════════════════════

==========================================================================================================================================================================
📊 ROI 每日報酬率累計排名 (2026/09/30 ~ 2026/10/05)
==========================================================================================================================================================================
    實資排名          累計天數排名  代號        名稱                 累計漲停(元)       累計跌停(元)       強度%  (09/30)開盤      最高      最低      收盤    (10/05)開盤      最高      最低      收盤      賺賠    賺賠率
--------------------------------------------------------------------------------------------------------------------------------------------------------------------------
       1               1  1709      和益                    0.00          0.00   100.00%     44.10    48.40    44.00    48.40       63.80    64.30    63.60    64.30    +15.90   +32.85%
       2               2  3701      大眾控                   0.00          0.00    99.89%     42.25    45.90    42.25    45.90       60.90    60.90    60.90    60.90    +15.00   +32.68%
       3               4  2466      冠西電                  26.50          0.00    94.72%    115.00   124.50   115.00   124.50      150.00   155.00   145.00   155.00    +30.50   +24.50%
       4               3  2340      台亞                    0.00          0.00    93.87%     38.50    41.50    37.70    40.80       46.70    50.30    46.50    50.30     +9.50   +23.28%
       5               7  1459      聯發                    0.00          0.00    93.82%     16.00    16.70    16.00    16.70       20.55    20.55    20.00    20.55     +3.85   +23.05%
       6              13  2492      華新科                  62.00          0.00    93.80%    306.00   309.00   298.50   299.50      377.50   396.00   365.00   368.50    +69.00   +23.04%
       7               8  6672      騰輝電子-KY              82.00          0.00    93.20%    337.50   369.00   335.50   369.00      444.00   457.50   435.00   451.00    +82.00   +22.22%
       8              78  3311      閎暉                    0.00          0.00    92.26%     38.00    41.95    38.00    41.05       52.20    52.20    49.00    49.50     +8.45   +20.58%
       9              83  6994      富威電力                  0.00          0.00    92.25%     26.20    26.65    25.90    26.50       32.60    33.25    31.00    31.95     +5.45   +20.57%
      10              99  1735      日勝化                   0.00          0.00    92.23%     20.40    20.50    20.20    20.20       23.90    24.35    23.10    24.35     +4.15   +20.54%
      11              94  2033      佳大                    0.00          0.00    92.16%     38.85    42.35    38.65    42.35       56.30    56.30    49.80    51.00     +8.65   +20.43%
      12               5  6213      聯茂                  128.00          0.00    92.06%    624.00   649.00   622.00   623.00      690.00   751.00   682.00   751.00   +128.00   +20.55%
      13             199  4720      德淵                    0.00          0.00    91.36%     19.35    19.50    19.30    19.30       21.70    23.00    20.15    23.00     +3.70   +19.17%
      14             221  4927      泰鼎-KY                 0.00          0.00    91.17%     44.15    44.90    43.70    44.50       52.20    52.90    51.80    52.90     +8.40   +18.88%
      15             230  3518      柏騰                    0.00          0.00    91.01%     40.50    41.10    40.05    41.10       48.45    48.75    46.80    48.75     +7.65   +18.61%
      16              18  3406      玉晶光                 165.00          0.00    90.76%    890.00   921.00   878.00   890.00      971.00  1055.00   971.00  1055.00   +165.00   +18.54%
      17             247  4722      國精化                  39.50          0.00    90.35%    193.00   197.00   190.00   190.50      239.00   244.00   218.00   224.00    +33.50   +17.59%
      18               6  2345      智邦                  300.00          0.00    89.52%   1830.00  1855.00  1770.00  1775.00     2070.00  2110.00  2015.00  2075.00   +300.00   +16.90%
      19              10  8261      富鼎                   18.50          0.00    89.32%    179.00   180.00   175.00   176.00      193.00   205.00   192.00   205.00    +29.00   +16.48%
      20              12  6196      帆宣                   94.00          0.00    89.04%    552.00   588.00   551.00   585.00      628.00   679.00   622.00   679.00    +94.00   +16.07%
      21             271  6834      天二科技                 10.50          0.00    88.76%    114.00   115.00   109.00   109.00      132.50   134.00   122.00   125.50    +16.50   +15.14%
      22              22  2383      台光電                 765.00          0.00    88.69%   4990.00  5030.00  4935.00  4935.00     5630.00  5700.00  5600.00  5700.00   +765.00   +15.50%
      23              20  8021      尖點                   67.00          0.00    88.49%    486.00   487.50   480.00   486.00      560.00   577.00   536.00   560.00    +74.00   +15.23%
      24              55  4989      榮科                    0.00          0.00    88.41%     60.40    61.60    60.30    61.00       65.50    70.20    63.50    70.20     +9.20   +15.08%
      25              23  7795      長廣                   71.00          0.00    88.01%    499.50   501.00   487.50   488.00      555.00   574.00   554.00   559.00    +71.00   +14.55%
      26             152  6442      光聖                  225.00         10.00    87.99%   1525.00  1540.00  1480.00  1490.00     1675.00  1755.00  1620.00  1705.00   +215.00   +14.43%
      27              58  2327      國巨*                  78.00          0.00    87.83%    557.00   564.00   548.00   548.00      649.00   658.00   626.00   626.00    +78.00   +14.23%
      28             133  2367      燿華                    0.00          0.00    87.69%     42.65    43.60    42.45    43.55       46.10    49.65    45.55    49.65     +6.10   +14.01%
      29              25  9933      中鼎                    0.00          0.00    87.57%     40.50    40.75    40.35    40.70       48.75    48.75    45.90    46.35     +5.65   +13.88%
      30              24  2483      百容                    0.00          0.00    87.55%     32.80    35.75    32.60    35.75       38.00    40.70    37.40    40.70     +4.95   +13.85%
      31               9  02001L    富邦蘋果正二N               0.00          0.00    87.54%    155.80   156.00   153.25   153.25      170.00   181.10   170.00   174.80    +21.55   +14.06%
      32              29  6531      愛普*                 122.00          0.00    87.44%    943.00   964.00   924.00   927.00     1015.00  1090.00   995.00  1055.00   +128.00   +13.81%
      33              43  4958      臻鼎-KY                66.00          0.00    87.39%    510.00   510.00   494.00   507.00      582.00   590.00   568.00   576.00    +69.00   +13.61%
      34              31  6225      天瀚                    0.00          0.00    87.39%     60.10    60.90    60.10    60.90       70.00    70.40    67.00    69.20     +8.30   +13.63%
      35             224  7711      永擎                   80.00          0.00    87.16%    553.00   566.00   549.00   560.00      615.00   665.00   609.00   634.00    +74.00   +13.21%
      36             212  7788      松川精密                 42.00          0.00    87.03%    292.00   296.00   286.50   294.00      313.00   335.00   311.50   332.50    +38.50   +13.10%
      37              17  3008      大立光                 785.00          0.00    86.99%   6010.00  6090.00  5945.00  5945.00     6490.00  6850.00  6460.00  6730.00   +785.00   +13.20%
      38              35  6152      百一                    0.00          0.00    86.78%     15.30    15.30    15.05    15.30       16.00    17.25    15.80    17.25     +1.95   +12.75%
      39             275  4919      新唐                   24.50          0.00    86.72%    136.00   142.00   134.00   138.50      162.50   162.50   154.00   155.50    +17.00   +12.27%
      40              11  3189      景碩                  125.00          0.00    86.71%    961.00   972.00   937.00   970.00     1055.00  1150.00  1030.00  1095.00   +125.00   +12.89%
==========================================================================================================================================================================
✅ 共 40 筆
