
██████████████████████████████████████████████████████████████████████████████████████████████████████████████
  📅 天數組合: 5 日  →  輸出檔: q13_05.txt
██████████████████████████████████████████████████████████████████████████████████████████████████████████████

🔁 共執行 5 次，每次區間長度 6 個交易日

══════════════════════════════════════════════════════════════════════════════════════════════════════════════
  🔄 第  1/5 次  2026/09/23 ～ 2026/10/02
══════════════════════════════════════════════════════════════════════════════════════════════════════════════

==========================================================================================================================================================================
📊 動能效率優先權分數排名 (2026/09/23 ~ 2026/10/02)
==========================================================================================================================================================================
    實資排名          累計天數排名  代號        名稱                 累計漲停(元)       累計跌停(元)       強度%  (09/23)開盤      最高      最低      收盤    (10/02)開盤      最高      最低      收盤      賺賠    賺賠率
--------------------------------------------------------------------------------------------------------------------------------------------------------------------------
       1               2  3624      光頡                   25.50          0.00   100.00%    122.00   134.00   122.00   134.00      151.00   157.50   147.00   148.50    +14.50   +10.82%
       2               1  6207      雷科                   37.00          0.00    93.27%    116.00   117.00   113.50   114.00      145.00   152.50   141.50   148.00    +34.00   +29.82%
       3               4  2221      大甲                   33.50         18.50    85.73%    166.00   168.50   149.50   158.50      182.00   188.00   177.50   188.00    +29.50   +18.61%
       4               6  7728      光焱科技                 85.00         18.00    84.83%    580.00   591.00   576.00   589.00      649.00   661.00   635.00   645.00    +56.00    +9.51%
       5               5  4768      晶呈科技                 72.50         13.00    83.56%    319.00   337.00   311.00   329.00      374.00   389.00   372.50   374.50    +45.50   +13.83%
       6               7  3675      德微                   59.00          0.00    81.08%    309.00   332.00   307.50   332.00      359.00   378.50   352.50   360.00    +28.00    +8.43%
       7              10  3455      由田                   34.00          0.00    75.28%    248.00   252.00   244.00   244.00      287.00   295.00   277.00   280.00    +36.00   +14.75%
       8               3  7792      安葆                   57.50         19.50    73.54%    378.50   415.50   378.00   415.50      429.00   429.00   414.00   425.00     +9.50    +2.29%
       9               8  6488      環球晶                 245.00         21.00    72.44%    929.00  1005.00   922.00   950.00     1090.00  1190.00  1075.00  1190.00   +240.00   +25.26%
      10               9  4760      勤凱                   54.50          0.00    68.37%    266.00   269.00   263.00   265.00      302.00   317.00   302.00   317.00    +52.00   +19.62%
      11              16  4556      旭然                   10.00          0.00    66.33%     85.20    93.60    85.20    93.60      111.50   122.50   109.50   114.50    +20.90   +22.33%
      12              11  6693      廣閎科                  30.00          0.00    64.68%    180.00   197.00   180.00   197.00      213.50   214.00   205.00   206.00     +9.00    +4.57%
      13              15  7751      竑騰                  205.00         40.00    63.64%   1420.00  1440.00  1410.00  1435.00     1650.00  1675.00  1590.00  1590.00   +155.00   +10.80%
      14              12  3498      陽程                   36.00          9.50    63.50%    205.00   209.50   197.50   199.00      221.00   226.00   212.00   215.00    +16.00    +8.04%
      15              27  3147      大綜                   24.00          0.00    63.22%    232.50   236.00   231.50   234.50      266.00   273.00   255.00   264.50    +30.00   +12.79%
      16              41  6532      瑞耘                   20.00          0.00    61.63%     99.70    99.70    97.60    97.90      123.00   123.50   117.50   120.00    +22.10   +22.57%
      17              13  6274      台燿                  190.00         10.00    60.77%   1440.00  1485.00  1420.00  1460.00     1540.00  1685.00  1530.00  1620.00   +160.00   +10.96%
      18              22  8121      越峰                    0.00          0.00    58.80%     28.00    28.55    27.90    27.90       34.65    35.75    33.45    34.10     +6.20   +22.22%
      19              39  8147      正淩                   22.00         15.00    58.74%    136.50   139.50   135.00   137.50      147.00   148.00   143.50   143.50     +6.00    +4.36%
      20              19  3707      漢磊                    0.00          0.00    58.13%     70.90    76.40    69.80    70.20       77.50    85.20    76.30    85.20    +15.00   +21.37%
      21              25  5309      系統電                   0.00          0.00    57.97%     52.40    52.40    51.30    51.50       63.00    68.00    62.30    65.70    +14.20   +27.57%
      22              17  4991      環宇-KY                89.00         25.50    57.78%    476.50   477.50   439.50   447.50      509.00   534.00   498.50   534.00    +86.50   +19.33%
      23              34  3441      聯一光                  18.00          0.00    57.73%    180.50   180.50   175.50   177.50      210.00   222.50   207.00   211.00    +33.50   +18.87%
      24              24  2061      風青                    0.00          0.00    57.61%     55.50    56.70    54.90    55.80       60.80    67.80    60.00    67.80    +12.00   +21.51%
      25              28  3615      安可                    0.00          0.00    57.57%     37.45    41.10    37.45    38.30       43.25    46.80    43.05    45.00     +6.70   +17.49%
      26              18  8047      星雲                    0.00          0.00    57.51%     42.00    45.80    42.00    45.75       51.20    51.60    51.00    51.60     +5.85   +12.79%
      27              21  6122      擎邦                    0.00          0.00    57.09%     53.10    55.40    53.00    55.20       62.50    63.90    60.80    63.90     +8.70   +15.76%
      28              14  7734      印能科技                350.00         85.00    56.41%   2560.00  2610.00  2550.00  2580.00     2795.00  2880.00  2765.00  2825.00   +245.00    +9.50%
      29              46  3293      鈊象                   76.00         23.00    56.20%    728.00   730.00   724.00   729.00      819.00   819.00   778.00   791.00    +62.00    +8.50%
      30              37  8109      博大                    9.50          0.00    55.04%    131.00   132.00   130.50   132.00      144.50   148.00   143.50   146.50    +14.50   +10.98%
      31              23  4772      台特化                  39.50          0.00    54.71%    245.50   246.50   243.00   245.00      272.00   290.50   271.50   281.50    +36.50   +14.90%
      32              36  3259      鑫創                    0.00          0.00    54.50%     10.20    10.35    10.15    10.35       12.85    12.85    12.85    12.85     +2.50   +24.15%
      33              58  6620      漢達                   12.00          0.00    54.29%    126.50   132.50   125.00   130.00      145.00   149.50   142.50   143.50    +13.50   +10.38%
      34              32  3105      穩懋                  102.00          0.00    53.49%    507.00   518.00   486.50   497.00      574.00   591.00   572.00   591.00    +94.00   +18.91%
      35              20  8091      翔名                   21.50          0.00    52.93%    218.00   218.00   215.50   216.00      216.50   237.00   216.50   237.00    +21.00    +9.72%
      36              31  6435      大中                   25.00          0.00    52.32%    249.00   254.00   247.00   249.00      269.50   280.00   260.00   277.00    +28.00   +11.24%
      37              38  4905      台聯電                   0.00          0.00    51.31%     78.30    78.30    78.10    78.10       85.60    92.50    84.00    92.50    +14.40   +18.44%
      38              35  8933      愛地雅                   0.00          0.00    51.25%      4.36     4.50     4.36     4.50        4.50     4.59     4.43     4.59     +0.09    +2.00%
      39              45  5483      中美晶                  28.50         10.50    50.83%    195.00   195.00   183.00   184.50      210.50   229.50   209.50   221.50    +37.00   +20.05%
      40             949  5205      中茂                    0.00          0.00    50.33%        --       --       --       --       22.40    22.80    22.30    22.80        --        --
==========================================================================================================================================================================
✅ 共 40 筆


══════════════════════════════════════════════════════════════════════════════════════════════════════════════
  🔄 第  2/5 次  2026/09/22 ～ 2026/10/01
══════════════════════════════════════════════════════════════════════════════════════════════════════════════

==========================================================================================================================================================================
📊 動能效率優先權分數排名 (2026/09/22 ~ 2026/10/01)
==========================================================================================================================================================================
    實資排名          累計天數排名  代號        名稱                 累計漲停(元)       累計跌停(元)       強度%  (09/22)開盤      最高      最低      收盤    (10/01)開盤      最高      最低      收盤      賺賠    賺賠率
--------------------------------------------------------------------------------------------------------------------------------------------------------------------------
       1               1  7792      安葆                   91.50         19.50   100.00%    345.00   378.00   332.00   378.00      416.00   430.50   410.00   421.00    +43.00   +11.38%
       2               3  2221      大甲                   47.50         18.50    83.66%    152.00   154.00   147.50   154.00      190.50   193.00   178.00   179.00    +25.00   +16.23%
       3               2  3498      陽程                   45.50          9.50    72.87%    202.00   210.00   196.50   205.50      225.00   228.00   214.00   219.50    +14.00    +6.81%
       4               5  3455      由田                   34.00          0.00    66.31%    257.50   260.50   246.00   247.50      266.00   292.00   258.00   287.00    +39.50   +15.96%
       5               6  3675      德微                   59.00          0.00    65.53%    304.00   308.00   295.50   302.00      330.00   360.00   328.00   359.00    +57.00   +18.87%
       6               4  6693      廣閎科                  30.00          0.00    65.00%    180.50   184.00   179.00   179.50      210.00   219.50   205.00   212.50    +33.00   +18.38%
       7               9  4768      晶呈科技                 72.50         13.00    64.95%    323.00   325.00   310.00   311.50      392.50   403.50   366.00   367.00    +55.50   +17.82%
       8               8  6207      雷科                   37.00          0.00    64.60%    119.00   120.00   114.00   115.50      153.00   158.00   139.50   145.00    +29.50   +25.54%
       9               7  3219      倚強科                  30.80          0.00    57.98%    104.50   108.50    99.70   108.50      132.50   134.00   128.50   131.50    +23.00   +21.20%
      10              13  6532      瑞耘                   20.00          0.00    57.89%    100.00   101.00    97.90    98.50      121.00   127.00   115.50   122.50    +24.00   +24.37%
      11              11  3293      鈊象                   76.00          0.00    54.93%    725.00   729.00   719.00   727.00      786.00   814.00   785.00   814.00    +87.00   +11.97%
      12              17  6488      環球晶                 180.00         21.00    52.03%    950.00  1010.00   950.00   971.00     1055.00  1135.00  1045.00  1085.00   +114.00   +11.74%
      13              14  3624      光頡                   25.50         10.50    51.88%    133.50   136.00   122.00   122.00      138.00   151.00   138.00   151.00    +29.00   +23.77%
      14              18  3147      大綜                   24.00          0.00    51.16%    238.00   239.00   231.50   232.00      242.00   267.50   240.00   267.50    +35.50   +15.30%
      15              12  8121      越峰                    0.00          0.00    51.08%     27.90    28.20    27.70    27.95       31.50    34.65    31.00    34.65     +6.70   +23.97%
      16              15  3441      聯一光                  18.00          0.00    50.68%    175.50   181.50   172.50   181.00      189.00   202.50   189.00   202.50    +21.50   +11.88%
      17              10  3529      力旺                  550.00        135.00    49.88%   2895.00  3110.00  2890.00  3110.00     3305.00  3345.00  3215.00  3245.00   +135.00    +4.34%
      18              30  8147      正淩                   22.00         15.00    49.52%    142.00   143.00   135.50   137.50      152.00   153.00   143.00   143.50     +6.00    +4.36%
      19              21  5536      聖暉*                  80.00          0.00    48.02%    876.00   905.00   869.00   888.00      929.00   970.00   919.00   959.00    +71.00    +8.00%
      20              16  9960      邁達康                   0.00          0.00    47.25%     32.95    35.35    32.60    35.25       39.70    41.05    37.35    37.50     +2.25    +6.38%
      21             267  8047      星雲                    0.00          0.00    47.20%        --       --       --       --       51.00    51.10    50.60    51.00        --        --
      22              25  3259      鑫創                    0.00          0.00    46.73%     10.15    10.40    10.15    10.25       11.60    11.70    11.55    11.70     +1.45   +14.15%
      23              20  6122      擎邦                    0.00          0.00    46.52%     52.30    53.00    51.60    52.90       60.60    62.50    60.40    62.30     +9.40   +17.77%
      24              33  4556      旭然                   10.00          0.00    46.44%     87.30    89.60    84.30    85.10      108.00   111.50    98.30   111.50    +26.40   +31.02%
      25              22  6643      M31                 100.00         57.00    46.19%    482.50   520.00   482.00   489.50      555.00   557.00   518.00   521.00    +31.50    +6.44%
      26              26  4174      浩鼎                    0.00          0.00    46.04%     29.90    31.05    29.00    29.65       43.10    43.10    43.10    43.10    +13.45   +45.36%
      27              19  4542      科嶠                   41.00         16.00    44.51%    318.00   332.50   310.00   332.50      343.00   343.00   328.00   328.00     -4.50    -1.35%
      28              24  8437      大地-KY                 0.00          0.00    44.30%      8.98     9.21     8.96     9.03       10.10    10.65    10.10    10.60     +1.57   +17.39%
      29              44  7728      光焱科技                 85.00         28.00    43.65%    607.00   607.00   576.00   576.00      685.00   714.00   647.00   649.00    +73.00   +12.67%
      30              28  7751      竑騰                  205.00         25.00    42.70%   1460.00  1490.00  1420.00  1420.00     1615.00  1650.00  1570.00  1630.00   +210.00   +14.79%
      31              29  6925      意藍                    0.00          0.00    42.38%     58.30    58.30    56.10    56.40       73.80    80.00    72.10    72.10    +15.70   +27.84%
      32              40  3615      安可                    0.00          0.00    42.16%     37.95    38.40    37.00    37.45       45.80    45.80    43.20    43.25     +5.80   +15.49%
      33              32  3707      漢磊                    0.00          0.00    41.68%     67.00    69.50    66.00    69.50       76.00    78.50    75.60    77.50     +8.00   +11.51%
      34              36  5309      系統電                   0.00          0.00    41.57%     52.80    53.10    51.80    51.80       63.00    66.50    62.00    62.80    +11.00   +21.24%
      35              35  1595      川寶                    0.00          0.00    40.67%     70.10    75.30    69.50    74.60       86.00    91.00    81.40    83.30     +8.70   +11.66%
      36              31  2924      宏太-KY                 0.00          0.00    40.58%     17.65    19.00    17.65    19.00       18.85    18.85    18.85    18.85     -0.15    -0.79%
      37              27  3317      尼克森                   0.00          0.00    40.56%     57.90    60.80    57.00    60.50       64.60    66.40    64.30    65.20     +4.70    +7.77%
      38              42  8109      博大                    9.50          0.00    40.50%    134.00   134.00   131.00   131.00      136.00   145.50   136.00   144.50    +13.50   +10.31%
      39             952  5205      中茂                    0.00          0.00    40.26%     17.25    17.25    17.25    17.25       20.75    20.75    20.75    20.75     +3.50   +20.29%
      40              49  6432      今展科                   0.00          0.00    40.08%     62.00    63.00    60.90    62.00       62.80    69.80    62.50    69.80     +7.80   +12.58%
==========================================================================================================================================================================
✅ 共 40 筆


══════════════════════════════════════════════════════════════════════════════════════════════════════════════
  🔄 第  3/5 次  2026/09/21 ～ 2026/09/30
══════════════════════════════════════════════════════════════════════════════════════════════════════════════

==========================================================================================================================================================================
📊 動能效率優先權分數排名 (2026/09/21 ~ 2026/09/30)
==========================================================================================================================================================================
    實資排名          累計天數排名  代號        名稱                 累計漲停(元)       累計跌停(元)       強度%  (09/21)開盤      最高      最低      收盤    (09/30)開盤      最高      最低      收盤      賺賠    賺賠率
--------------------------------------------------------------------------------------------------------------------------------------------------------------------------
       1               2  2221      大甲                   60.00          0.00   100.00%    136.00   140.00   136.00   140.00      178.00   198.00   170.00   197.50    +57.50   +41.07%
       2               1  7792      安葆                   91.50         19.50    79.99%    339.50   352.50   325.00   344.00      420.00   424.00   413.00   424.00    +80.00   +23.26%
       3               5  6207      雷科                   37.00          0.00    68.98%    120.00   124.00   116.00   117.00      141.00   151.00   140.00   151.00    +34.00   +29.06%
       4               3  4542      科嶠                   68.50          0.00    66.73%    279.00   302.50   276.50   302.50      345.00   347.00   338.00   344.00    +41.50   +13.72%
       5               6  4768      晶呈科技                 72.50          0.00    64.99%    315.50   331.50   312.00   317.50      365.00   382.00   360.00   380.00    +62.50   +19.69%
       6               4  3498      陽程                   45.50          0.00    61.76%    200.00   203.00   194.00   196.00      234.50   234.50   221.00   229.00    +33.00   +16.84%
       7               8  6643      M31                 120.00         23.00    56.10%    461.00   486.00   457.00   478.00      506.00   555.00   500.00   555.00    +77.00   +16.11%
       8               7  3219      倚強科                  30.80          0.00    52.44%     96.00    98.70    94.10    98.70      130.00   134.50   127.50   131.50    +32.80   +33.23%
       9              17  8147      正淩                   22.00          0.00    48.93%    134.00   136.00   133.00   135.50      149.50   160.50   148.00   158.50    +23.00   +16.97%
      10              10  6922      宸曜                   31.50          0.00    48.44%    190.50   206.50   190.00   206.50      228.50   230.00   218.50   221.00    +14.50    +7.02%
      11              12  8227      巨有科技                 81.50          0.00    48.30%    282.00   287.50   271.50   287.50      370.50   370.50   370.50   370.50    +83.00   +28.87%
      12              11  6693      廣閎科                  30.00          0.00    47.71%    182.00   183.00   176.50   178.00      222.50   223.50   210.00   211.50    +33.50   +18.82%
      13              16  4174      浩鼎                    0.00          0.00    44.56%     27.75    29.90    27.70    29.90       39.00    39.20    38.55    39.20     +9.30   +31.10%
      14               9  7772      耀穎                   32.50         14.50    44.44%    152.00   171.00   147.00   171.00      180.00   180.00   175.00   176.00     +5.00    +2.92%
      15              19  6532      瑞耘                   20.00          0.00    43.83%    100.00   102.50    99.10   100.00      114.00   118.50   114.00   118.50    +18.50   +18.50%
      16              13  6236      中湛                    0.00          0.00    43.30%     14.40    17.50    14.40    17.50       19.05    19.05    18.50    18.50     +1.00    +5.71%
      17              15  9960      邁達康                   0.00          0.00    43.29%     32.25    32.80    32.00    32.15       41.20    41.95    40.40    41.50     +9.35   +29.08%
      18              25  7728      光焱科技                 85.00         10.00    41.84%    587.00   594.00   580.00   586.00      615.00   667.00   615.00   667.00    +81.00   +13.82%
      19              20  3615      安可                    0.00          0.00    41.56%     36.90    38.85    36.90    37.75       42.20    45.80    42.10    45.80     +8.05   +21.32%
      20              21  3259      鑫創                    0.00          0.00    40.60%      9.85    10.20     9.85    10.20        9.60    10.65     8.90    10.65     +0.45    +4.41%
      21             275  8047      星雲                    0.00          0.00    39.77%     45.20    45.80    44.20    45.80       51.20    51.50    50.20    50.80     +5.00   +10.92%
      22              18  1595      川寶                    0.00          0.00    39.67%     65.90    69.30    65.80    68.50       79.40    85.30    76.20    85.30    +16.80   +24.53%
      23              14  3324      雙鴻                  235.00        180.00    38.92%   1500.00  1535.00  1460.00  1520.00     1620.00  1645.00  1530.00  1530.00    +10.00    +0.66%
      24              22  6664      群翊                   24.00          0.00    38.05%    340.00   341.50   336.00   340.50      373.50   387.00   370.50   376.00    +35.50   +10.43%
      25              36  6182      合晶                   12.00          0.00    37.14%    117.00   119.00   113.50   115.00      123.00   133.00   121.00   133.00    +18.00   +15.65%
      26              24  6945      圓祥生技                  0.00          0.00    36.81%    131.00   137.00   124.50   135.00      140.00   149.00   140.00   148.50    +13.50   +10.00%
      27              23  6122      擎邦                    0.00          0.00    36.40%     51.20    52.30    51.00    51.70       60.30    60.90    59.20    60.50     +8.80   +17.02%
      28             993  4806      桂田文創                  0.00          0.00    36.11%      8.86     9.50     8.86     9.50          --       --       --       --        --        --
      29              55  3581      博磊                   10.50          0.00    35.92%    103.00   107.00   102.00   103.50      109.50   117.00   109.50   117.00    +13.50   +13.04%
      30              45  4556      旭然                    0.00          0.00    35.69%     84.00    91.50    83.20    87.30       93.70   101.50    93.70   101.50    +14.20   +16.27%
      31              27  6925      意藍                    0.00          0.00    35.40%     58.70    58.90    57.50    57.80       74.80    75.00    72.70    73.80    +16.00   +27.68%
      32              28  8027      鈦昇                   38.00          0.00    35.24%    180.00   182.00   176.50   179.50      222.00   222.00   219.00   222.00    +42.50   +23.68%
      33              41  5220      萬達光電                  0.00          0.00    34.71%     19.90    19.90    19.80    19.90       22.80    24.20    22.00    24.20     +4.30   +21.61%
      34              37  5309      系統電                   0.00          0.00    34.69%     51.90    52.40    51.20    52.10       60.50    64.00    60.00    62.70    +10.60   +20.35%
      35              29  3455      由田                   14.00          0.00    34.36%    252.00   263.50   251.00   256.50      268.50   279.00   260.50   267.00    +10.50    +4.09%
      36              26  2924      宏太-KY                 0.00          0.00    33.27%     17.75    17.75    17.75    17.75       18.40    18.40    16.70    18.30     +0.55    +3.10%
      37              31  8437      大地-KY                 0.00          0.00    33.23%      8.98     9.17     8.98     9.12       10.25    10.50    10.10    10.20     +1.08   +11.84%
      38              35  3325      旭品                    0.00          0.00    33.10%     11.10    12.30    11.00    12.30       11.70    11.90    11.65    11.90     -0.40    -3.25%
      39             966  5205      中茂                    0.00          0.00    33.01%     17.30    17.80    17.30    17.30       17.30    18.90    17.30    18.90     +1.60    +9.25%
      40              33  8040      九暘                    0.00          0.00    33.01%     83.00    86.70    82.10    83.50      101.00   102.50    98.00    98.50    +15.00   +17.96%
==========================================================================================================================================================================
✅ 共 40 筆


══════════════════════════════════════════════════════════════════════════════════════════════════════════════
  🔄 第  4/5 次  2026/09/18 ～ 2026/09/29
══════════════════════════════════════════════════════════════════════════════════════════════════════════════

==========================================================================================================================================================================
📊 動能效率優先權分數排名 (2026/09/18 ~ 2026/09/29)
==========================================================================================================================================================================
    實資排名          累計天數排名  代號        名稱                 累計漲停(元)       累計跌停(元)       強度%  (09/18)開盤      最高      最低      收盤    (09/29)開盤      最高      最低      收盤      賺賠    賺賠率
--------------------------------------------------------------------------------------------------------------------------------------------------------------------------
       1               1  7792      安葆                  117.50         19.50   100.00%    320.00   344.00   320.00   339.00      427.50   430.00   400.00   416.00    +77.00   +22.71%
       2               2  3498      陽程                   56.00          0.00    82.21%    185.50   200.00   183.00   195.00      216.00   235.00   212.00   235.00    +40.00   +20.51%
       3               4  8227      巨有科技                 69.00          0.00    62.37%    263.00   279.00   252.00   279.00      313.00   337.00   308.00   337.00    +58.00   +20.79%
       4               3  7772      耀穎                   42.00         14.50    61.19%    148.00   160.50   147.00   155.50      176.00   179.50   172.50   176.00    +20.50   +13.18%
       5               5  2221      大甲                   54.00          0.00    57.54%    124.00   127.50   119.00   127.50      169.00   180.00   167.50   180.00    +52.50   +41.18%
       6               7  4542      科嶠                   68.50          0.00    55.45%    291.00   298.00   275.00   275.00      329.00   342.00   329.00   339.00    +64.00   +23.27%
       7              10  6693      廣閎科                  30.00          0.00    53.90%    183.00   186.50   180.50   183.50      206.50   220.50   203.50   218.00    +34.50   +18.80%
       8              11  6922      宸曜                   31.50          0.00    49.76%    189.00   189.50   185.50   188.00      212.00   228.50   210.00   225.00    +37.00   +19.68%
       9               6  3219      倚強科                  30.80          0.00    48.38%     83.30    89.80    82.70    89.80      123.50   125.50   120.50   125.50    +35.70   +39.76%
      10               9  3324      雙鴻                  330.00         80.00    45.69%   1480.00  1515.00  1420.00  1480.00     1680.00  1680.00  1595.00  1630.00   +150.00   +10.14%
      11               8  6643      M31                  90.00         23.00    44.88%    450.00   458.00   439.50   458.00      509.00   534.00   502.00   505.00    +47.00   +10.26%
      12              21  4768      晶呈科技                 50.00          0.00    43.21%    317.00   323.50   314.00   315.00      325.50   357.50   323.00   357.50    +42.50   +13.49%
      13              12  3529      力旺                  685.00         90.00    39.73%   2770.00  2890.00  2760.00  2845.00     3175.00  3410.00  3145.00  3305.00   +460.00   +16.17%
      14              13  9960      邁達康                   0.00          0.00    39.70%     30.65    31.80    30.65    31.80       39.35    41.40    38.85    41.20     +9.40   +29.56%
      15              16  6236      中湛                    0.00          0.00    39.60%     16.00    16.00    16.00    16.00       18.45    18.45    18.45    18.45     +2.45   +15.31%
      16              19  6207      雷科                   23.50          0.00    38.61%    114.00   115.50   111.50   115.50      130.50   137.50   127.50   137.50    +22.00   +19.05%
      17              31  4174      浩鼎                    0.00          0.00    36.88%     27.55    29.30    27.20    27.20       32.65    35.65    32.45    35.65     +8.45   +31.07%
      18              23  6925      意藍                    0.00          0.00    35.47%     56.80    62.30    56.80    59.90       72.00    75.00    71.00    75.00    +15.10   +25.21%
      19              26  3455      由田                   23.50          0.00    35.25%    255.00   256.00   243.00   255.50      258.50   276.00   256.00   267.00    +11.50    +4.50%
      20              14  6945      圓祥生技                  0.00          0.00    34.78%    119.50   132.00   114.00   132.00      137.50   140.00   135.00   140.00     +8.00    +6.06%
      21              33  3675      德微                   40.00          0.00    34.13%    291.00   300.00   287.00   294.00      337.50   354.50   331.00   334.00    +40.00   +13.61%
      22              17  3508      位速                    0.00          0.00    33.30%     21.70    23.75    21.65    23.75       25.30    26.70    25.00    25.95     +2.20    +9.26%
      23              29  8040      九暘                    0.00          0.00    33.00%     79.50    83.50    78.50    82.70       93.00   102.50    92.50   100.00    +17.30   +20.92%
      24              20  4991      環宇-KY                94.00         50.50    32.77%    450.50   474.00   450.50   474.00      455.00   493.00   455.00   474.50     +0.50    +0.11%
      25              30  6532      瑞耘                    9.50          0.00    32.04%     94.50   101.50    94.50    99.30       99.80   108.00    99.60   108.00     +8.70    +8.76%
      26             814  8047      星雲                    0.00          0.00    32.02%     46.50    46.50    45.00    45.10       49.20    51.00    49.20    51.00     +5.90   +13.08%
      27              25  6199      天品                    0.00          0.00    31.24%    105.00   113.00   103.50   113.00      125.00   127.00   124.50   126.00    +13.00   +11.50%
      28              40  8027      鈦昇                   18.00          0.00    31.07%    177.00   180.00   173.50   180.00      187.00   202.00   185.50   202.00    +22.00   +12.22%
      29              28  6231      系微                   20.50          0.00    31.06%    215.50   223.00   215.00   222.50      236.00   244.50   232.50   241.00    +18.50    +8.31%
      30              37  6664      群翊                   24.00          0.00    30.97%    338.00   340.00   333.00   339.50      358.50   372.00   355.50   370.00    +30.50    +8.98%
      31              38  3624      光頡                   12.00         10.50    30.62%    122.00   126.50   117.00   126.00      139.00   143.50   138.00   140.00    +14.00   +11.11%
      32              48  6122      擎邦                    0.00          0.00    29.98%     51.50    51.70    50.60    51.20       57.70    60.00    57.60    59.70     +8.50   +16.60%
      33              35  8121      越峰                    0.00          0.00    29.88%     27.30    27.90    27.25    27.90       30.65    32.75    30.00    31.90     +4.00   +14.34%
      34              50  3615      安可                    0.00          0.00    29.82%     36.30    37.50    36.25    36.90       37.80    41.65    37.50    41.65     +4.75   +12.87%
      35             988  4806      桂田文創                  0.00          0.00    29.67%      9.43     9.43     9.34     9.34          --       --       --       --        --        --
      36             747  4154      樂威科-KY                0.00          0.00    29.62%     11.25    11.65    11.25    11.65       11.80    13.00    11.80    12.90     +1.25   +10.73%
      37              27  7556      意德士                  14.50          0.00    29.20%    250.00   262.00   250.00   262.00      264.50   273.50   264.50   267.50     +5.50    +2.10%
      38              47  8437      大地-KY                 0.00          0.00    29.11%      9.00     9.28     8.94     9.10       10.40    10.55    10.00    10.10     +1.00   +10.99%
      39              22  5432      新門                   24.50          0.00    28.86%    146.50   160.00   146.50   160.00      163.50   164.00   160.00   160.50     +0.50    +0.31%
      40              36  7770      君曜                    0.00          0.00    28.69%     38.30    40.50    38.00    40.50       39.50    42.95    39.50    42.95     +2.45    +6.05%
==========================================================================================================================================================================
✅ 共 40 筆


══════════════════════════════════════════════════════════════════════════════════════════════════════════════
  🔄 第  5/5 次  2026/09/17 ～ 2026/09/24
══════════════════════════════════════════════════════════════════════════════════════════════════════════════

==========================================================================================================================================================================
📊 動能效率優先權分數排名 (2026/09/17 ~ 2026/09/24)
==========================================================================================================================================================================
    實資排名          累計天數排名  代號        名稱                 累計漲停(元)       累計跌停(元)       強度%  (09/17)開盤      最高      最低      收盤    (09/24)開盤      最高      最低      收盤      賺賠    賺賠率
--------------------------------------------------------------------------------------------------------------------------------------------------------------------------
       1               2  7792      安葆                  117.50          0.00   100.00%    314.00   321.00   310.50   313.00      415.00   453.00   415.00   435.50   +122.50   +39.14%
       2               1  7772      耀穎                   55.00         14.50    88.76%    133.00   146.00   133.00   146.00      173.00   182.00   170.50   180.00    +34.00   +23.29%
       3               3  4542      科嶠                   82.50          0.00    64.32%    258.00   278.50   257.50   278.50      323.50   357.00   320.50   328.00    +49.50   +17.77%
       4               5  3324      雙鴻                  355.00          0.00    57.97%   1375.00  1460.00  1335.00  1385.00     1595.00  1750.00  1590.00  1710.00   +325.00   +23.47%
       5               4  6643      M31                 108.00         13.00    56.32%    425.00   451.00   425.00   438.00      471.00   524.00   471.00   515.00    +77.00   +17.58%
       6               6  2221      大甲                   48.50          0.00    42.16%    110.50   116.00   108.00   116.00      158.00   164.50   158.00   164.00    +48.00   +41.38%
       7              10  3219      倚強科                  19.80          0.00    40.33%     82.60    84.60    81.30    81.70      107.00   114.50   105.50   114.50    +32.80   +40.15%
       8               9  3498      陽程                   35.00          0.00    40.32%    192.50   193.00   180.00   184.50      198.00   215.00   197.00   214.00    +29.50   +15.99%
       9               7  8064      東捷                   11.50          0.00    38.28%    123.00   130.00   123.00   130.00      131.00   142.00   130.50   139.00     +9.00    +6.92%
      10             118  6236      中湛                    0.00          0.00    38.00%        --       --       --       --       17.85    17.85    17.85    17.85        --        --
      11              12  3529      力旺                  620.00         90.00    36.94%   2735.00  2810.00  2660.00  2710.00     3250.00  3315.00  3160.00  3230.00   +520.00   +19.19%
      12              24  6693      廣閎科                  30.00          0.00    36.85%    184.00   188.50   180.50   180.50      201.50   212.50   194.00   209.50    +29.00   +16.07%
      13              11  6945      圓祥生技                  0.00          0.00    34.99%    119.50   130.00   118.00   124.00      135.50   138.00   134.50   138.00    +14.00   +11.29%
      14              19  8444      綠河-KY                 0.00          0.00    34.76%      4.30     5.00     4.25     5.00        4.21     4.40     4.21     4.40     -0.60   -12.00%
      15              16  9960      邁達康                   0.00          0.00    34.65%     30.95    31.05    30.90    31.05       37.05    39.35    36.30    39.35     +8.30   +26.73%
      16              22  6922      宸曜                   18.50          0.00    34.39%    185.00   191.00   185.00   188.00      204.50   213.50   204.50   212.00    +24.00   +12.77%
      17             945  4806      桂田文創                  0.00          0.00    31.86%      8.79     9.16     8.79     9.15          --       --       --       --        --        --
      18              15  6199      天品                    0.00          0.00    31.41%    102.50   106.00   101.00   105.00      122.00   125.00   118.50   124.00    +19.00   +18.10%
      19              13  5432      新門                   24.50          0.00    31.40%    147.00   148.00   145.50   145.50      163.50   169.00   163.00   167.50    +22.00   +15.12%
      20              37  4174      浩鼎                    0.00          0.00    30.54%     26.95    28.35    26.80    27.75       33.00    34.15    32.05    32.45     +4.70   +16.94%
      21              17  3508      位速                    0.00          0.00    30.40%     21.50    22.10    21.35    21.60       24.95    27.10    24.65    26.20     +4.60   +21.30%
      22              33  6925      意藍                    0.00          0.00    29.74%     57.50    61.80    56.60    56.70       62.60    68.20    62.60    68.20    +11.50   +20.28%
      23              23  3293      鈊象                   49.00          0.00    29.36%    712.00   725.00   708.00   725.00      734.00   774.00   734.00   761.00    +36.00    +4.97%
      24              56  8437      大地-KY                 0.00          0.00    29.36%      9.24     9.24     9.00     9.12       10.00    10.85    10.00    10.65     +1.53   +16.78%
      25              28  5230      雷笛克光學                 0.00          0.00    28.67%     18.75    18.90    18.60    18.70       22.40    23.50    22.00    23.30     +4.60   +24.60%
      26             932  8047      星雲                    0.00          0.00    27.81%     45.25    45.90    45.15    45.15       45.60    49.20    45.00    49.20     +4.05    +8.97%
      27              14  6667      信紘科                  23.50          0.00    27.75%    239.00   244.00   238.00   238.50      260.00   264.00   256.50   261.50    +23.00    +9.64%
      28              18  3265      台星科                  12.00          9.50    27.71%    164.50   174.50   164.50   168.00      180.00   184.00   178.50   183.00    +15.00    +8.93%
      29              40  3664      安瑞-KY                 0.00          0.00    27.62%      8.14     8.15     8.14     8.15        8.88     8.88     8.85     8.86     +0.71    +8.71%
      30              48  3455      由田                   23.50          0.00    27.28%    242.50   263.00   239.50   246.00      242.00   265.00   242.00   258.00    +12.00    +4.88%
      31              69  3317      尼克森                   0.00          0.00    27.21%     56.10    56.20    55.10    55.10       64.10    73.00    64.10    68.30    +13.20   +23.96%
      32              32  6207      雷科                   11.00          0.00    26.91%    110.00   117.50   110.00   113.50      115.50   125.00   115.50   125.00    +11.50   +10.13%
      33              31  4923      力士                    0.00          0.00    26.77%     54.90    56.00    54.10    55.30       66.70    67.40    63.30    64.00     +8.70   +15.73%
      34              27  7556      意德士                  14.50          0.00    26.73%    246.50   253.50   245.00   247.50      258.00   264.50   258.00   264.50    +17.00    +6.87%
      35              55  4416      三圓                    0.00          0.00    26.58%     11.25    11.30    10.80    11.05       14.00    14.10    13.40    13.70     +2.65   +23.98%
      36              20  4966      譜瑞-KY                42.00         18.00    26.50%    543.00   566.00   542.00   556.00      565.00   575.00   561.00   572.00    +16.00    +2.88%
      37              25  1569      濱川                    0.00          0.00    26.37%     51.00    53.00    50.40    52.00       63.80    68.00    62.60    64.70    +12.70   +24.42%
      38              47  8121      越峰                    0.00          0.00    26.07%     27.10    27.50    27.10    27.25       27.65    30.65    27.60    30.65     +3.40   +12.48%
      39               8  3264      欣銓                   61.00         24.50    26.06%    229.50   245.00   229.50   244.50      250.00   255.00   244.00   246.00     +1.50    +0.61%
      40              91  5345      馥鴻                    0.00          0.00    25.79%     21.00    22.60    21.00    22.60          --       --       --       --        --        --
==========================================================================================================================================================================
✅ 共 40 筆
