
██████████████████████████████████████████████████████████████████████████████████████████████████████████████
  📅 天數組合: 3 日  →  輸出檔: s12_03.txt
██████████████████████████████████████████████████████████████████████████████████████████████████████████████

🔁 共執行 3 次，每次區間長度 3 個交易日

══════════════════════════════════════════════════════════════════════════════════════════════════════════════
  🔄 第  1/3 次  2026/09/29 ～ 2026/10/02
══════════════════════════════════════════════════════════════════════════════════════════════════════════════

==========================================================================================================================================================================
📊 累計漲跌停強度排名 (2026/09/29 ~ 2026/10/02)
==========================================================================================================================================================================
    實資排名        累計天數排名  代號        名稱                 累計漲停(元)       累計跌停(元)       強度%  (09/29)開盤      最高      最低      收盤    (10/02)開盤      最高      最低      收盤      賺賠    賺賠率
--------------------------------------------------------------------------------------------------------------------------------------------------------------------------
       1            32  8046      南電                  220.00          0.00    19.31%   1210.00  1280.00  1200.00  1270.00     1440.00  1480.00  1395.00  1460.00   +190.00   +14.96%
       2            10  6515      穎崴                  555.00        335.00    19.31%   5720.00  5765.00  5650.00  5675.00     5770.00  6160.00  5770.00  6070.00   +395.00    +6.96%
       3            23  3665      貿聯-KY               255.00         55.00    17.55%   2385.00  2465.00  2375.00  2445.00     2620.00  2670.00  2525.00  2540.00    +95.00    +3.89%
       4            24  3533      嘉澤                  165.00          0.00    14.48%   1680.00  1765.00  1680.00  1710.00     1825.00  1865.00  1800.00  1855.00   +145.00    +8.48%
       5            53  2383      台光電                 265.00        130.00    11.85%   4910.00  5055.00  4870.00  4920.00     5040.00  5190.00  4975.00  5185.00   +265.00    +5.39%
       6            84  3037      欣興                  140.00         20.00    10.53%   1170.00  1185.00  1130.00  1165.00     1225.00  1305.00  1215.00  1305.00   +140.00   +12.02%
       7            50  6672      騰輝電子-KY             103.50          0.00     9.08%    330.50   335.50   321.00   335.50      413.00   439.00   404.00   439.00   +103.50   +30.85%
       8            61  3189      景碩                   95.00          0.00     8.34%    960.00   969.00   939.00   955.00     1010.00  1070.00  1005.00  1050.00    +95.00    +9.95%
       9            57  6442      光聖                  145.00         50.00     8.34%   1530.00  1545.00  1490.00  1500.00     1520.00  1625.00  1520.00  1625.00   +125.00    +8.33%
      10            53  6213      聯茂                   85.00          0.00     7.46%    620.00   628.00   588.00   620.00      646.00   700.00   639.00   683.00    +63.00   +10.16%
      11            23  7822      倍利科                  78.00          0.00     6.85%    930.00   986.00   925.00   976.00     1000.00  1015.00   990.00  1000.00    +24.00    +2.46%
      12            58  6957      裕慶-KY                77.00          0.00     6.76%    334.50   337.50   307.50   337.50      375.00   389.00   366.00   377.00    +39.50   +11.70%
      13            58  6533      晶心科                  90.50         14.50     6.67%    272.50   303.50   268.00   303.50      366.50   366.50   350.50   352.00    +48.50   +15.98%
      14            23  4958      臻鼎-KY                74.00          0.00     6.49%    479.00   499.50   472.50   498.50      515.00   561.00   514.00   561.00    +62.50   +12.54%
      15            31  2345      智邦                  190.00        120.00     6.14%   1845.00  1880.00  1800.00  1810.00     1955.00  1980.00  1920.00  1965.00   +155.00    +8.56%
      16            42  7711      永擎                   70.00          0.00     6.14%    540.00   553.00   537.00   546.00      616.00   620.00   602.00   610.00    +64.00   +11.72%
      17            43  8021      尖點                   67.00          0.00     5.88%    475.50   481.50   470.00   480.00      503.00   553.00   501.00   553.00    +73.00   +15.21%
      18            79  6691      洋基工程                 79.00         13.00     5.79%    657.00   665.00   645.00   654.00      740.00   759.00   730.00   741.00    +87.00   +13.30%
      19            54  7795      長廣                   60.00          0.00     5.27%    480.00   502.00   480.00   496.00      532.00   566.00   524.00   548.00    +52.00   +10.48%
      20            92  6196      帆宣                   74.00         21.00     4.65%    554.00   554.00   537.00   544.00      609.00   619.00   602.00   618.00    +74.00   +13.60%
      21            82  2492      華新科                  62.00          9.50     4.61%    313.00   321.00   299.00   302.00      335.00   361.50   329.00   361.50    +59.50   +19.70%
      22            57  7799      禾榮科                  64.50         12.00     4.61%    496.00   510.00   490.00   490.50      558.00   561.00   535.00   543.00    +52.50   +10.70%
      23            81  3406      玉晶光                  71.00         19.00     4.56%    890.00   893.00   869.00   882.00      941.00   974.00   929.00   961.00    +79.00    +8.96%
      24            51  2327      國巨*                  78.00         32.00     4.04%    570.00   570.00   548.00   548.00      604.00   647.00   598.00   626.00    +78.00   +14.23%
      25            16  3008      大立光                 345.00        300.00     3.95%   6100.00  6205.00  5940.00  6020.00     6205.00  6395.00  6090.00  6290.00   +270.00    +4.49%
      26            97  5434      崇越                   43.00          0.00     3.77%    539.00   545.00   538.00   540.00      571.00   585.00   568.00   583.00    +43.00    +7.96%
      27            41  6944      兆聯實業                 41.00          0.00     3.60%    763.00   795.00   760.00   776.00      805.00   810.00   785.00   799.00    +23.00    +2.96%
      28            45  3450      聯鈞                   40.00          0.00     3.51%    513.00   535.00   510.00   525.00      531.00   553.00   522.00   543.00    +18.00    +3.43%
      29            56  3661      世芯-KY               125.00         85.00     3.51%   3750.00  3795.00  3675.00  3685.00     3765.00  3855.00  3765.00  3810.00   +125.00    +3.39%
      30            51  4722      國精化                  39.50          0.00     3.47%    184.00   194.50   184.00   190.00      212.00   230.00   209.50   230.00    +40.00   +21.05%
      31            81  1560      中砂                   52.00         15.00     3.25%    960.00   977.00   955.00   956.00     1005.00  1030.00   993.00  1015.00    +59.00    +6.17%
      32            54  6414      樺漢                   34.50          0.00     3.03%    380.50   409.50   377.50   398.00      402.50   405.00   398.50   401.50     +3.50    +0.88%
      33            52  3026      禾伸堂                  61.00         31.00     2.63%    804.00   804.00   785.00   796.00      845.00   881.00   831.00   835.00    +39.00    +4.90%
      34            55  8039      台虹                   42.00         12.00     2.63%    257.50   273.50   256.50   273.50      285.00   296.00   280.50   296.00    +22.50    +8.23%
      35            49  4551      智伸科                  29.50          0.00     2.59%    162.50   179.50   162.00   179.50      173.00   186.50   172.00   186.00     +6.50    +3.62%
      36            53  3583      辛耘                   29.00          0.00     2.54%    698.00   721.00   698.00   713.00      711.00   724.00   711.00   721.00     +8.00    +1.12%
      37            50  6789      采鈺                   28.50          0.00     2.50%    465.00   482.00   463.00   478.50      488.00   496.50   484.00   490.50    +12.00    +2.51%
      38            30  3167      大量                   88.00         62.00     2.28%    936.00   946.00   895.00   903.00      983.00  1005.00   948.00   981.00    +78.00    +8.64%
      39            69  5234      達興材料                 38.50         13.50     2.19%    294.50   322.00   294.00   322.00      305.00   322.00   302.50   312.00    -10.00    -3.11%
      40            61  3016      嘉晶                   25.00          0.00     2.19%    165.00   176.00   161.50   172.50      169.50   182.00   169.50   180.50     +8.00    +4.64%
==========================================================================================================================================================================
✅ 共 40 筆


══════════════════════════════════════════════════════════════════════════════════════════════════════════════
  🔄 第  2/3 次  2026/09/24 ～ 2026/10/01
══════════════════════════════════════════════════════════════════════════════════════════════════════════════

==========================================================================================================================================================================
📊 累計漲跌停強度排名 (2026/09/24 ~ 2026/10/01)
==========================================================================================================================================================================
    實資排名        累計天數排名  代號        名稱                 累計漲停(元)       累計跌停(元)       強度%  (09/24)開盤      最高      最低      收盤    (10/01)開盤      最高      最低      收盤      賺賠    賺賠率
--------------------------------------------------------------------------------------------------------------------------------------------------------------------------
       1            30  3653      健策                  585.00        120.00   230.77%   6560.00  6920.00  6215.00  6920.00     6720.00  6895.00  6665.00  6875.00    -45.00    -0.65%
       2            11  3665      貿聯-KY               255.00         40.00   106.70%   2410.00  2470.00  2285.00  2340.00     2595.00  2625.00  2510.00  2555.00   +215.00    +9.19%
       3            31  8046      南電                  210.00          0.00   104.22%   1210.00  1270.00  1190.00  1240.00     1390.00  1450.00  1370.00  1420.00   +180.00   +14.52%
       4            24  3533      嘉澤                  165.00          0.00    81.89%   1660.00  1735.00  1660.00  1690.00     1780.00  1865.00  1760.00  1855.00   +165.00    +9.76%
       5            62  6533      晶心科                 115.50          0.00    57.32%    251.00   276.00   250.00   276.00      346.00   366.50   337.00   366.50    +90.50   +32.79%
       6            33  7822      倍利科                 115.00          0.00    57.07%    879.00   926.00   878.00   920.00     1000.00  1020.00   979.00  1000.00    +80.00    +8.70%
       7            52  3189      景碩                  111.00          0.00    55.09%    938.00   996.00   929.00   962.00      976.00  1020.00   964.00  1010.00    +48.00    +4.99%
       8            45  6672      騰輝電子-KY             100.50          0.00    49.88%    315.00   337.50   315.00   337.50      376.50   405.50   369.50   405.50    +68.00   +20.15%
       9            47  6213      聯茂                   98.00          0.00    48.64%    595.00   595.00   592.00   595.00      623.00   643.00   611.00   642.00    +47.00    +7.90%
      10            51  3026      禾伸堂                 103.00         14.00    44.17%    768.00   820.00   765.00   810.00      796.00   870.00   796.00   852.00    +42.00    +5.19%
      11            87  6957      裕慶-KY                88.50          0.00    43.92%    298.50   307.00   287.00   307.00      400.00   400.00   364.00   384.00    +77.00   +25.08%
      12            99  6691      洋基工程                100.00         13.00    43.18%    639.00   668.00   636.00   667.00      727.00   748.00   719.00   733.00    +66.00    +9.90%
      13            35  3167      大量                  147.00         62.00    42.18%    889.00   968.00   871.00   949.00      908.00   975.00   908.00   975.00    +26.00    +2.74%
      14            42  7711      永擎                   70.00          0.00    34.74%    543.00   548.00   535.00   542.00      561.00   616.00   551.00   616.00    +74.00   +13.65%
      15            57  6944      兆聯實業                 70.00          0.00    34.74%    730.00   762.00   730.00   760.00      776.00   807.00   776.00   800.00    +40.00    +5.26%
      16            37  6933      AMAX-KY              58.50          0.00    29.03%    367.50   385.00   355.00   385.00      370.00   404.50   369.50   394.50     +9.50    +2.47%
      17            63  2404      漢唐                  120.00         65.00    27.30%   1255.00  1285.00  1205.00  1285.00     1280.00  1315.00  1270.00  1305.00    +20.00    +1.56%
      18            95  3037      欣興                   75.00         20.00    27.30%   1155.00  1190.00  1145.00  1185.00     1195.00  1230.00  1170.00  1215.00    +30.00    +2.53%
      19            89  6196      帆宣                   74.00         21.00    26.30%    547.00   566.00   541.00   565.00      588.00   602.00   579.00   602.00    +37.00    +6.55%
      20            13  7795      長廣                   48.00          0.00    23.82%    488.50   495.50   483.50   490.50      490.50   536.00   483.00   536.00    +45.50    +9.28%
      21            36  3406      玉晶光                  60.00         19.00    20.35%    901.00   911.00   885.00   901.00      885.00   973.00   871.00   950.00    +49.00    +5.44%
      22            28  3017      奇鋐                  195.00        155.00    19.85%   3460.00  3600.00  3455.00  3555.00     3435.00  3520.00  3300.00  3510.00    -45.00    -1.27%
      23            72  1560      中砂                   53.00         15.00    18.86%    950.00   975.00   945.00   971.00      963.00  1015.00   963.00  1000.00    +29.00    +2.99%
      24            54  6414      樺漢                   34.50          0.00    17.12%    371.00   376.00   367.50   374.00      392.50   405.00   388.00   402.50    +28.50    +7.62%
      25            48  7799      禾榮科                  64.50         33.00    15.63%    523.00   525.00   480.00   498.00      555.00   574.00   544.00   555.00    +57.00   +11.45%
      26            44  8028      昇陽半導體                31.00          0.00    15.38%    256.50   272.50   253.00   269.00      277.00   281.00   275.50   280.00    +11.00    +4.09%
      27            55  8039      台虹                   42.00         12.00    14.89%    255.50   261.00   254.00   258.50      297.00   297.50   285.00   288.50    +30.00   +11.61%
      28            50  6789      采鈺                   28.50          0.00    14.14%    462.00   467.00   455.50   465.50      496.50   505.00   482.00   489.00    +23.50    +5.05%
      29            71  5434      崇越                   27.00          0.00    13.40%    543.00   543.00   536.00   542.00      556.00   567.00   550.00   567.00    +25.00    +4.61%
      30            51  3016      嘉晶                   27.00          0.00    13.40%    147.50   160.00   147.00   160.00      169.00   169.00   162.50   168.00     +8.00    +5.00%
      31            52  8996      高力                   75.00         50.00    12.41%   1555.00  1560.00  1480.00  1530.00     1515.00  1600.00  1470.00  1565.00    +35.00    +2.29%
      32            12  4958      臻鼎-KY                23.00          0.00    11.41%    473.50   480.50   472.00   475.50      512.00   522.00   498.50   510.00    +34.50    +7.26%
      33            30  2327      國巨*                  54.00         32.00    10.92%    568.00   589.00   560.00   580.00      560.00   602.00   560.00   602.00    +22.00    +3.79%
      34            19  2395      研華                   21.00          0.00    10.42%    703.00   728.00   702.00   722.00      731.00   734.00   718.00   723.00     +1.00    +0.14%
      35            26  6449      鈺邦                   20.50          0.00    10.17%    212.00   212.50   208.50   209.50      211.50   230.00   211.50   230.00    +20.50    +9.79%
      36            63  2492      華新科                  29.50          9.50     9.93%    305.00   315.50   302.00   311.50      302.50   329.00   302.50   329.00    +17.50    +5.62%
      37            64  6139      亞翔                   41.00         21.00     9.93%    733.00   755.00   725.00   753.00      761.00   768.00   750.00   759.00     +6.00    +0.80%
      38            28  4722      國精化                  19.00          0.00     9.43%    190.00   191.50   182.50   184.00      196.50   209.50   194.50   209.50    +25.50   +13.86%
      39            24  6257      矽格                   17.50          0.00     8.68%    246.00   250.50   236.50   243.00      251.00   259.00   249.00   256.50    +13.50    +5.56%
      40            25  3532      台勝科                  17.00          0.00     8.44%    445.00   453.00   437.00   452.50      475.00   497.50   465.50   474.00    +21.50    +4.75%
==========================================================================================================================================================================
✅ 共 40 筆


══════════════════════════════════════════════════════════════════════════════════════════════════════════════
  🔄 第  3/3 次  2026/09/23 ～ 2026/09/30
══════════════════════════════════════════════════════════════════════════════════════════════════════════════

==========================================================================================================================================================================
📊 累計漲跌停強度排名 (2026/09/23 ~ 2026/09/30)
==========================================================================================================================================================================
    實資排名        累計天數排名  代號        名稱                 累計漲停(元)       累計跌停(元)       強度%  (09/23)開盤      最高      最低      收盤    (09/30)開盤      最高      最低      收盤      賺賠    賺賠率
--------------------------------------------------------------------------------------------------------------------------------------------------------------------------
       1            24  3653      健策                 1090.00        120.00   435.96%   6005.00  6410.00  5930.00  6410.00     6980.00  7080.00  6720.00  6800.00   +390.00    +6.08%
       2            10  3665      貿聯-KY               350.00          0.00   157.30%   2290.00  2340.00  2240.00  2340.00     2500.00  2685.00  2485.00  2595.00   +255.00   +10.90%
       3            38  8046      南電                  175.00          0.00    78.65%   1185.00  1225.00  1150.00  1210.00     1285.00  1340.00  1250.00  1340.00   +130.00   +10.74%
       4            10  6515      穎崴                  485.00        320.00    74.16%   5815.00  6070.00  5715.00  5995.00     5690.00  5985.00  5655.00  5930.00    -65.00    -1.08%
       5            33  2404      漢唐                  215.00         65.00    67.42%   1160.00  1250.00  1140.00  1250.00     1230.00  1300.00  1230.00  1290.00    +40.00    +3.20%
       6            57  7822      倍利科                 133.00          0.00    59.78%    888.00   892.00   866.00   883.00      998.00  1025.00   989.00   998.00   +115.00   +13.02%
       7            79  3563      牧德                   96.00          0.00    43.15%    720.00   774.00   715.00   753.00      811.00   825.00   784.00   807.00    +54.00    +7.17%
       8            92  6691      洋基工程                 97.00         13.00    37.75%    639.00   651.00   632.00   646.00      666.00   719.00   665.00   719.00    +73.00   +11.30%
       9            42  6533      晶心科                  82.50          0.00    37.08%    259.00   264.00   249.50   251.00      316.00   333.50   301.00   333.50    +82.50   +32.87%
      10            28  2368      金像電                 115.00         35.00    35.96%   1085.00  1140.00  1030.00  1140.00     1115.00  1160.00  1070.00  1120.00    -20.00    -1.75%
      11            18  6213      聯茂                   79.00          0.00    35.51%    542.00   547.00   525.00   541.00      624.00   649.00   622.00   623.00    +82.00   +15.16%
      12            48  6526      達發                  102.00         26.00    34.16%    777.00   840.00   761.00   840.00      830.00   855.00   819.00   840.00     +0.00    +0.00%
      13            48  6957      裕慶-KY                75.50          0.00    33.93%    300.00   305.00   295.00   295.50      365.00   371.00   356.00   371.00    +75.50   +25.55%
      14            52  2383      台光電                 205.00        130.00    33.71%   4910.00  5110.00  4860.00  5020.00     4990.00  5030.00  4935.00  4935.00    -85.00    -1.69%
      15            35  3189      景碩                   71.00          0.00    31.91%    905.00   922.00   881.00   906.00      961.00   972.00   937.00   970.00    +64.00    +7.06%
      16            29  6933      AMAX-KY              66.50          0.00    29.89%    320.00   350.00   320.00   350.00      380.50   392.00   371.00   371.00    +21.00    +6.00%
      17            26  6672      騰輝電子-KY              64.00          0.00    28.76%    302.00   310.00   298.00   307.00      337.50   369.00   335.50   369.00    +62.00   +20.20%
      18            62  6446      藥華藥                  75.00         20.00    24.72%   1170.00  1195.00  1160.00  1175.00     1210.00  1240.00  1200.00  1215.00    +40.00    +3.40%
      19            94  3037      欣興                   75.00         20.00    24.72%   1120.00  1200.00  1115.00  1160.00     1175.00  1190.00  1155.00  1175.00    +15.00    +1.29%
      20            87  6196      帆宣                   71.00         21.00    22.47%    538.00   558.00   534.00   549.00      552.00   588.00   551.00   585.00    +36.00    +6.56%
      21            30  3017      奇鋐                  200.00        155.00    20.22%   3425.00  3590.00  3410.00  3470.00     3455.00  3575.00  3405.00  3435.00    -35.00    -1.01%
      22            33  6944      兆聯實業                 45.00          0.00    20.22%    727.00   738.00   723.00   731.00      780.00   795.00   774.00   775.00    +44.00    +6.02%
      23            39  8039      台虹                   42.00          0.00    18.88%    264.00   264.00   253.00   256.00      279.50   300.50   277.50   300.50    +44.50   +17.38%
      24            86  6139      亞翔                   62.00         21.00    18.43%    725.00   750.00   720.00   736.00      741.00   762.00   740.00   756.00    +20.00    +2.72%
      25            80  3016      嘉晶                   40.00          0.00    17.98%    145.00   145.50   141.50   145.50      170.00   172.50   165.00   169.00    +23.50   +16.15%
      26            36  7799      禾榮科                  71.50         33.00    17.30%    508.00   558.00   508.00   531.00      509.00   539.00   503.00   539.00     +8.00    +1.51%
      27            44  8028      昇陽半導體                31.00          0.00    13.93%    264.00   265.00   254.00   258.00      292.00   292.00   281.00   282.50    +24.50    +9.50%
      28            15  6409      旭隼                   30.00          0.00    13.48%    900.00   900.00   882.00   883.00      888.00   915.00   877.00   907.00    +24.00    +2.72%
      29            17  6861      睿生光電                 28.50          0.00    12.81%    267.00   290.00   265.00   273.00      294.00   313.50   294.00   313.50    +40.50   +14.84%
      30            50  6789      采鈺                   28.50          0.00    12.81%    473.00   474.00   461.00   468.00      485.50   503.00   480.00   494.00    +26.00    +5.56%
      31            57  3532      台勝科                  27.50          0.00    12.36%    442.00   460.00   430.50   445.00      459.50   488.50   453.00   471.00    +26.00    +5.84%
      32            27  3533      嘉澤                   80.00         55.00    11.24%   1755.00  1760.00  1660.00  1690.00     1730.00  1785.00  1705.00  1770.00    +80.00    +4.73%
      33            19  4770      上品                   25.00          0.00    11.24%    261.50   275.00   256.50   275.00      288.00   288.50   277.50   282.00     +7.00    +2.55%
      34            64  3661      世芯-KY               110.00         85.00    11.24%   3790.00  3845.00  3715.00  3760.00     3745.00  3810.00  3730.00  3740.00    -20.00    -0.53%
      35            11  6414      樺漢                   24.00          0.00    10.79%    379.50   380.00   370.50   371.50      400.00   410.00   392.00   392.00    +20.50    +5.52%
      36            50  3167      大量                   85.00         62.00    10.34%    873.00   903.00   860.00   890.00      902.00   906.00   879.00   887.00     -3.00    -0.34%
      37            19  2395      研華                   21.00          0.00     9.44%    715.00   721.00   695.00   701.00      731.00   746.00   726.00   726.00    +25.00    +3.57%
      38            69  2408      南亞科                  31.00         12.00     8.54%    514.00   526.00   513.00   515.00      511.00   520.00   507.00   519.00     +4.00    +0.78%
      39            24  6257      矽格                   17.50          0.00     7.87%    250.50   252.00   238.00   247.00      239.00   260.00   238.50   254.00     +7.00    +2.83%
      40            15  4551      智伸科                  16.00          0.00     7.19%    159.00   168.00   159.00   163.50      183.50   188.00   173.50   174.50    +11.00    +6.73%
==========================================================================================================================================================================
✅ 共 40 筆
