
██████████████████████████████████████████████████████████████████████████████████████████████████████████████
  📅 天數組合: 10 日  →  輸出檔: s14_10.txt
██████████████████████████████████████████████████████████████████████████████████████████████████████████████

🔁 共執行 10 次，每次區間長度 11 個交易日

══════════════════════════════════════════════════════════════════════════════════════════════════════════════
  🔄 第  1/10 次  2026/09/16 ～ 2026/10/02
══════════════════════════════════════════════════════════════════════════════════════════════════════════════

==========================================================================================================================================================================
📊 ROI 每日報酬率累計排名 (2026/09/16 ~ 2026/10/02)
==========================================================================================================================================================================
    實資排名          累計天數排名  代號        名稱                 累計漲停(元)       累計跌停(元)       強度%  (09/16)開盤      最高      最低      收盤    (10/02)開盤      最高      最低      收盤      賺賠    賺賠率
--------------------------------------------------------------------------------------------------------------------------------------------------------------------------
       1               6  2033      佳大                    0.00          0.00   100.00%     26.00    28.05    25.80    28.05       51.20    51.20    51.20    51.20    +23.15   +82.53%
       2               2  2030      彰源                    0.00          0.00    98.20%     22.50    22.70    22.35    22.70       38.15    39.20    37.95    38.40    +15.70   +69.16%
       3               4  3094      聯傑                    0.00          0.00    96.76%     42.25    45.00    42.25    44.55       69.20    73.00    67.90    70.30    +25.75   +57.80%
       4              59  3016      嘉晶                   64.50          0.00    96.46%    110.50   116.00   107.50   115.50      169.50   182.00   169.50   180.50    +65.00   +56.28%
       5             215  6533      晶心科                 157.00         14.50    96.26%    224.50   229.00   224.50   229.00      366.50   366.50   350.50   352.00   +123.00   +53.71%
       6              13  1709      和益                    0.00          0.00    95.89%     35.95    39.05    35.90    39.05       55.50    58.50    54.70    58.50    +19.45   +49.81%
       7              16  8150      南茂                   21.50          0.00    94.97%     85.20    87.30    84.70    87.10      116.00   127.00   114.50   127.00    +39.90   +45.81%
       8              18  3518      柏騰                    0.00          0.00    94.95%     29.90    30.95    29.75    30.30       41.00    44.35    40.15    44.35    +14.05   +46.37%
       9             173  8201      無敵                    0.00          0.00    94.91%     11.60    11.80    11.60    11.75       17.55    17.80    17.00    17.10     +5.35   +45.53%
      10              57  6957      裕慶-KY               136.50          0.00    94.88%    246.00   260.00   246.00   258.50      375.00   389.00   366.00   377.00   +118.50   +45.84%
      11              44  6672      騰輝電子-KY             134.00         10.50    94.73%    295.50   306.00   290.00   304.00      413.00   439.00   404.00   439.00   +135.00   +44.41%
      12              43  6168      宏齊                    0.00          0.00    94.55%     29.40    32.15    29.40    32.15       47.45    48.00    46.00    46.00    +13.85   +43.08%
      13              19  6456      GIS-KY                0.00          0.00    94.49%     62.30    65.20    62.20    64.80       89.10    94.00    87.00    92.90    +28.10   +43.36%
      14              14  2444      兆勁                    0.00          0.00    94.24%     11.55    11.95    11.45    11.65       15.00    16.50    14.70    16.50     +4.85   +41.63%
      15              35  4919      新唐                   36.00          0.00    94.03%    112.00   117.00   111.50   116.00      151.00   167.00   145.50   163.00    +47.00   +40.52%
      16              85  3701      大眾控                   0.00          0.00    93.75%     38.50    40.40    38.50    40.00       53.00    55.40    51.20    55.40    +15.40   +38.50%
      17              86  2409      友達                    0.00          0.00    93.65%     28.20    29.60    28.15    29.40       38.75    40.85    38.65    40.45    +11.05   +37.59%
      18              24  2340      台亞                    0.00          0.00    93.62%     31.75    33.65    31.65    33.10       45.00    47.20    43.70    45.75    +12.65   +38.22%
      19               9  1560      中砂                  277.00         15.00    93.42%    740.00   754.00   739.00   741.00     1005.00  1030.00   993.00  1015.00   +274.00   +36.98%
      20              69  2466      冠西電                  23.50          0.00    93.27%    102.50   108.00   102.50   104.00      130.50   141.00   130.50   141.00    +37.00   +35.58%
      21              26  3037      欣興                  385.00         41.00    93.22%    961.00   971.00   940.00   961.00     1225.00  1305.00  1215.00  1305.00   +344.00   +35.80%
      22             184  3031      佰鴻                    0.00          0.00    93.19%     22.80    24.60    22.80    24.25       31.40    33.50    30.25    32.80     +8.55   +35.26%
      23              38  1617      榮星                    0.00          0.00    93.00%     17.75    18.30    17.70    17.95       24.80    25.25    24.00    24.10     +6.15   +34.26%
      24              21  6861      睿生光電                 86.50         35.50    92.94%    227.50   233.50   219.00   223.00      293.00   298.50   290.00   296.00    +73.00   +32.74%
      25             112  6526      達發                  237.00         37.00    92.78%    627.00   637.00   625.00   629.00      838.00   838.00   821.00   835.00   +206.00   +32.75%
      26              28  4956      光鋐                    0.00          0.00    92.77%     31.80    35.25    31.80    35.25       47.25    48.25    46.15    46.40    +11.15   +31.63%
      27              20  8046      南電                  435.00         80.00    92.64%   1095.00  1115.00  1060.00  1105.00     1440.00  1480.00  1395.00  1460.00   +355.00   +32.13%
      28             117  3055      蔚華科                  45.50          0.00    92.60%    161.00   167.00   158.00   164.00      216.00   217.00   212.50   216.00    +52.00   +31.71%
      29             102  6834      天二科技                 10.50          0.00    92.54%     98.80   100.50    97.50   100.00      118.00   131.00   118.00   131.00    +31.00   +31.00%
      30             205  3311      閎暉                    0.00          0.00    92.42%     36.80    38.40    36.05    38.10       48.25    49.65    48.15    49.65    +11.55   +30.31%
      31             103  2241      艾姆勒                   0.00          0.00    92.32%     33.50    34.00    32.80    33.65       44.05    45.70    43.40    43.75    +10.10   +30.01%
      32             105  1727      中華化                  21.50          9.50    92.23%     91.50    98.70    90.90    95.60      111.00   123.00   111.00   123.00    +27.40   +28.66%
      33              63  3653      健策                 1755.00        195.00    92.22%   5320.00  5540.00  5210.00  5240.00     6790.00  7065.00  6760.00  6800.00  +1560.00   +29.77%
      34              79  3443      創意                 2470.00        740.00    92.06%   6070.00  6295.00  6050.00  6170.00     7895.00  8005.00  7835.00  7900.00  +1730.00   +28.04%
      35             191  6155      鈞寶                    0.00          0.00    92.03%     56.80    56.80    55.70    56.40       69.60    75.50    69.50    72.50    +16.10   +28.55%
      36             109  3189      景碩                  260.00         15.00    91.91%    810.00   832.00   792.00   820.00     1010.00  1070.00  1005.00  1050.00   +230.00   +28.05%
      37              49  1809      中釉                    0.00          0.00    91.84%     36.45    37.40    36.45    37.30       45.55    48.80    45.55    47.55    +10.25   +27.48%
      38             153  3665      貿聯-KY               655.00        110.00    91.80%   1980.00  2030.00  1935.00  1995.00     2620.00  2670.00  2525.00  2540.00   +545.00   +27.32%
      39              30  6120      達運                    0.00          0.00    91.72%     11.85    12.10    11.80    12.00       14.60    15.40    14.50    15.25     +3.25   +27.08%
      40               5  2254      巨鎧精密-創                0.00          0.00    91.64%     73.10    77.00    73.00    74.20       94.30    95.00    92.60    94.30    +20.10   +27.09%
==========================================================================================================================================================================
✅ 共 40 筆


══════════════════════════════════════════════════════════════════════════════════════════════════════════════
  🔄 第  2/10 次  2026/09/15 ～ 2026/10/01
══════════════════════════════════════════════════════════════════════════════════════════════════════════════

==========================================================================================================================================================================
📊 ROI 每日報酬率累計排名 (2026/09/15 ~ 2026/10/01)
==========================================================================================================================================================================
    實資排名          累計天數排名  代號        名稱                 累計漲停(元)       累計跌停(元)       強度%  (09/15)開盤      最高      最低      收盤    (10/01)開盤      最高      最低      收盤      賺賠    賺賠率
--------------------------------------------------------------------------------------------------------------------------------------------------------------------------
       1               9  2033      佳大                    0.00          0.00   100.00%     26.70    27.05    25.45    25.50       45.10    46.55    44.00    46.55    +21.05   +82.55%
       2               4  2030      彰源                    0.00          0.00    98.25%     23.25    23.25    22.10    22.20       37.20    40.00    36.05    37.65    +15.45   +69.59%
       3              59  6533      晶心科                 157.00          0.00    97.55%    232.00   234.00   224.00   224.50      346.00   366.50   337.00   366.50   +142.00   +63.25%
       4              10  6168      宏齊                    0.00          0.00    97.15%     29.65    30.20    29.20    29.25       45.70    47.00    45.70    47.00    +17.75   +60.68%
       5               6  3094      聯傑                    0.00          0.00    97.11%     43.95    44.00    42.20    42.25       61.80    67.70    61.70    67.70    +25.45   +60.24%
       6              12  6957      裕慶-KY               150.00          0.00    96.47%    244.00   245.00   238.00   245.00      400.00   400.00   364.00   384.00   +139.00   +56.73%
       7              54  3016      嘉晶                   52.00          0.00    95.93%    113.00   119.00   107.50   110.00      169.00   169.00   162.50   168.00    +58.00   +52.73%
       8              15  1709      和益                    0.00          0.00    95.90%     36.00    36.35    34.30    35.50       51.80    53.20    51.60    53.20    +17.70   +49.86%
       9              51  8201      無敵                    0.00          0.00    95.87%     11.70    12.05    11.60    11.60       17.60    17.65    16.10    17.65     +6.05   +52.16%
      10               7  4956      光鋐                    0.00          0.00    95.31%     33.10    33.40    32.05    32.05       46.50    49.60    46.20    47.25    +15.20   +47.43%
      11              20  6456      GIS-KY                0.00          0.00    94.39%     62.50    63.40    61.40    61.60       91.90    92.00    86.10    87.90    +26.30   +42.69%
      12              11  1617      榮星                    0.00          0.00    94.04%     17.65    17.80    17.45    17.60       24.90    26.45    24.40    24.80     +7.20   +40.91%
      13              24  2340      台亞                    0.00          0.00    94.04%     32.05    32.35    31.15    31.15       40.80    44.70    40.25    43.85    +12.70   +40.77%
      14              28  3605      宏致                   41.50         12.00    93.98%    124.50   129.50   122.00   127.50      171.00   179.00   168.50   178.00    +50.50   +39.61%
      15              42  6672      騰輝電子-KY             113.50         10.50    93.91%    294.50   303.50   289.50   291.00      376.50   405.50   369.50   405.50   +114.50   +39.35%
      16             287  6933      AMAX-KY             149.50         24.50    93.83%    310.50   312.00   280.50   286.00      370.00   404.50   369.50   394.50   +108.50   +37.94%
      17             104  2305      全友                    0.00          0.00    93.81%     45.60    48.05    44.20    44.95       65.30    65.30    61.90    61.90    +16.95   +37.71%
      18              85  2409      友達                    0.00          0.00    93.60%     28.35    28.75    27.75    27.90       39.80    40.00    37.80    38.30    +10.40   +37.28%
      19              18  8150      南茂                   10.00          0.00    93.51%     86.00    88.10    84.40    84.40      113.00   116.00   109.50   115.50    +31.10   +36.85%
      20              33  4919      新唐                   25.00          0.00    93.44%    112.00   114.00   110.00   111.00      140.50   152.00   139.00   152.00    +41.00   +36.94%
      21              17  1560      中砂                  262.00         15.00    93.28%    746.00   752.00   735.00   735.00      963.00  1015.00   963.00  1000.00   +265.00   +36.05%
      22              25  3518      柏騰                    0.00          0.00    93.25%     30.00    30.55    29.60    29.70       42.15    45.15    40.15    40.35    +10.65   +35.86%
      23             140  7799      禾榮科                 192.00         47.00    93.03%    410.00   424.00   408.00   415.50      555.00   574.00   544.00   555.00   +139.50   +33.57%
      24             114  3055      蔚華科                  45.50          0.00    92.88%    161.00   162.50   156.50   157.50      208.00   212.00   202.00   210.00    +52.50   +33.33%
      25             137  6526      達發                  237.00         37.00    92.83%    637.00   637.00   623.00   623.00      834.00   843.00   818.00   829.00   +206.00   +33.07%
      26             179  3031      佰鴻                    0.00          0.00    92.73%     23.35    23.55    23.00    23.00       30.60    31.50    30.10    30.50     +7.50   +32.61%
      27             192  6226      光鼎                    0.00          0.00    92.72%     33.95    36.30    33.05    36.30       44.55    48.00    44.55    48.00    +11.70   +32.23%
      28              52  2241      艾姆勒                   0.00          0.00    92.66%     33.65    34.00    33.25    33.35       46.00    46.20    44.00    44.05    +10.70   +32.08%
      29              84  7711      永擎                  167.00         26.00    92.65%    461.00   473.00   438.00   468.00      561.00   616.00   551.00   616.00   +148.00   +31.62%
      30              37  3443      創意                 2605.00        740.00    92.54%   6400.00  6455.00  6035.00  6035.00     8040.00  8100.00  7730.00  7900.00  +1865.00   +30.90%
      31              27  8046      南電                  415.00         80.00    92.43%   1070.00  1110.00  1055.00  1085.00     1390.00  1450.00  1370.00  1420.00   +335.00   +30.88%
      32             203  3717      聯嘉投控                  0.00          0.00    92.34%     21.10    21.10    20.90    21.00       27.50    28.20    27.05    27.35     +6.35   +30.24%
      33             102  3701      大眾控                   0.00          0.00    92.27%     39.85    40.00    38.80    38.80       46.25    50.40    43.90    50.40    +11.60   +29.90%
      34              67  3653      健策                 1755.00        190.00    92.17%   5735.00  5765.00  5240.00  5310.00     6720.00  6895.00  6665.00  6875.00  +1565.00   +29.47%
      35              73  6861      睿生光電                 86.50         35.50    92.17%    235.50   242.50   222.00   228.00      317.50   324.50   288.00   292.00    +64.00   +28.07%
      36             215  8996      高力                  510.00        165.00    92.11%   1245.00  1260.00  1200.00  1220.00     1515.00  1600.00  1470.00  1565.00   +345.00   +28.28%
      37              82  3665      貿聯-KY               670.00         95.00    92.10%   1940.00  2020.00  1925.00  1980.00     2595.00  2625.00  2510.00  2555.00   +575.00   +29.04%
      38              40  2444      兆勁                    0.00          0.00    92.08%     11.55    11.80    11.50    11.65       15.40    15.80    15.00    15.00     +3.35   +28.76%
      39             100  2342      茂矽                    0.00          0.00    92.00%     41.65    41.90    38.35    38.40       50.30    50.50    49.00    49.35    +10.95   +28.52%
      40             181  6133      金橋                    0.00          0.00    91.95%     23.75    23.75    22.95    22.95       29.55    31.00    29.30    29.30     +6.35   +27.67%
==========================================================================================================================================================================
✅ 共 40 筆


══════════════════════════════════════════════════════════════════════════════════════════════════════════════
  🔄 第  3/10 次  2026/09/14 ～ 2026/09/30
══════════════════════════════════════════════════════════════════════════════════════════════════════════════

==========================================================================================================================================================================
📊 ROI 每日報酬率累計排名 (2026/09/14 ~ 2026/09/30)
==========================================================================================================================================================================
    實資排名          累計天數排名  代號        名稱                 累計漲停(元)       累計跌停(元)       強度%  (09/14)開盤      最高      最低      收盤    (09/30)開盤      最高      最低      收盤      賺賠    賺賠率
--------------------------------------------------------------------------------------------------------------------------------------------------------------------------
       1              32  2033      佳大                    0.00          0.00   100.00%     28.15    29.90    26.00    26.65       38.85    42.35    38.65    42.35    +15.70   +58.91%
       2              11  2030      彰源                    0.00          0.00    99.83%     23.50    23.60    23.20    23.20       36.60    36.70    36.00    36.70    +13.50   +58.19%
       3              10  6957      裕慶-KY               137.00          0.00    99.21%    231.50   242.50   231.00   240.00      365.00   371.00   356.00   371.00   +131.00   +54.58%
       4              29  2305      全友                    0.00          0.00    98.89%     40.45    45.15    39.50    45.15       70.00    72.50    66.40    68.70    +23.55   +52.16%
       5              30  6168      宏齊                    0.00          0.00    98.84%     28.85    30.65    28.55    29.95       46.55    47.00    44.50    45.25    +15.30   +51.09%
       6              57  3016      嘉晶                   52.00          0.00    98.61%    104.00   117.00   102.00   112.50      170.00   172.50   165.00   169.00    +56.50   +50.22%
       7              13  6456      GIS-KY                0.00          0.00    97.77%     63.10    65.10    61.60    63.30       91.50    95.70    89.50    92.00    +28.70   +45.34%
       8             212  6533      晶心科                 124.00          0.00    97.71%    230.00   240.00   230.00   232.00      316.00   333.50   301.00   333.50   +101.50   +43.75%
       9              22  3094      聯傑                    0.00          0.00    97.09%     40.45    44.50    40.35    44.00       62.10    62.50    59.00    61.60    +17.60   +40.00%
      10              18  4956      光鋐                    0.00          0.00    97.07%     31.60    34.45    31.30    33.40       46.25    49.80    45.50    46.50    +13.10   +39.22%
      11              16  2241      艾姆勒                   0.00          0.00    96.54%     33.20    33.85    32.85    33.45       43.50    47.90    43.45    46.15    +12.70   +37.97%
      12             127  6226      光鼎                    0.00          0.00    96.45%     29.50    33.00    29.40    33.00       45.55    45.70    44.40    45.10    +12.10   +36.67%
      13              12  3518      柏騰                    0.00          0.00    96.39%     28.90    30.15    28.80    30.00       40.50    41.10    40.05    41.10    +11.10   +37.00%
      14              35  1709      和益                    0.00          0.00    96.38%     36.20    36.70    35.30    36.05       44.10    48.40    44.00    48.40    +12.35   +34.26%
      15              14  1617      榮星                    0.00          0.00    96.26%     17.55    17.90    17.30    17.65       22.75    24.05    22.40    24.05     +6.40   +36.26%
      16              15  2444      兆勁                    0.00          0.00    96.16%     11.10    11.90    11.00    11.70       15.30    16.50    15.05    15.90     +4.20   +35.90%
      17              24  3605      宏致                   41.50         12.00    96.16%    120.00   127.00   118.00   126.50      183.00   183.50   168.50   170.50    +44.00   +34.78%
      18             171  8201      無敵                    0.00          0.00    96.12%     11.85    11.90    11.70    11.90       15.50    16.05    15.50    16.05     +4.15   +34.87%
      19              86  2409      友達                    0.00          0.00    96.09%     29.25    29.75    28.65    28.70       36.00    38.55    35.65    38.55     +9.85   +34.32%
      20              55  6861      睿生光電                 86.50         14.00    95.91%    226.50   235.50   226.50   235.50      294.00   313.50   294.00   313.50    +78.00   +33.12%
      21              97  6405      悅城                    0.00          0.00    95.84%     37.35    38.40    37.20    37.60       50.10    50.10    50.10    50.10    +12.50   +33.24%
      22              69  6526      達發                  237.00         26.00    95.81%    618.00   637.00   607.00   630.00      830.00   855.00   819.00   840.00   +210.00   +33.33%
      23              46  8150      南茂                   10.00          0.00    95.71%     85.50    88.20    84.30    86.60      106.00   114.50   105.50   114.50    +27.90   +32.22%
      24              17  3665      貿聯-KY               695.00         55.00    95.64%   1825.00  2000.00  1810.00  1955.00     2500.00  2685.00  2485.00  2595.00   +640.00   +32.74%
      25             110  3031      佰鴻                    0.00          0.00    95.55%     23.50    23.75    23.05    23.35       31.25    31.45    30.40    30.80     +7.45   +31.91%
      26             124  3055      蔚華科                  45.50          0.00    95.49%    149.50   159.50   148.50   159.50      201.00   211.00   195.00   209.50    +50.00   +31.35%
      27              77  3717      聯嘉投控                  0.00          0.00    95.44%     21.15    21.25    20.90    21.10       28.60    28.85    27.30    27.70     +6.60   +31.28%
      28              95  8996      高力                  510.00        140.00    95.31%   1295.00  1295.00  1205.00  1235.00     1600.00  1665.00  1565.00  1605.00   +370.00   +29.96%
      29               5  2254      巨鎧精密-創                0.00          0.00    95.20%     65.80    70.80    65.80    70.80       92.20    93.10    92.10    92.60    +21.80   +30.79%
      30             199  7799      禾榮科                 176.00         47.00    95.18%    414.50   418.50   405.00   418.00      509.00   539.00   503.00   539.00   +121.00   +28.95%
      31              81  6902      GOGOLOOK             41.00         14.00    95.06%    120.50   125.00   120.50   124.00      162.50   163.50   156.00   159.00    +35.00   +28.23%
      32              34  1809      中釉                    0.00          0.00    95.05%     37.40    38.10    36.25    37.00       45.10    48.60    45.05    47.85    +10.85   +29.32%
      33             769  3021      鴻名                    0.00          0.00    94.86%     23.50    23.50    22.30    22.45       30.90    31.00    28.00    28.45     +6.00   +26.73%
      34              52  1560      中砂                  225.00         33.00    94.84%    775.00   776.00   740.00   753.00      958.00   971.00   953.00   963.00   +210.00   +27.89%
      35              63  6715      嘉基                  104.50         26.50    94.84%    313.50   351.00   312.00   346.00      452.00   453.50   441.00   442.00    +96.00   +27.75%
      36             105  6133      金橋                    0.00          0.00    94.80%     22.80    23.65    22.65    23.25       29.40    30.45    28.20    29.60     +6.35   +27.31%
      37              61  2404      漢唐                  340.00         65.00    94.72%    995.00  1040.00   992.00  1015.00     1230.00  1300.00  1230.00  1290.00   +275.00   +27.09%
      38              73  2340      台亞                    0.00          0.00    94.72%     31.10    33.20    30.80    32.05       38.50    41.50    37.70    40.80     +8.75   +27.30%
      39              27  8028      昇陽半導體                55.00          0.00    94.70%    220.00   224.50   216.50   221.50      292.00   292.00   281.00   282.50    +61.00   +27.54%
      40              19  8046      南電                  365.00         80.00    94.66%   1040.00  1070.00  1025.00  1055.00     1285.00  1340.00  1250.00  1340.00   +285.00   +27.01%
==========================================================================================================================================================================
✅ 共 40 筆


══════════════════════════════════════════════════════════════════════════════════════════════════════════════
  🔄 第  4/10 次  2026/09/11 ～ 2026/09/29
══════════════════════════════════════════════════════════════════════════════════════════════════════════════

==========================================================================================================================================================================
📊 ROI 每日報酬率累計排名 (2026/09/11 ~ 2026/09/29)
==========================================================================================================================================================================
    實資排名          累計天數排名  代號        名稱                 累計漲停(元)       累計跌停(元)       強度%  (09/11)開盤      最高      最低      收盤    (09/29)開盤      最高      最低      收盤      賺賠    賺賠率
--------------------------------------------------------------------------------------------------------------------------------------------------------------------------
       1               8  2305      全友                    0.00          0.00   100.00%     38.65    41.05    37.70    41.05       61.70    69.10    61.10    69.10    +28.05   +68.33%
       2              18  3016      嘉晶                   52.00          0.00    98.44%    106.50   109.50   101.00   109.50      165.00   176.00   161.50   172.50    +63.00   +57.53%
       3              14  6168      宏齊                    0.00          0.00    97.98%     29.20    30.00    29.00    29.45       44.40    45.55    44.30    45.20    +15.75   +53.48%
       4              35  6226      光鼎                    0.00          0.00    97.68%     33.05    33.35    30.00    30.00       44.25    45.55    43.45    45.55    +15.55   +51.83%
       5               7  3605      宏致                   41.50          0.00    97.14%    125.00   127.00   122.00   122.50      182.00   190.50   179.00   182.50    +60.00   +48.98%
       6              23  3094      聯傑                    0.00          0.00    96.86%     41.05    41.60    40.35    40.90       53.00    59.70    52.70    59.70    +18.80   +45.97%
       7              13  6957      裕慶-KY               103.50          0.00    96.61%    223.50   234.00   222.50   231.50      334.50   337.50   307.50   337.50   +106.00   +45.79%
       8              15  4956      光鋐                    0.00          0.00    96.56%     33.30    33.30    32.05    32.05       43.55    46.20    43.50    46.00    +13.95   +43.53%
       9              37  2030      彰源                    0.00          0.00    96.14%     22.50    23.50    22.50    23.50       33.40    33.40    33.40    33.40     +9.90   +42.13%
      10              28  6456      GIS-KY                0.00          0.00    95.89%     63.00    64.00    62.50    63.40       85.00    89.40    84.10    89.40    +26.00   +41.01%
      11              19  6715      嘉基                  129.00         16.50    95.83%    323.50   334.50   316.50   321.50      460.00   468.50   442.00   452.00   +130.50   +40.59%
      12               2  2254      巨鎧精密-創                0.00          0.00    95.50%     65.60    66.00    64.90    65.80       89.20    92.10    89.20    91.80    +26.00   +39.51%
      13             119  2033      佳大                    0.00          0.00    95.21%     29.50    29.50    27.70    28.40       36.80    39.95    36.50    38.50    +10.10   +35.56%
      14              22  6902      GOGOLOOK             41.00         14.00    94.91%    125.50   126.50   121.00   121.00      173.00   175.00   162.00   162.50    +41.50   +34.30%
      15              46  6861      睿生光電                 79.00         14.00    94.68%    205.00   221.50   188.50   214.50      271.00   288.00   270.50   285.00    +70.50   +32.87%
      16              34  2342      茂矽                    0.00          0.00    94.52%     38.60    38.60    37.60    37.70       47.00    53.00    46.85    50.10    +12.40   +32.89%
      17              67  3031      佰鴻                    0.00          0.00    94.46%     23.95    23.95    23.50    23.60       30.35    31.65    30.30    31.25     +7.65   +32.42%
      18              47  1727      中華化                  10.50          0.00    94.45%     89.10    92.30    89.00    89.60      113.00   122.00   104.00   118.50    +28.90   +32.25%
      19              33  3717      聯嘉投控                  0.00          0.00    94.44%     21.30    21.30    21.00    21.05       26.00    27.85    25.85    27.85     +6.80   +32.30%
      20              94  3055      蔚華科                  45.50          0.00    94.37%    158.50   162.00   148.00   154.50      196.00   207.50   191.50   203.50    +49.00   +31.72%
      21             356  6533      晶心科                  94.00          0.00    94.29%    239.00   239.50   231.00   232.50      272.50   303.50   268.00   303.50    +71.00   +30.54%
      22              55  6526      達發                  211.00         26.00    94.14%    632.00   637.00   624.00   624.00      825.00   833.00   800.00   814.00   +190.00   +30.45%
      23              29  3443      創意                 2770.00        965.00    94.11%   6200.00  6200.00  5970.00  6120.00     8410.00  8415.00  7925.00  7925.00  +1805.00   +29.49%
      24              20  3665      貿聯-KY               625.00         55.00    94.05%   1880.00  1890.00  1850.00  1875.00     2385.00  2465.00  2375.00  2445.00   +570.00   +30.40%
      25              43  2241      艾姆勒                   0.00          0.00    93.98%     34.30    34.70    33.90    33.90       43.00    44.50    41.20    44.00    +10.10   +29.79%
      26              56  2468      華經                    0.00          0.00    93.90%     33.00    35.80    33.00    35.80       46.85    46.85    45.25    46.05    +10.25   +28.63%
      27              17  3518      柏騰                    0.00          0.00    93.82%     29.15    30.10    28.90    28.95       35.00    37.40    35.00    37.40     +8.45   +29.19%
      28              27  8028      昇陽半導體                55.00          0.00    93.64%    223.00   226.50   221.50   225.50      270.50   295.50   269.50   289.00    +63.50   +28.16%
      29             795  3021      鴻名                    0.00          0.00    93.56%     23.80    24.30    23.30    23.50       29.40    29.60    28.70    29.60     +6.10   +25.96%
      30              21  1617      榮星                    0.00          0.00    93.10%     17.95    17.95    17.50    17.50       21.00    21.90    20.95    21.90     +4.40   +25.14%
      31             103  4770      上品                   46.50          0.00    93.01%    232.50   234.00   227.50   231.00      277.00   295.00   277.00   286.50    +55.50   +24.03%
      32             160  3437      榮創                    0.00          0.00    92.91%     19.00    19.00    18.00    18.15       21.55    22.65    21.50    22.40     +4.25   +23.42%
      33              64  1709      和益                    0.00          0.00    92.90%     35.30    36.80    34.70    36.20       43.50    44.95    43.20    44.00     +7.80   +21.55%
      34              12  3035      智原                   23.50          0.00    92.84%    175.00   176.00   169.50   169.50      208.00   217.00   204.50   210.00    +40.50   +23.89%
      35              50  2444      兆勁                    0.00          0.00    92.83%     11.50    12.30    11.50    12.20       14.60    15.20    14.45    15.05     +2.85   +23.36%
      36              24  6213      聯茂                  157.00         55.00    92.70%    503.00   537.00   501.00   509.00      620.00   628.00   588.00   620.00   +111.00   +21.81%
      37              39  910861    神州-DR                 0.00          0.00    92.66%      3.69     3.91     3.69     3.84        4.65     4.71     4.62     4.71     +0.87   +22.66%
      38             349  8201      無敵                    0.00          0.00    92.66%     11.75    11.95    11.70    11.95       14.60    14.60    14.20    14.60     +2.65   +22.18%
      39              53  2404      漢唐                  280.00         65.00    92.51%   1025.00  1040.00  1000.00  1005.00     1250.00  1255.00  1180.00  1220.00   +215.00   +21.39%
      40             324  6133      金橋                    0.00          0.00    92.50%     21.80    23.75    21.80    23.55       25.90    28.50    25.90    28.50     +4.95   +21.02%
==========================================================================================================================================================================
✅ 共 40 筆


══════════════════════════════════════════════════════════════════════════════════════════════════════════════
  🔄 第  5/10 次  2026/09/10 ～ 2026/09/24
══════════════════════════════════════════════════════════════════════════════════════════════════════════════

==========================================================================================================================================================================
📊 ROI 每日報酬率累計排名 (2026/09/10 ~ 2026/09/24)
==========================================================================================================================================================================
    實資排名          累計天數排名  代號        名稱                 累計漲停(元)       累計跌停(元)       強度%  (09/10)開盤      最高      最低      收盤    (09/24)開盤      最高      最低      收盤      賺賠    賺賠率
--------------------------------------------------------------------------------------------------------------------------------------------------------------------------
       1               6  2305      全友                    0.00          0.00   100.00%     36.00    38.50    35.80    38.50       63.30    64.20    62.40    62.90    +24.40   +63.38%
       2              19  6168      宏齊                    0.00          0.00    97.20%     29.40    30.75    29.25    29.80       41.50    44.00    41.10    44.00    +14.20   +47.65%
       3              18  3016      嘉晶                   39.50          0.00    96.56%     99.30   110.00    99.30   110.00      147.50   160.00   147.00   160.00    +50.00   +45.45%
       4               9  3605      宏致                   41.50          0.00    96.16%    128.00   131.00   124.50   128.00      179.50   186.50   178.50   183.50    +55.50   +43.36%
       5              23  2468      華經                    0.00          0.00    96.02%     32.45    32.60    32.15    32.55       46.50    47.70    45.80    46.25    +13.70   +42.09%
       6              16  6902      GOGOLOOK             41.00          0.00    95.37%    126.50   127.00   125.00   126.50      170.00   183.00   167.50   176.50    +50.00   +39.53%
       7              12  6715      嘉基                  129.00         15.00    95.28%    350.50   353.50   335.50   336.50      462.50   472.50   459.00   468.50   +132.00   +39.23%
       8              31  6861      睿生光電                 89.50         14.00    94.96%    190.50   204.00   188.50   204.00      266.50   290.00   266.00   279.50    +75.50   +37.01%
       9              15  3443      創意                 2770.00        470.00    94.85%   5895.00  6275.00  5850.00  6225.00     8300.00  8545.00  8205.00  8525.00  +2300.00   +36.95%
      10              95  6226      光鼎                    0.00          0.00    94.67%     29.65    32.60    29.45    32.60       42.95    44.00    42.30    44.00    +11.40   +34.97%
      11              10  6957      裕慶-KY                73.00          0.00    94.61%    221.00   226.50   219.50   224.50      298.50   307.00   287.00   307.00    +82.50   +36.75%
      12             101  2033      佳大                    0.00          0.00    94.26%     27.30    28.15    27.25    27.60       37.65    38.30    35.50    36.80     +9.20   +33.33%
      13               3  2254      巨鎧精密-創                0.00          0.00    94.25%     65.10    67.30    64.30    65.60       86.80    89.40    86.20    88.80    +23.20   +35.37%
      14              30  4956      光鋐                    0.00          0.00    94.06%     33.80    34.50    33.60    33.80       43.55    47.85    43.20    44.50    +10.70   +31.66%
      15              22  1560      中砂                  282.00         55.00    93.87%    727.00   735.00   718.00   733.00      950.00   975.00   945.00   971.00   +238.00   +32.47%
      16             231  1528      恩德                    0.00          0.00    93.80%     20.15    20.15    19.25    19.30       25.45    26.80    25.10    25.45     +6.15   +31.87%
      17              32  2444      兆勁                    0.00          0.00    93.73%     11.25    11.30    11.10    11.20       14.50    15.15    14.40    14.80     +3.60   +32.14%
      18              38  6526      達發                  211.00         18.00    93.45%    637.00   647.00   632.00   642.00      845.00   862.00   818.00   840.00   +198.00   +30.84%
      19              42  3094      聯傑                    0.00          0.00    93.37%     40.60    42.80    40.30    41.90       53.60    57.80    53.50    54.30    +12.40   +29.59%
      20              43  2030      彰源                    0.00          0.00    92.96%     23.70    24.20    23.50    23.65       28.10    30.40    27.90    30.40     +6.75   +28.54%
      21              75  1727      中華化                  10.50          0.00    92.77%     90.00    92.40    89.90    90.40      114.00   125.00   109.00   115.50    +25.10   +27.77%
      22              34  6456      GIS-KY                0.00          0.00    92.48%     66.80    66.90    63.50    64.10       78.00    82.50    75.60    81.30    +17.20   +26.83%
      23             222  3031      佰鴻                    0.00          0.00    92.44%     24.35    25.05    24.10    24.10       28.30    31.05    28.25    30.45     +6.35   +26.35%
      24             104  2241      艾姆勒                   0.00          0.00    92.17%     34.00    35.50    34.00    34.80       41.85    44.90    41.85    43.60     +8.80   +25.29%
      25              46  1709      和益                    0.00          0.00    92.17%     36.25    37.55    34.95    35.30       45.85    46.45    43.50    43.50     +8.20   +23.23%
      26             376  3055      蔚華科                  45.50          0.00    92.04%    147.50   164.00   145.00   160.00      201.50   208.00   195.50   199.00    +39.00   +24.38%
      27              25  910861    神州-DR                 0.00          0.00    91.98%      3.65     3.80     3.62     3.70        4.51     4.80     4.51     4.62     +0.92   +24.86%
      28              50  8150      南茂                    0.00          0.00    91.70%     90.70    91.50    90.00    90.90      106.00   114.00   105.00   112.00    +21.10   +23.21%
      29              73  2342      茂矽                    0.00          0.00    91.64%     38.80    39.90    38.50    39.20       47.20    50.90    46.55    48.20     +9.00   +22.96%
      30             265  6426      統新                  119.00         50.00    91.37%    311.00   328.00   303.00   322.00      412.00   412.00   380.00   389.00    +67.00   +20.81%
      31              40  2404      漢唐                  280.00         55.00    91.23%   1055.00  1065.00  1040.00  1060.00     1255.00  1285.00  1205.00  1285.00   +225.00   +21.23%
      32              36  3665      貿聯-KY               520.00        110.00    91.16%   1960.00  1975.00  1925.00  1930.00     2410.00  2470.00  2285.00  2340.00   +410.00   +21.24%
      33              27  3653      健策                 1735.00        605.00    90.92%   5735.00  5885.00  5705.00  5790.00     6560.00  6920.00  6215.00  6920.00  +1130.00   +19.52%
      34             332  6742      澤米                    0.00          0.00    90.83%     45.05    46.35    44.15    45.75       55.80    57.70    54.10    54.70     +8.95   +19.56%
      35             135  6443      元晶                    0.00          0.00    90.78%     23.90    23.90    23.50    23.65       28.65    29.40    28.00    28.25     +4.60   +19.45%
      36             144  3311      閎暉                    0.00          0.00    90.78%     32.00    32.05    31.70    31.85       36.90    38.65    36.65    38.05     +6.20   +19.47%
      37              92  3037      欣興                  255.00         57.00    90.67%    993.00  1005.00   966.00   994.00     1155.00  1190.00  1145.00  1185.00   +191.00   +19.22%
      38              79  1809      中釉                    0.00          0.00    90.66%     38.10    38.55    37.85    38.05       42.35    45.35    42.30    45.35     +7.30   +19.19%
      39             236  8996      高力                  465.00        235.00    90.61%   1320.00  1340.00  1280.00  1300.00     1555.00  1560.00  1480.00  1530.00   +230.00   +17.69%
      40              28  6885      全福生技                  0.00          0.00    90.60%     27.00    27.15    26.00    26.25       30.15    31.70    29.90    31.15     +4.90   +18.67%
==========================================================================================================================================================================
✅ 共 40 筆


══════════════════════════════════════════════════════════════════════════════════════════════════════════════
  🔄 第  6/10 次  2026/09/09 ～ 2026/09/23
══════════════════════════════════════════════════════════════════════════════════════════════════════════════

==========================================================================================================================================================================
📊 ROI 每日報酬率累計排名 (2026/09/09 ~ 2026/09/23)
==========================================================================================================================================================================
    實資排名          累計天數排名  代號        名稱                 累計漲停(元)       累計跌停(元)       強度%  (09/09)開盤      最高      最低      收盤    (09/23)開盤      最高      最低      收盤      賺賠    賺賠率
--------------------------------------------------------------------------------------------------------------------------------------------------------------------------
       1               3  2305      全友                    0.00          0.00   100.00%     33.70    35.00    32.55    35.00       61.30    65.60    60.40    63.60    +28.60   +81.71%
       2              31  6861      睿生光電                108.00         14.00    95.40%    198.00   200.00   182.00   185.50      267.00   290.00   265.00   273.00    +87.50   +47.17%
       3              98  6226      光鼎                    0.00          0.00    95.02%     30.05    31.80    29.55    29.65       45.30    45.30    42.30    42.70    +13.05   +44.01%
       4              16  3016      嘉晶                   35.00          0.00    94.99%    102.00   102.50    99.40   100.00      145.00   145.50   141.50   145.50    +45.50   +45.50%
       5              13  3443      創意                 2930.00        470.00    94.40%   5955.00  6075.00  5875.00  5925.00     8325.00  8540.00  8200.00  8385.00  +2460.00   +41.52%
       6              25  2468      華經                    0.00          0.00    94.24%     32.80    32.80    32.40    32.45       47.25    47.25    44.80    45.45    +13.00   +40.06%
       7              18  6168      宏齊                    0.00          0.00    94.14%     29.00    30.20    28.90    29.60       43.50    43.50    40.20    41.20    +11.60   +39.19%
       8              17  3605      宏致                   41.50          0.00    94.00%    123.00   134.50   121.50   129.50      174.50   188.50   174.50   180.00    +50.50   +39.00%
       9              28  2033      佳大                    0.00          0.00    93.75%     25.45    27.85    25.45    27.30       39.70    40.25    36.20    37.30    +10.00   +36.63%
      10              35  7799      禾榮科                 166.00         24.50    93.74%    391.50   395.00   383.50   386.50      508.00   558.00   508.00   531.00   +144.50   +37.39%
      11              27  1709      和益                    0.00          0.00    93.59%     33.50    36.00    33.50    35.60       47.50    50.50    45.50    48.30    +12.70   +35.67%
      12              73  3055      蔚華科                  56.00          0.00    93.53%    155.00   159.00   143.00   149.50      206.50   226.00   200.50   203.50    +54.00   +36.12%
      13              24  3094      聯傑                    0.00          0.00    93.13%     41.30    41.90    40.70    40.80       53.00    57.80    51.60    54.30    +13.50   +33.09%
      14              11  6957      裕慶-KY                61.50          0.00    93.04%    216.00   221.50   214.00   220.50      300.00   305.00   295.00   295.50    +75.00   +34.01%
      15              26  2444      兆勁                    0.00          0.00    92.84%     11.60    11.70    11.25    11.30       14.75    15.50    14.30    14.95     +3.65   +32.30%
      16               5  2254      巨鎧精密-創                0.00          0.00    92.80%     63.10    65.20    63.00    65.20       82.30    87.10    82.10    86.60    +21.40   +32.82%
      17              37  6902      GOGOLOOK             41.00          0.00    92.79%    126.00   128.00   125.00   128.00      170.50   176.50   167.50   168.50    +40.50   +31.64%
      18              21  1560      中砂                  266.00         55.00    92.65%    717.00   733.00   717.00   730.00      955.00   992.00   947.00   955.00   +225.00   +30.82%
      19              38  6526      達發                  211.00         18.00    92.57%    643.00   652.00   641.00   643.00      777.00   840.00   761.00   840.00   +197.00   +30.64%
      20              41  6715      嘉基                  129.00         33.00    92.48%    330.00   357.50   330.00   354.50      451.00   479.50   440.50   459.50   +105.00   +29.62%
      21              69  4956      光鋐                    0.00          0.00    92.47%     34.20    35.45    33.85    34.00       42.35    46.40    42.10    43.55     +9.55   +28.09%
      22             257  3346      麗清                    0.00          0.00    92.16%     18.30    18.55    18.30    18.50       23.50    24.70    23.20    23.65     +5.15   +27.84%
      23              60  1727      中華化                  10.50          0.00    92.10%     90.50    92.70    90.20    91.10      105.00   116.50   103.00   116.50    +25.40   +27.88%
      24             327  1528      恩德                    0.00          0.00    92.03%     21.80    21.80    20.25    20.25       26.20    26.40    25.50    25.65     +5.40   +26.67%
      25              53  2241      艾姆勒                   0.00          0.00    92.00%     34.65    34.70    34.20    34.25       40.80    44.00    39.40    43.65     +9.40   +27.45%
      26              23  910861    神州-DR                 0.00          0.00    91.41%      3.73     3.73     3.64     3.64        4.44     4.53     4.43     4.53     +0.89   +24.45%
      27             107  6426      統新                  119.00         50.00    91.22%    305.50   324.50   288.00   321.00      359.00   391.50   357.00   391.50    +70.50   +21.96%
      28              97  6742      澤米                    0.00          0.00    91.06%     44.85    45.50    44.25    45.20       52.30    57.80    52.30    55.20    +10.00   +22.12%
      29              46  3717      聯嘉投控                  0.00          0.00    90.57%     21.10    22.30    21.10    21.75       25.55    27.75    25.35    26.05     +4.30   +19.77%
      30             110  2342      茂矽                    0.00          0.00    90.47%     39.20    39.80    38.65    39.00       42.65    46.35    42.45    46.35     +7.35   +18.85%
      31             103  3665      貿聯-KY               520.00        155.00    90.37%   1935.00  2015.00  1890.00  1975.00     2290.00  2340.00  2240.00  2340.00   +365.00   +18.48%
      32             803  3296      勝德                    0.00          0.00    90.23%     24.00    24.15    24.00    24.00       27.75    28.15    27.40    28.15     +4.15   +17.29%
      33             264  6706      惠特                   40.50         15.00    90.20%    124.50   127.50   121.50   124.00      150.00   150.50   144.00   144.00    +20.00   +16.13%
      34             104  2404      漢唐                  245.00         55.00    90.20%   1055.00  1080.00  1055.00  1065.00     1160.00  1250.00  1140.00  1250.00   +185.00   +17.37%
      35             152  8150      南茂                    0.00          0.00    90.12%     90.80    95.40    90.70    91.50      110.00   116.00   105.00   107.00    +15.50   +16.94%
      36             579  3437      榮創                    0.00          0.00    90.05%     17.95    19.00    17.95    18.65       21.30    23.00    21.30    21.60     +2.95   +15.82%
      37             141  3037      欣興                  230.00         57.00    90.04%    980.00  1005.00   980.00   993.00     1120.00  1200.00  1115.00  1160.00   +167.00   +16.82%
      38              95  2030      彰源                    0.00          0.00    90.03%     23.95    23.95    23.20    23.70       27.60    29.95    26.35    27.65     +3.95   +16.67%
      39             215  6456      GIS-KY                0.00          0.00    90.03%     66.40    68.70    66.40    67.50       76.50    80.90    76.50    78.60    +11.10   +16.44%
      40             629  3031      佰鴻                    0.00          0.00    89.96%     23.80    24.70    23.80    24.35       27.95    29.30    27.35    28.30     +3.95   +16.22%
==========================================================================================================================================================================
✅ 共 40 筆


══════════════════════════════════════════════════════════════════════════════════════════════════════════════
  🔄 第  7/10 次  2026/09/08 ～ 2026/09/22
══════════════════════════════════════════════════════════════════════════════════════════════════════════════

==========================================================================================================================================================================
📊 ROI 每日報酬率累計排名 (2026/09/08 ~ 2026/09/22)
==========================================================================================================================================================================
    實資排名          累計天數排名  代號        名稱                 累計漲停(元)       累計跌停(元)       強度%  (09/08)開盤      最高      最低      收盤    (09/22)開盤      最高      最低      收盤      賺賠    賺賠率
--------------------------------------------------------------------------------------------------------------------------------------------------------------------------
       1               3  2305      全友                    0.00          0.00   100.00%     33.95    36.20    32.75    33.20       57.50    60.00    56.80    60.00    +26.80   +80.72%
       2               9  6168      宏齊                    0.00          0.00    95.45%     29.75    30.10    28.50    28.55       45.00    45.60    42.10    44.00    +15.45   +54.12%
       3              37  6226      光鼎                    0.00          0.00    94.79%     31.60    32.70    29.60    29.60       44.95    44.95    43.50    44.20    +14.60   +49.32%
       4              13  2033      佳大                    0.00          0.00    94.18%     25.70    26.30    25.00    25.45       35.00    37.30    34.60    37.30    +11.85   +46.56%
       5              14  2468      華經                    0.00          0.00    93.59%     33.10    33.45    32.50    32.50       47.05    47.05    45.50    46.85    +14.35   +44.15%
       6              21  3055      蔚華科                  56.00          0.00    92.95%    135.50   146.00   135.50   146.00      196.00   206.50   189.50   206.50    +60.50   +41.44%
       7              20  3443      創意                 2920.00        505.00    92.81%   5940.00  6100.00  5730.00  5960.00     8370.00  8375.00  8370.00  8375.00  +2415.00   +40.52%
       8              31  6715      嘉基                  158.50         33.00    92.56%    333.00   340.00   322.00   325.00      451.50   469.50   445.00   451.50   +126.50   +38.92%
       9               6  6957      裕慶-KY                61.50          0.00    92.52%    222.00   222.00   216.00   216.00      297.50   312.00   292.00   303.00    +87.00   +40.28%
      10              17  3605      宏致                   41.50          0.00    92.35%    122.00   132.50   120.00   124.00      177.00   177.00   165.00   171.50    +47.50   +38.31%
      11             125  6861      睿生光電                108.00         24.00    92.24%    189.00   205.00   186.00   195.50      247.00   270.50   242.50   267.00    +71.50   +36.57%
      12              25  1709      和益                    0.00          0.00    92.20%     33.75    34.10    32.80    33.60       43.10    47.40    41.35    45.95    +12.35   +36.76%
      13              52  8996      高力                  585.00        155.00    91.82%   1240.00  1285.00  1205.00  1225.00     1520.00  1655.00  1490.00  1655.00   +430.00   +35.10%
      14              16  6902      GOGOLOOK             41.00          0.00    91.32%    126.00   128.00   125.00   127.00      167.00   170.50   161.50   169.50    +42.50   +33.46%
      15              43  7799      禾榮科                 143.00         24.50    91.20%    396.00   397.50   381.00   382.50      522.00   534.00   503.00   508.00   +125.50   +32.81%
      16              19  1560      中砂                  279.00         55.00    91.12%    730.00   736.00   713.00   717.00      935.00   960.00   929.00   950.00   +233.00   +32.50%
      17              70  3346      麗清                    0.00          0.00    90.75%     18.70    18.70    18.30    18.40       24.80    26.00    23.75    24.05     +5.65   +30.71%
      18              57  3016      嘉晶                   22.00          0.00    90.63%    102.00   108.50   101.00   101.50      125.00   132.50   124.50   132.50    +31.00   +30.54%
      19               5  2254      巨鎧精密-創                0.00          0.00    90.36%     62.30    64.30    62.30    63.10       79.10    82.10    79.10    82.10    +19.00   +30.11%
      20              92  3094      聯傑                    0.00          0.00    90.18%     44.75    45.80    40.60    41.25       56.20    56.20    52.50    52.60    +11.35   +27.52%
      21             222  2338      光罩                    0.00          0.00    89.68%     38.85    38.85    37.75    37.75       49.05    49.25    47.30    47.35     +9.60   +25.43%
      22             108  2444      兆勁                    0.00          0.00    89.65%     12.90    12.90    11.50    11.55       14.50    15.15    13.25    14.55     +3.00   +25.97%
      23             195  4956      光鋐                    0.00          0.00    89.57%     35.10    35.45    34.10    34.10       47.00    47.10    42.20    42.20     +8.10   +23.75%
      24             356  1528      恩德                    0.00          0.00    89.44%     19.50    21.05    19.50    21.05       27.35    27.90    26.00    26.15     +5.10   +24.23%
      25              54  2409      友達                    0.00          0.00    89.21%     28.80    30.70    28.20    29.60       34.90    36.65    34.00    36.65     +7.05   +23.82%
      26              45  6668      中揚光                   0.00          0.00    88.91%     41.20    41.20    40.05    40.20       50.00    51.50    48.95    49.40     +9.20   +22.89%
      27              60  6706      惠特                   40.50         15.00    88.79%    123.50   126.50   122.50   123.00      165.50   168.00   148.00   149.00    +26.00   +21.14%
      28             277  3437      榮創                    0.00          0.00    88.52%     18.10    18.25    17.80    17.95       22.30    22.40    21.50    21.60     +3.65   +20.33%
      29              58  910861    神州-DR                 0.00          0.00    88.41%      3.70     4.00     3.64     3.65        4.43     4.60     4.39     4.42     +0.77   +21.10%
      30             165  3031      佰鴻                    0.00          0.00    88.36%     24.40    24.50    23.80    23.80       28.10    28.75    27.30    28.70     +4.90   +20.59%
      31             104  2241      艾姆勒                   0.00          0.00    88.22%     34.35    34.60    34.10    34.20       38.00    41.05    36.85    41.05     +6.85   +20.03%
      32              93  6742      澤米                    0.00          0.00    88.02%     44.20    46.10    43.60    44.25       55.00    55.60    52.00    52.70     +8.45   +19.10%
      33              50  6257      矽格                   34.50          0.00    87.97%    217.50   218.50   208.00   209.00      257.00   263.00   248.50   249.00    +40.00   +19.14%
      34              89  6526      達發                  135.00         18.00    87.91%    648.00   653.00   636.00   643.00      736.00   796.00   733.00   764.00   +121.00   +18.82%
      35             264  6443      元晶                    0.00          0.00    87.83%     24.50    24.60    24.00    24.00       30.00    30.20    28.05    28.40     +4.40   +18.33%
      36              42  2449      京元電子                 52.00          0.00    87.72%    277.50   277.50   267.00   268.50      314.00   330.00   312.00   317.00    +48.50   +18.06%
      37              49  3717      聯嘉投控                  0.00          0.00    87.69%     21.95    21.95    21.30    21.40       25.30    26.30    24.95    25.25     +3.85   +17.99%
      38             971  3296      勝德                    0.00          0.00    87.62%     24.05    24.20    24.00    24.00       28.55    28.80    27.75    28.10     +4.10   +17.08%
      39              79  6885      全福生技                  0.00          0.00    87.59%     25.20    25.55    25.05    25.35       31.15    31.15    29.00    29.70     +4.35   +17.16%
      40             110  3037      欣興                  229.00         57.00    87.57%    964.00   975.00   939.00   954.00     1120.00  1120.00  1105.00  1120.00   +166.00   +17.40%
==========================================================================================================================================================================
✅ 共 40 筆


══════════════════════════════════════════════════════════════════════════════════════════════════════════════
  🔄 第  8/10 次  2026/09/07 ～ 2026/09/21
══════════════════════════════════════════════════════════════════════════════════════════════════════════════

==========================================================================================================================================================================
📊 ROI 每日報酬率累計排名 (2026/09/07 ~ 2026/09/21)
==========================================================================================================================================================================
    實資排名          累計天數排名  代號        名稱                 累計漲停(元)       累計跌停(元)       強度%  (09/07)開盤      最高      最低      收盤    (09/21)開盤      最高      最低      收盤      賺賠    賺賠率
--------------------------------------------------------------------------------------------------------------------------------------------------------------------------
       1               7  2305      全友                    0.00          0.00   100.00%     31.10    33.70    30.55    33.40       59.10    61.90    55.50    58.80    +25.40   +76.05%
       2              14  6168      宏齊                    0.00          0.00    94.50%     28.90    30.25    28.40    29.40       41.45    42.70    41.40    42.70    +13.30   +45.24%
       3              52  1528      恩德                    0.00          0.00    93.80%     19.25    19.30    18.85    19.15       25.55    27.05    25.35    27.05     +7.90   +41.25%
       4              13  3605      宏致                   41.50          0.00    93.43%    121.50   128.00   117.00   120.50      154.00   169.00   151.00   169.00    +48.50   +40.25%
       5              15  3055      蔚華科                  49.00          0.00    93.29%    133.50   144.00   133.00   134.50      168.00   188.00   167.00   188.00    +53.50   +39.78%
       6              35  2468      華經                    0.00          0.00    93.28%     33.85    33.85    33.30    33.50       48.40    49.45    46.55    46.55    +13.05   +38.96%
       7              63  6226      光鼎                    0.00          0.00    93.27%     34.00    34.40    32.35    32.40       45.30    45.45    42.90    44.50    +12.10   +37.35%
       8             169  4956      光鋐                    0.00          0.00    92.21%     37.00    37.00    35.05    35.10       42.90    46.85    42.65    46.85    +11.75   +33.48%
       9              68  6715      嘉基                  158.50         47.00    92.10%    321.50   351.00   315.50   339.00      433.00   475.00   433.00   451.50   +112.50   +33.19%
      10             133  6861      睿生光電                 87.00         24.00    91.90%    187.00   187.50   181.00   186.50      235.00   252.00   234.00   246.00    +59.50   +31.90%
      11              24  6706      惠特                   40.50          0.00    91.89%    127.00   128.50   123.50   123.50      150.00   164.00   150.00   164.00    +40.50   +32.79%
      12              28  2033      佳大                    0.00          0.00    91.86%     26.10    27.35    25.70    25.70       33.05    35.25    32.00    33.95     +8.25   +32.10%
      13              34  7799      禾榮科                 143.00         23.00    91.75%    380.00   403.00   370.50   395.00      507.00   524.00   489.00   522.00   +127.00   +32.15%
      14              65  3346      麗清                    0.00          0.00    91.50%     18.90    19.35    18.70    18.70       22.30    24.50    22.30    24.50     +5.80   +31.02%
      15              10  6957      裕慶-KY                48.50          0.00    91.34%    219.50   222.50   218.50   221.00      274.50   295.00   272.50   290.00    +69.00   +31.22%
      16              21  3443      創意                 2185.00        505.00    90.84%   6000.00  6030.00  5705.00  5935.00     7395.00  7755.00  7030.00  7615.00  +1680.00   +28.31%
      17             173  2338      光罩                    0.00          0.00    90.74%     39.00    39.20    38.25    38.55       50.00    51.20    48.50    49.05    +10.50   +27.24%
      18              99  3094      聯傑                    0.00          0.00    90.71%     49.00    50.80    44.80    44.80       54.90    56.80    54.50    56.80    +12.00   +26.79%
      19              88  1709      和益                    0.00          0.00    90.56%     34.50    34.70    33.30    34.20       39.20    43.10    39.05    43.10     +8.90   +26.02%
      20              17  6426      統新                  108.50         32.00    90.48%    285.00   296.00   285.00   296.00      375.00   376.00   354.50   374.00    +78.00   +26.35%
      21              56  1560      中砂                  243.00         68.00    90.21%    702.00   736.00   702.00   730.00      903.00   916.00   861.00   914.00   +184.00   +25.21%
      22               4  2254      巨鎧精密-創                0.00          0.00    90.18%     62.10    63.50    61.80    62.40       76.80    78.80    76.80    78.80    +16.40   +26.28%
      23              18  6885      全福生技                  0.00          0.00    90.07%     24.35    25.90    24.00    25.15       31.80    33.00    30.60    31.50     +6.35   +25.25%
      24              80  3437      榮創                    0.00          0.00    90.06%     18.60    18.60    17.95    17.95       22.45    24.30    22.15    22.30     +4.35   +24.23%
      25              16  6902      GOGOLOOK             26.50          0.00    89.62%    124.50   126.00   122.50   126.00      155.00   155.00   155.00   155.00    +29.00   +23.02%
      26              31  6668      中揚光                   0.00          0.00    89.60%     42.75    42.75    40.45    40.90       49.25    54.10    48.45    50.30     +9.40   +22.98%
      27             183  8996      高力                  435.00        170.00    89.40%   1390.00  1410.00  1205.00  1240.00     1430.00  1520.00  1405.00  1505.00   +265.00   +21.37%
      28              25  6742      澤米                    0.00          0.00    89.39%     46.50    46.60    44.10    44.20       53.50    56.10    52.00    54.00     +9.80   +22.17%
      29              43  910861    神州-DR                 0.00          0.00    89.20%      3.65     3.70     3.65     3.70        4.30     4.50     4.29     4.50     +0.80   +21.62%
      30             155  3229      晟鈦                    0.00          0.00    89.12%     50.40    51.30    49.45    50.60       67.40    68.40    59.90    60.20     +9.60   +18.97%
      31              26  6416      瑞祺電通                  0.00          0.00    89.04%    102.00   102.00    99.10    99.80      120.00   121.50   118.00   121.00    +21.20   +21.24%
      32              70  3016      嘉晶                   10.00          0.00    88.81%    103.00   103.50   100.00   100.50      118.00   123.00   115.50   120.50    +20.00   +19.90%
      33              78  2243      宏旭-KY                 0.00          0.00    88.80%     47.00    47.10    44.90    45.25       49.80    54.00    49.40    54.00     +8.75   +19.34%
      34             405  8110      華東                    0.00          0.00    88.66%     44.45    45.10    43.85    43.85       50.20    52.10    48.55    52.10     +8.25   +18.81%
      35              11  6834      天二科技                  0.00          9.80    88.61%     95.00    99.50    94.20    97.00      113.00   119.50   109.50   115.00    +18.00   +18.56%
      36             182  2069      運錩                    0.00          0.00    88.60%     21.20    21.20    20.40    20.40       24.50    24.50    23.70    24.20     +3.80   +18.63%
      37             114  3311      閎暉                    0.00          0.00    88.58%     32.10    32.10    31.60    31.75       38.50    38.75    36.55    37.70     +5.95   +18.74%
      38              73  8215      明基材                   0.00          0.00    88.50%     25.90    25.90    25.10    25.35       27.80    30.05    27.50    30.05     +4.70   +18.54%
      39             842  3296      勝德                    0.00          0.00    88.39%     24.25    24.25    23.55    24.25       29.20    29.25    28.35    28.50     +4.25   +17.53%
      40              66  6257      矽格                   34.50          0.00    88.28%    214.50   217.00   212.50   213.00      248.50   258.50   242.50   250.50    +37.50   +17.61%
==========================================================================================================================================================================
✅ 共 40 筆


══════════════════════════════════════════════════════════════════════════════════════════════════════════════
  🔄 第  9/10 次  2026/09/04 ～ 2026/09/18
══════════════════════════════════════════════════════════════════════════════════════════════════════════════

==========================================================================================================================================================================
📊 ROI 每日報酬率累計排名 (2026/09/04 ~ 2026/09/18)
==========================================================================================================================================================================
    實資排名          累計天數排名  代號        名稱                 累計漲停(元)       累計跌停(元)       強度%  (09/04)開盤      最高      最低      收盤    (09/18)開盤      最高      最低      收盤      賺賠    賺賠率
--------------------------------------------------------------------------------------------------------------------------------------------------------------------------
       1               3  2305      全友                    0.00          0.00   100.00%     30.40    31.80    29.05    30.85       57.70    59.00    53.80    58.70    +27.85   +90.28%
       2              13  6426      統新                  135.00         32.00    91.18%    270.00   274.00   251.00   269.50      381.50   385.00   365.00   373.50   +104.00   +38.59%
       3              56  6226      光鼎                    0.00          0.00    91.10%     33.00    33.50    30.70    33.50       44.05    48.00    42.30    45.70    +12.20   +36.42%
       4              32  7799      禾榮科                 150.00         23.00    90.65%    355.00   373.00   353.50   370.00      513.00   524.00   488.00   504.00   +134.00   +36.22%
       5              63  6715      嘉基                  159.00         47.00    90.59%    317.50   328.50   311.50   320.00      398.00   433.00   394.00   433.00   +113.00   +35.31%
       6              99  2468      華經                    0.00          0.00    90.55%     33.05    33.90    32.80    33.90       41.70    45.85    41.20    45.85    +11.95   +35.25%
       7              15  6168      宏齊                    0.00          0.00    90.12%     28.00    29.65    28.00    29.05       37.15    38.85    35.85    38.85     +9.80   +33.73%
       8              52  2033      佳大                    0.00          0.00    89.50%     25.15    26.65    24.45    26.05       32.45    33.90    31.50    33.90     +7.85   +30.13%
       9              31  3229      晟鈦                    0.00          0.00    89.44%     48.75    51.10    48.40    49.80       59.50    64.40    59.30    64.40    +14.60   +29.32%
      10               9  6885      全福生技                  0.00          0.00    89.43%     23.25    24.40    23.25    24.10       29.80    31.60    29.05    31.60     +7.50   +31.12%
      11              14  3605      宏致                   26.50          0.00    89.37%    118.50   124.50   113.50   118.00      149.50   154.00   142.00   154.00    +36.00   +30.51%
      12              76  2338      光罩                    0.00          0.00    89.30%     38.70    38.85    37.90    38.60       49.10    50.40    48.40    50.00    +11.40   +29.53%
      13              42  1560      中砂                  260.00         68.00    89.12%    728.00   731.00   683.00   695.00      855.00   896.00   813.00   896.00   +201.00   +28.92%
      14             105  1528      恩德                    0.00          0.00    89.10%     18.75    19.20    18.75    19.15       24.10    24.70    23.60    24.60     +5.45   +28.46%
      15              16  3055      蔚華科                  32.00          0.00    89.01%    133.00   136.00   128.00   132.50      166.00   173.50   163.50   171.00    +38.50   +29.06%
      16             128  6861      睿生光電                 70.50         24.00    88.51%    180.50   185.50   180.00   183.00      216.00   229.50   216.00   229.50    +46.50   +25.41%
      17              18  3443      創意                 1845.00        505.00    87.74%   5945.00  6000.00  5680.00  5810.00     6600.00  7150.00  6510.00  7150.00  +1340.00   +23.06%
      18               4  2254      巨鎧精密-創                0.00          0.00    87.70%     62.00    62.70    61.40    62.10       75.20    76.80    74.70    76.80    +14.70   +23.67%
      19              12  6957      裕慶-KY                29.00          0.00    87.63%    218.00   221.00   216.00   219.50      274.50   279.00   267.50   270.50    +51.00   +23.23%
      20             114  3437      榮創                    0.00          0.00    87.63%     17.80    18.70    17.70    18.35       20.95    22.35    20.40    22.35     +4.00   +21.80%
      21              25  6742      澤米                    0.00          0.00    87.39%     44.55    45.20    43.50    44.95       52.70    56.30    51.20    54.70     +9.75   +21.69%
      22              59  3311      閎暉                    0.00          0.00    87.25%     31.75    32.00    31.60    31.95       37.00    38.80    36.75    38.70     +6.75   +21.13%
      23              19  2303      聯電                   13.00          0.00    87.02%    128.50   131.00   126.50   130.00      155.00   160.50   153.50   156.00    +26.00   +20.00%
      24              89  3002      歐格                    0.00          0.00    86.85%     16.90    17.35    16.90    17.15       19.00    20.45    19.00    20.45     +3.30   +19.24%
      25              51  6416      瑞祺電通                  0.00          0.00    86.75%     95.80   100.50    95.80   100.50      119.50   121.00   117.50   120.00    +19.50   +19.40%
      26             736  3296      勝德                    0.00          0.00    86.73%     23.65    23.90    23.05    23.90       25.70    28.30    25.55    28.30     +4.40   +18.41%
      27             116  6706      惠特                   26.00          0.00    86.57%    124.00   127.00   121.50   127.00      146.00   150.00   142.50   149.50    +22.50   +17.72%
      28             260  3346      麗清                    0.00          0.00    86.53%     18.80    19.00    18.70    18.95       22.30    22.30    22.30    22.30     +3.35   +17.68%
      29              11  6834      天二科技                  0.00          9.80    86.50%     90.00    94.40    89.10    94.00      104.00   110.50   100.00   110.50    +16.50   +17.55%
      30              36  00715L    期街口布蘭特正2              0.00          0.00    86.31%     57.30    57.85    56.95    57.00       67.40    67.50    66.20    66.60     +9.60   +16.84%
      31             545  2444      兆勁                    0.00          0.00    86.31%     10.80    11.05    10.80    10.80       12.55    12.75    12.20    12.60     +1.80   +16.67%
      32             209  2069      運錩                    0.00          0.00    86.30%     21.15    21.30    20.80    21.00       24.15    24.80    24.10    24.50     +3.50   +16.67%
      33             201  2413      環科                    0.00          0.00    86.20%     41.90    45.80    41.90    45.80       53.70    55.00    52.40    53.10     +7.30   +15.94%
      34             122  1709      和益                    0.00          0.00    86.11%     34.10    34.90    33.80    34.00       41.85    42.00    38.70    39.20     +5.20   +15.29%
      35             222  6133      金橋                    0.00          0.00    86.11%     24.15    24.30    23.30    23.75       26.05    27.70    25.50    27.45     +3.70   +15.58%
      36             135  6668      中揚光                   0.00          0.00    86.06%     43.00    43.40    41.50    42.60       45.90    49.25    44.40    49.25     +6.65   +15.61%
      37              61  910861    神州-DR                 0.00          0.00    86.02%      3.68     3.69     3.60     3.67        4.35     4.46     4.24     4.26     +0.59   +16.08%
      38              81  6257      矽格                   34.50          0.00    85.89%    213.00   214.50   207.50   212.00      231.00   244.50   227.50   244.50    +32.50   +15.33%
      39             184  3016      嘉晶                   10.00          0.00    85.88%    100.00   101.50    97.50   101.00      116.50   119.00   115.00   116.50    +15.50   +15.35%
      40             530  3031      佰鴻                    0.00          0.00    85.86%     24.40    25.10    24.00    24.75       27.00    28.70    26.10    28.45     +3.70   +14.95%
==========================================================================================================================================================================
✅ 共 40 筆


══════════════════════════════════════════════════════════════════════════════════════════════════════════════
  🔄 第 10/10 次  2026/09/03 ～ 2026/09/17
══════════════════════════════════════════════════════════════════════════════════════════════════════════════

==========================================================================================================================================================================
📊 ROI 每日報酬率累計排名 (2026/09/03 ~ 2026/09/17)
==========================================================================================================================================================================
    實資排名          累計天數排名  代號        名稱                 累計漲停(元)       累計跌停(元)       強度%  (09/03)開盤      最高      最低      收盤    (09/17)開盤      最高      最低      收盤      賺賠    賺賠率
--------------------------------------------------------------------------------------------------------------------------------------------------------------------------
       1               4  2305      全友                    0.00          0.00   100.00%     30.25    30.50    29.25    30.10       52.80    54.30    52.80    54.30    +24.20   +80.40%
       2              18  7799      禾榮科                 168.00         23.00    93.42%    366.50   366.50   352.00   352.00      462.50   502.00   461.50   502.00   +150.00   +42.61%
       3              50  6226      光鼎                    0.00          0.00    92.72%     35.10    35.55    32.00    32.00       43.85    43.85    42.15    43.85    +11.85   +37.03%
       4              13  6426      統新                  124.50         32.00    92.30%    260.50   274.00   249.00   265.50      357.50   363.00   356.00   363.00    +97.50   +36.72%
       5              99  1528      恩德                    0.00          0.00    90.67%     19.35    19.55    18.70    18.70       25.75    25.75    24.00    24.10     +5.40   +28.88%
       6              94  2338      光罩                    0.00          0.00    90.51%     39.65    39.70    38.00    38.05       52.90    54.50    48.30    48.80    +10.75   +28.25%
       7              64  6715      嘉基                  132.50         47.00    90.50%    340.00   341.50   307.50   307.50      406.00   432.00   391.50   394.00    +86.50   +28.13%
       8              37  1709      和益                    0.00          0.00    90.40%     35.15    35.90    33.20    33.45       40.80    42.95    39.10    42.95     +9.50   +28.40%
       9              51  2413      環科                    0.00          0.00    90.37%     43.30    43.40    41.55    41.65       54.20    55.70    51.30    53.10    +11.45   +27.49%
      10              23  6168      宏齊                    0.00          0.00    90.34%     28.05    29.65    27.50    27.60       32.15    35.35    31.60    35.35     +7.75   +28.08%
      11             130  2468      華經                    0.00          0.00    90.25%     33.85    34.20    32.75    32.80       43.45    44.50    41.50    41.70     +8.90   +27.13%
      12              10  6885      全福生技                  0.00          0.00    89.97%     24.55    24.55    23.25    23.25       27.20    29.65    27.20    29.50     +6.25   +26.88%
      13               6  6957      裕慶-KY                29.00          0.00    89.70%    218.00   220.50   217.50   217.50      260.00   280.50   260.00   274.00    +56.50   +25.98%
      14              28  6416      瑞祺電通                  0.00          0.00    89.42%    101.00   101.00    95.50    95.50      120.00   124.00   117.50   119.00    +23.50   +24.61%
      15              16  00715L    期街口布蘭特正2              0.00          0.00    89.19%     56.50    57.50    56.05    56.05       67.70    69.65    67.70    69.00    +12.95   +23.10%
      16              35  3055      蔚華科                  22.00          0.00    89.12%    143.00   144.50   130.50   131.00      168.00   169.50   160.50   161.00    +30.00   +22.90%
      17              21  3605      宏致                   12.50          0.00    88.97%    128.00   129.50   114.50   114.50      145.00   152.50   137.50   140.00    +25.50   +22.27%
      18              38  3229      晟鈦                    0.00          0.00    88.91%     51.20    51.30    48.60    48.60       61.40    62.80    58.60    58.60    +10.00   +20.58%
      19              79  2033      佳大                    0.00          0.00    88.83%     24.45    25.55    24.45    25.55       27.95    30.85    27.80    30.85     +5.30   +20.74%
      20             106  6706      惠特                   26.00          0.00    88.66%    128.00   138.00   120.50   120.50      148.00   160.00   140.50   145.00    +24.50   +20.33%
      21               7  2254      巨鎧精密-創                0.00          0.00    88.64%     62.00    63.00    61.80    62.00       74.20    75.20    72.80    75.20    +13.20   +21.29%
      22             279  3026      禾伸堂                 235.00        108.00    88.49%    691.00   699.00   632.00   638.00      778.00   822.00   758.00   760.00   +122.00   +19.12%
      23             794  3021      鴻名                    0.00          0.00    88.49%     20.10    22.10    20.10    22.10       27.35    28.05    26.25    26.30     +4.20   +19.00%
      24              46  910861    神州-DR                 0.00          0.00    88.04%      3.72     3.76     3.60     3.68        4.10     4.43     4.06     4.36     +0.68   +18.48%
      25              26  2303      聯電                   13.00          0.00    88.02%    127.50   129.00   123.00   125.00      144.50   149.50   142.50   147.50    +22.50   +18.00%
      26             174  6861      睿生光電                 50.00         24.00    88.02%    190.50   190.50   178.50   178.50      224.00   229.50   207.50   209.00    +30.50   +17.09%
      27             105  1727      中華化                   0.00          0.00    87.98%     94.10    95.10    89.10    89.20       98.70   105.00    97.70   105.00    +15.80   +17.71%
      28             100  3016      嘉晶                   10.00          0.00    87.86%    100.50   103.00    98.20    98.30      116.00   122.00   113.50   115.50    +17.20   +17.50%
      29              30  6924      榮惠-KY創               22.00          0.00    87.81%    115.00   115.00   113.50   113.50      136.00   140.00   131.00   132.00    +18.50   +16.30%
      30               9  6834      天二科技                  0.00          9.80    87.69%     92.10    95.00    87.00    87.20      100.00   107.00   100.00   101.50    +14.30   +16.40%
      31             138  3311      閎暉                    0.00          0.00    87.65%     32.40    32.55    31.70    31.75       38.30    38.80    37.00    37.00     +5.25   +16.54%
      32              34  6742      澤米                    0.00          0.00    87.60%     48.00    49.55    44.00    44.00       47.50    51.20    47.00    51.20     +7.20   +16.36%
      33             140  3437      榮創                    0.00          0.00    87.60%     18.20    18.85    17.60    17.60       18.80    20.35    18.75    20.35     +2.75   +15.62%
      34             217  3532      台勝科                  90.00         14.00    87.51%    391.00   402.00   376.00   381.00      449.00   474.00   432.00   441.50    +60.50   +15.88%
      35             360  2069      運錩                    0.00          0.00    87.50%     21.05    21.15    20.75    20.95       23.55    24.30    23.00    24.20     +3.25   +15.51%
      36             200  2493      揚博                   35.50          0.00    87.45%    185.00   189.50   177.00   179.00      205.00   206.50   199.00   206.50    +27.50   +15.36%
      37             281  6933      AMAX-KY              95.00         50.00    87.41%    316.00   322.00   301.50   302.00      324.00   345.50   316.50   345.50    +43.50   +14.40%
      38             267  1560      中砂                  179.00         84.00    87.29%    705.00   727.00   702.00   711.00      750.00   815.00   750.00   815.00   +104.00   +14.63%
      39             207  6657      華安                    0.00          0.00    87.06%     30.75    30.80    30.15    30.20       34.80    36.00    33.75    34.30     +4.10   +13.58%
      40            1013  2444      兆勁                    0.00          0.00    86.90%     10.90    11.10    10.80    10.80       11.65    12.50    11.65    12.20     +1.40   +12.96%
==========================================================================================================================================================================
✅ 共 40 筆
