
██████████████████████████████████████████████████████████████████████████████████████████████████████████████
  📅 天數組合: 3 日  →  輸出檔: q12_03.txt
██████████████████████████████████████████████████████████████████████████████████████████████████████████████

🔁 共執行 3 次，每次區間長度 3 個交易日

══════════════════════════════════════════════════════════════════════════════════════════════════════════════
  🔄 第  1/3 次  2026/09/30 ～ 2026/10/05
══════════════════════════════════════════════════════════════════════════════════════════════════════════════

==========================================================================================================================================================================
📊 累計漲跌停強度排名 (2026/09/30 ~ 2026/10/05)
==========================================================================================================================================================================
    實資排名        累計天數排名  代號        名稱                 累計漲停(元)       累計跌停(元)       強度%  (09/30)開盤      最高      最低      收盤    (10/05)開盤      最高      最低      收盤      賺賠    賺賠率
--------------------------------------------------------------------------------------------------------------------------------------------------------------------------
       1            25  3081      聯亞                  385.00         35.00    11.68%   2700.00  2730.00  2665.00  2695.00     3000.00  3105.00  2900.00  3000.00   +305.00   +11.32%
       2            10  6223      旺矽                  490.00        155.00    11.18%   5275.00  5320.00  5100.00  5125.00     5400.00  5520.00  5300.00  5520.00   +395.00    +7.71%
       3            30  6274      台燿                  295.00          0.00     9.84%   1500.00  1550.00  1485.00  1520.00     1695.00  1780.00  1680.00  1780.00   +260.00   +17.11%
       4            19  6488      環球晶                 245.00         10.00     7.84%    966.00  1035.00   953.00  1035.00     1220.00  1235.00  1175.00  1180.00   +145.00   +14.01%
       5            18  6187      萬潤                  215.00         35.00     6.01%   1375.00  1420.00  1275.00  1310.00     1400.00  1490.00  1390.00  1490.00   +180.00   +13.74%
       6            34  3105      穩懋                  126.00          0.00     4.20%    509.00   542.00   509.00   542.00      614.00   630.00   604.00   615.00    +73.00   +13.47%
       7            34  3491      昇達科                 145.00         20.00     4.17%   1540.00  1540.00  1480.00  1500.00     1530.00  1630.00  1515.00  1630.00   +130.00    +8.67%
       8            37  6640      均華                  125.00          0.00     4.17%   1065.00  1090.00  1030.00  1040.00     1140.00  1195.00  1120.00  1165.00   +125.00   +12.02%
       9             4  5274      信驊                  970.00        845.00     4.17%  19525.00 19675.00 18680.00 18750.00    19100.00 19770.00 19100.00 19520.00   +770.00    +4.11%
      10            27  7734      印能科技                160.00         50.00     3.67%   2740.00  2780.00  2630.00  2665.00     2850.00  2885.00  2790.00  2790.00   +125.00    +4.69%
      11            37  4760      勤凱                   86.00          0.00     2.87%    264.00   264.50   260.00   262.50      348.50   348.50   348.50   348.50    +86.00   +32.76%
      12            56  8358      金居                   75.00          0.00     2.50%    509.00   515.00   495.00   495.00      534.00   570.00   526.00   570.00    +75.00   +15.15%
      13             8  3163      波若威                  62.00          0.00     2.07%    658.00   664.00   643.00   643.00      722.00   725.00   707.00   709.00    +66.00   +10.26%
      14            22  5536      聖暉*                  57.00          0.00     1.90%    908.00   935.00   908.00   919.00      975.00   977.00   946.00   954.00    +35.00    +3.81%
      15            23  3131      弘塑                  200.00        145.00     1.84%   2505.00  2590.00  2435.00  2525.00     2470.00  2580.00  2455.00  2530.00     +5.00    +0.20%
      16            10  4971      IET-KY               53.00          0.00     1.77%    553.00   558.00   537.00   539.00      601.00   607.00   582.00   584.00    +45.00    +8.35%
      17            39  4991      環宇-KY                62.00         10.00     1.74%    485.00   498.00   471.50   488.00      547.00   547.00   519.00   524.00    +36.00    +7.38%
      18            38  4749      新應材                  49.00          0.00     1.64%    782.00   788.00   752.00   766.00      803.00   812.00   788.00   806.00    +40.00    +5.22%
      19            35  7751      竑騰                   85.00         40.00     1.50%   1625.00  1650.00  1530.00  1625.00     1600.00  1660.00  1590.00  1605.00    -20.00    -1.23%
      20            44  6727      亞泰金屬                 43.00          0.00     1.44%    487.50   499.50   485.00   485.00      520.00   545.00   513.00   531.00    +46.00    +9.48%
      21            41  3374      精材                   42.50          0.00     1.42%    462.00   462.00   452.00   454.50      478.50   505.00   471.50   498.50    +44.00    +9.68%
      22            17  7728      光焱科技                 60.00         18.00     1.40%    615.00   667.00   615.00   667.00      627.00   646.00   627.00   636.00    -31.00    -4.65%
      23            33  3441      聯一光                  39.00          0.00     1.30%    184.50   187.00   181.50   184.50      215.00   232.00   215.00   232.00    +47.50   +25.75%
      24            44  7556      意德士                  37.50          0.00     1.25%    272.00   272.00   264.50   264.50      275.50   300.00   275.50   300.00    +35.50   +13.42%
      25            45  3147      大綜                   34.50          0.00     1.15%    245.50   250.00   243.50   243.50      264.50   275.00   257.00   275.00    +31.50   +12.94%
      26            11  8227      巨有科技                 33.50          0.00     1.12%    370.50   370.50   370.50   370.50      372.00   372.00   361.50   366.00     -4.50    -1.21%
      27            48  6788      華景電                  30.00          0.00     1.00%    346.00   351.50   346.00   349.00      367.00   389.50   360.00   376.50    +27.50    +7.88%
      28            56  4908      前鼎                   30.00          0.00     1.00%    210.50   212.00   205.50   207.00      234.00   242.00   228.00   234.50    +27.50   +13.29%
      29            13  3363      上詮                   30.00          0.00     1.00%    661.00   671.00   648.00   649.00      682.00   688.00   663.00   664.00    +15.00    +2.31%
      30            66  4979      華星光                  41.00         12.00     0.97%    576.00   576.00   561.00   569.00      605.00   605.00   580.00   598.00    +29.00    +5.10%
      31            43  5483      中美晶                  28.50          0.00     0.95%    193.00   207.50   192.00   207.50      225.00   229.00   213.00   214.50     +7.00    +3.37%
      32            45  6877      鏵友益                  26.00          0.00     0.87%    129.00   129.00   124.00   126.00      153.50   153.50   140.00   145.50    +19.50   +15.48%
      33            44  6435      大中                   25.00          0.00     0.83%    255.50   259.00   252.00   252.00      279.00   294.50   275.00   276.50    +24.50    +9.72%
      34            57  6903      巨漢                   22.00          0.00     0.73%    306.50   318.50   306.50   315.50      321.00   329.00   319.00   328.00    +12.50    +3.96%
      35            19  8091      翔名                   21.50          0.00     0.72%    221.50   223.00   215.50   217.00      246.00   246.50   234.50   240.00    +23.00   +10.60%
      36            54  4556      旭然                   21.00          0.00     0.70%     93.70   101.50    93.70   101.50      117.00   125.50   114.50   125.50    +24.00   +23.65%
      37            11  3455      由田                   20.00          0.00     0.67%    268.50   279.00   260.50   267.00      286.00   295.50   274.00   283.50    +16.50    +6.18%
      38            64  8155      博智                   19.50          0.00     0.65%    310.00   318.50   302.00   316.00      328.00   338.00   326.00   329.50    +13.50    +4.27%
      39            14  3675      德微                   29.00         11.00     0.60%    337.00   338.00   328.50   330.00      363.50   377.00   348.00   349.00    +19.00    +5.76%
      40            21  4772      台特化                  17.00          0.00     0.57%    274.00   280.50   268.50   269.00      290.00   290.00   277.50   278.00     +9.00    +3.35%
==========================================================================================================================================================================
✅ 共 40 筆


══════════════════════════════════════════════════════════════════════════════════════════════════════════════
  🔄 第  2/3 次  2026/09/29 ～ 2026/10/02
══════════════════════════════════════════════════════════════════════════════════════════════════════════════

==========================================================================================================================================================================
📊 累計漲跌停強度排名 (2026/09/29 ~ 2026/10/02)
==========================================================================================================================================================================
    實資排名        累計天數排名  代號        名稱                 累計漲停(元)       累計跌停(元)       強度%  (09/29)開盤      最高      最低      收盤    (10/02)開盤      最高      最低      收盤      賺賠    賺賠率
--------------------------------------------------------------------------------------------------------------------------------------------------------------------------
       1             4  5274      信驊                  290.00       1285.00  4853.66%  20430.00 20430.00 19040.00 19395.00    18740.00 18905.00 18355.00 18840.00   -555.00    -2.86%
       2            13  7856      漢測                   50.00        460.00  2000.00%   4580.00  4580.00  4255.00  4315.00     4330.00  4470.00  4160.00  4195.00   -120.00    -2.78%
       3            16  6510      精測                   70.00        310.00  1170.73%   3245.00  3285.00  3055.00  3140.00     3000.00  3120.00  3000.00  3070.00    -70.00    -2.23%
       4            11  6223      旺矽                  280.00        385.00   512.20%   5400.00  5400.00  5140.00  5185.00     5055.00  5310.00  5055.00  5310.00   +125.00    +2.41%
       5            10  3529      力旺                   75.00        135.00   292.68%   3175.00  3410.00  3145.00  3305.00     3245.00  3290.00  3160.00  3170.00   -135.00    -4.08%
       6            57  7717      萊德光電-KY              22.00         53.00   151.22%    607.00   612.00   588.00   592.00      553.00   581.00   550.00   561.00    -31.00    -5.24%
       7            29  6683      雍智科技                115.00        145.00   146.34%   1515.00  1540.00  1450.00  1475.00     1595.00  1650.00  1480.00  1490.00    +15.00    +1.02%
       8            47  8299      群聯                   35.00         65.00   146.34%   2105.00  2135.00  2080.00  2115.00     2130.00  2140.00  2085.00  2095.00    -20.00    -0.95%
       9            29  6538      倉和                   13.50         39.50   126.83%    400.00   417.00   358.50   358.50      369.50   382.00   352.00   372.50    +14.00    +3.91%
      10            42  7744      崴寶                   14.00         30.00    78.05%    531.00   544.00   523.00   523.00      540.00   540.00   522.00   527.00     +4.00    +0.76%
      11            42  5289      宜鼎                   10.00         25.00    73.17%   1305.00  1330.00  1280.00  1280.00     1305.00  1315.00  1290.00  1295.00    +15.00    +1.17%
      12            76  8155      博智                   19.50         30.00    51.22%    331.00   331.00   306.00   306.00      316.50   328.50   313.50   323.00    +17.00    +5.56%
      13            37  4542      科嶠                   11.00         16.00    24.39%    329.00   342.00   329.00   339.00      334.00   336.50   325.00   336.50     -2.50    -0.74%
      14            34  6291      沛亨                   15.00         11.00   -19.51%    484.00   501.00   481.00   499.00      492.00   504.00   489.00   493.00     -6.00    -1.20%
      15            33  6727      亞泰金屬                 28.00         22.00   -29.27%    492.50   505.00   481.50   483.00      492.50   527.00   492.50   516.00    +33.00    +6.83%
      16            36  6643      M31                  50.00         44.00   -29.27%    509.00   534.00   502.00   505.00      520.00   524.00   513.00   516.00    +11.00    +2.18%
      17            64  8147      正淩                   22.00         15.00   -34.15%    137.50   150.00   137.50   148.00      147.00   148.00   143.50   143.50     -4.50    -3.04%
      18            32  3234      光環                    9.50          0.00   -46.34%    180.00   180.00   171.50   174.50      174.50   184.00   174.50   181.50     +7.00    +4.01%
      19            24  8109      博大                    9.50          0.00   -46.34%    133.00   135.00   131.50   134.50      144.50   148.00   143.50   146.50    +12.00    +8.92%
      20            30  7714      創泓科技                 10.00          0.00   -48.78%    165.50   166.00   162.00   162.00      168.00   172.50   168.00   171.00     +9.00    +5.56%
      21            31  7810      捷創科技                 10.00          0.00   -48.78%    224.00   235.00   224.00   227.50      233.50   252.50   233.50   245.00    +17.50    +7.69%
      22            21  4556      旭然                   10.00          0.00   -48.78%     92.10    97.40    92.10    92.40      111.50   122.50   109.50   114.50    +22.10   +23.92%
      23            25  6290      良維                   10.50          0.00   -51.22%    272.50   274.00   267.00   269.50      279.00   280.00   276.00   277.00     +7.50    +2.78%
      24            28  7556      意德士                  10.50          0.00   -51.22%    264.50   273.50   264.50   267.50      261.00   273.50   260.00   273.00     +5.50    +2.06%
      25            20  6907      雅特力-KY               10.50          0.00   -51.22%    182.00   184.00   180.00   180.50      200.00   206.00   196.00   200.50    +20.00   +11.08%
      26            24  3581      博磊                   10.50          0.00   -51.22%    103.00   109.00   102.50   106.50      115.50   122.00   115.50   118.50    +12.00   +11.27%
      27            23  6903      巨漢                   11.00          0.00   -53.66%    306.50   311.00   302.00   304.50      316.00   320.50   315.00   317.00    +12.50    +4.11%
      28            22  3219      倚強科                  11.00          0.00   -53.66%    123.50   125.50   120.50   125.50      132.50   132.50   126.50   128.50     +3.00    +2.39%
      29            65  8358      金居                   24.00         13.00   -53.66%    500.00   519.00   495.50   498.00      514.00   536.00   511.00   519.00    +21.00    +4.22%
      30            33  3498      陽程                   21.00          9.50   -56.10%    216.00   235.00   212.00   235.00      221.00   226.00   212.00   215.00    -20.00    -8.51%
      31            27  3374      精材                   11.50          0.00   -56.10%    439.50   457.00   436.50   455.00      457.00   467.50   454.00   467.50    +12.50    +2.75%
      32            20  6664      群翊                   11.50          0.00   -56.10%    358.50   372.00   355.50   370.00      375.00   380.00   371.00   378.00     +8.00    +2.16%
      33            21  6182      合晶                   12.00          0.00   -58.54%    119.50   124.50   117.00   121.00      131.00   140.00   128.50   135.00    +14.00   +11.57%
      34            18  6620      漢達                   12.00          0.00   -58.54%    125.00   136.00   123.50   136.00      145.00   149.50   142.50   143.50     +7.50    +5.51%
      35            20  3211      順達                   12.50          0.00   -60.98%    381.00   392.50   380.00   386.00      396.00   402.00   391.00   397.00    +11.00    +2.85%
      36            16  6922      宸曜                   13.00          0.00   -63.41%    212.00   228.50   210.00   225.00      221.50   221.50   212.50   212.50    -12.50    -5.56%
      37            25  6788      華景電                  13.50          0.00   -65.85%    343.50   349.50   340.50   344.50      347.50   365.50   347.00   360.00    +15.50    +4.50%
      38            17  3624      光頡                   13.50          0.00   -65.85%    139.00   143.50   138.00   140.00      151.00   157.50   147.00   148.50     +8.50    +6.07%
      39            15  6173      信昌電                  14.00          0.00   -68.29%    303.00   314.00   296.50   297.50      300.00   322.50   299.00   303.00     +5.50    +1.85%
      40            40  2221      大甲                   33.50         18.50   -73.17%    169.00   180.00   167.50   180.00      182.00   188.00   177.50   188.00     +8.00    +4.44%
==========================================================================================================================================================================
✅ 共 40 筆


══════════════════════════════════════════════════════════════════════════════════════════════════════════════
  🔄 第  3/3 次  2026/09/24 ～ 2026/10/01
══════════════════════════════════════════════════════════════════════════════════════════════════════════════

==========================================================================================================================================================================
📊 累計漲跌停強度排名 (2026/09/24 ~ 2026/10/01)
==========================================================================================================================================================================
    實資排名        累計天數排名  代號        名稱                 累計漲停(元)       累計跌停(元)       強度%  (09/24)開盤      最高      最低      收盤    (10/01)開盤      最高      最低      收盤      賺賠    賺賠率
--------------------------------------------------------------------------------------------------------------------------------------------------------------------------
       1             4  5274      信驊                  290.00       1530.00    80.97%  20485.00 20505.00 19705.00 19835.00    18755.00 19330.00 18740.00 19040.00   -795.00    -4.01%
       2            15  7856      漢測                   50.00        480.00    28.08%   4675.00  4695.00  4530.00  4605.00     4240.00  4470.00  4115.00  4300.00   -305.00    -6.62%
       3            43  8299      群聯                   35.00        140.00     6.86%   2195.00  2195.00  2095.00  2125.00     2165.00  2165.00  2105.00  2110.00    -15.00    -0.71%
       4             9  3324      雙鴻                  115.00        180.00     4.24%   1595.00  1750.00  1590.00  1710.00     1530.00  1535.00  1480.00  1525.00   -185.00   -10.82%
       5            12  3529      力旺                   75.00        135.00     3.92%   3250.00  3315.00  3160.00  3230.00     3305.00  3345.00  3215.00  3245.00    +15.00    +0.46%
       6            38  7717      萊德光電-KY              12.00         67.00     3.59%    602.00   608.00   588.00   594.00      599.00   600.00   547.00   551.00    -43.00    -7.24%
       7            41  6538      倉和                   13.50         52.00     2.51%    403.00   409.50   389.00   398.00      356.00   370.00   351.00   369.50    -28.50    -7.16%
       8            57  8155      博智                   10.00         41.00     2.02%    340.00   349.00   333.00   336.00      316.00   327.00   310.00   313.50    -22.50    -6.70%
       9            33  3081      聯亞                   65.00         85.00     1.31%   2640.00  2710.00  2595.00  2700.00     2690.00  2720.00  2605.00  2660.00    -40.00    -1.48%
      10            42  5289      宜鼎                   10.00         25.00     0.98%   1300.00  1310.00  1270.00  1305.00     1295.00  1295.00  1280.00  1290.00    -15.00    -1.15%
      11            32  7744      崴寶                   14.00         20.00     0.39%    534.00   546.00   533.00   543.00      531.00   538.00   519.00   537.00     -6.00    -1.10%
      12            37  4542      科嶠                   11.00         16.00     0.33%    323.50   357.00   320.50   328.00      343.00   343.00   328.00   328.00     +0.00    +0.00%
      13            28  7792      安葆                   20.00         19.50    -0.03%    415.00   453.00   415.00   435.50      416.00   430.50   410.00   421.00    -14.50    -3.33%
      14            34  6291      沛亨                   15.00         11.00    -0.26%    486.50   497.00   478.50   484.00      501.00   507.00   489.00   489.00     +5.00    +1.03%
      15            64  8147      正淩                   22.00         15.00    -0.46%    137.50   137.50   136.00   136.50      152.00   153.00   143.00   143.50     +7.00    +5.13%
      16            24  8109      博大                    9.50          0.00    -0.62%    130.50   132.50   130.00   132.00      136.00   145.50   136.00   144.50    +12.50    +9.47%
      17            23  6204      艾華                    9.50          0.00    -0.62%     98.00   107.50    97.80   107.50      105.00   110.00   104.00   104.50     -3.00    -2.79%
      18            30  7714      創泓科技                 10.00          0.00    -0.65%    162.00   166.50   162.00   166.00      173.50   173.50   169.00   169.50     +3.50    +2.11%
      19            22  6231      系微                   10.00          0.00    -0.65%    229.00   237.50   223.00   235.00      235.00   240.00   235.00   237.00     +2.00    +0.85%
      20            22  6435      大中                   10.00          0.00    -0.65%    249.00   253.50   246.50   253.50      253.00   262.00   253.00   262.00     +8.50    +3.35%
      21            21  4556      旭然                   10.00          0.00    -0.65%     95.40    96.90    90.60    92.10      108.00   111.50    98.30   111.50    +19.40   +21.06%
      22            25  6290      良維                   10.50          0.00    -0.69%    270.00   280.50   270.00   274.00      280.00   281.50   276.00   277.50     +3.50    +1.28%
      23            20  6907      雅特力-KY               10.50          0.00    -0.69%    183.00   185.00   181.50   182.00      190.50   202.00   190.00   198.50    +16.50    +9.07%
      24            24  3581      博磊                   10.50          0.00    -0.69%    102.50   105.50   102.00   104.00      126.00   128.50   114.00   117.00    +13.00   +12.50%
      25            19  3152      璟德                   11.00          0.00    -0.72%    222.50   241.50   220.00   231.50      232.00   235.00   230.00   232.50     +1.00    +0.43%
      26            23  6903      巨漢                   11.00          0.00    -0.72%    308.00   311.00   302.50   309.00      318.00   327.00   315.50   316.00     +7.00    +2.27%
      27            57  8358      金居                   24.00         13.00    -0.72%    498.00   511.00   495.00   511.00      500.00   521.00   500.00   505.00     -6.00    -1.17%
      28            21  6182      合晶                   12.00          0.00    -0.78%    116.00   123.00   114.50   120.50      136.00   139.50   127.50   130.00     +9.50    +7.88%
      29            18  6620      漢達                   12.00          0.00    -0.78%    129.00   129.00   120.00   124.00      145.50   154.50   140.50   144.50    +20.50   +16.53%
      30            19  6877      鏵友益                  12.50          0.00    -0.82%    123.00   126.00   122.50   122.50      138.50   138.50   138.50   138.50    +16.00   +13.06%
      31            18  6693      廣閎科                  12.50          0.00    -0.82%    201.50   212.50   194.00   209.50      210.00   219.50   205.00   212.50     +3.00    +1.43%
      32            20  3211      順達                   12.50          0.00    -0.82%    383.50   383.50   374.50   378.50      396.00   398.00   390.00   394.00    +15.50    +4.10%
      33            16  6922      宸曜                   13.00          0.00    -0.85%    204.50   213.50   204.50   212.00      225.00   225.00   218.00   221.00     +9.00    +4.25%
      34            17  3624      光頡                   13.50          0.00    -0.88%    132.50   144.50   132.00   140.00      138.00   151.00   138.00   151.00    +11.00    +7.86%
      35            15  3680      家登                   14.00          0.00    -0.91%    531.00   546.00   528.00   542.00      556.00   562.00   549.00   551.00     +9.00    +1.66%
      36            15  6173      信昌電                  14.00          0.00    -0.91%    303.00   314.00   300.50   306.50      287.00   316.00   280.50   302.50     -4.00    -1.31%
      37            40  2221      大甲                   33.50         18.50    -0.98%    158.00   164.50   158.00   164.00      190.50   193.00   178.00   179.00    +15.00    +9.15%
      38            14  3131      弘塑                  160.00        145.00    -0.98%   2340.00  2410.00  2340.00  2410.00     2500.00  2530.00  2370.00  2380.00    -30.00    -1.24%
      39            13  6147      頎邦                   16.00          0.00    -1.04%    214.50   215.00   210.50   213.50      212.00   227.00   212.00   225.50    +12.00    +5.62%
      40            17  6654      天正國際                 16.00          0.00    -1.04%    202.00   202.00   192.00   192.00      217.00   217.00   208.00   210.00    +18.00    +9.38%
==========================================================================================================================================================================
✅ 共 40 筆
