
██████████████████████████████████████████████████████████████████████████████████████████████████████████████
  📅 天數組合: 3 日  →  輸出檔: q13_03.txt
██████████████████████████████████████████████████████████████████████████████████████████████████████████████

🔁 共執行 3 次，每次區間長度 4 個交易日

══════════════════════════════════════════════════════════════════════════════════════════════════════════════
  🔄 第  1/3 次  2026/09/30 ～ 2026/10/05
══════════════════════════════════════════════════════════════════════════════════════════════════════════════

==========================================================================================================================================================================
📊 動能效率優先權分數排名 (2026/09/30 ~ 2026/10/05)
==========================================================================================================================================================================
    實資排名          累計天數排名  代號        名稱                 累計漲停(元)       累計跌停(元)       強度%  (09/30)開盤      最高      最低      收盤    (10/05)開盤      最高      最低      收盤      賺賠    賺賠率
--------------------------------------------------------------------------------------------------------------------------------------------------------------------------
       1               1  6488      環球晶                 245.00         10.00   100.00%    966.00  1035.00   953.00  1035.00     1220.00  1235.00  1175.00  1180.00   +145.00   +14.01%
       2               2  6274      台燿                  295.00          0.00    95.26%   1500.00  1550.00  1485.00  1520.00     1695.00  1780.00  1680.00  1780.00   +260.00   +17.11%
       3               3  4556      旭然                   21.00          0.00    84.95%     93.70   101.50    93.70   101.50      117.00   125.50   114.50   125.50    +24.00   +23.65%
       4               4  3441      聯一光                  39.00          0.00    80.80%    184.50   187.00   181.50   184.50      215.00   232.00   215.00   232.00    +47.50   +25.75%
       5               7  7556      意德士                  37.50          0.00    69.97%    272.00   272.00   264.50   264.50      275.50   300.00   275.50   300.00    +35.50   +13.42%
       6               5  3147      大綜                   34.50          0.00    69.94%    245.50   250.00   243.50   243.50      264.50   275.00   257.00   275.00    +31.50   +12.94%
       7               6  4760      勤凱                   86.00          0.00    69.11%    264.00   264.50   260.00   262.50      348.50   348.50   348.50   348.50    +86.00   +32.76%
       8               8  8358      金居                   75.00          0.00    67.32%    509.00   515.00   495.00   495.00      534.00   570.00   526.00   570.00    +75.00   +15.15%
       9              11  3105      穩懋                  126.00          0.00    54.20%    509.00   542.00   509.00   542.00      614.00   630.00   604.00   615.00    +73.00   +13.47%
      10              10  5483      中美晶                  28.50          0.00    53.55%    193.00   207.50   192.00   207.50      225.00   229.00   213.00   214.50     +7.00    +3.37%
      11              15  6716      應廣                   12.00          0.00    53.18%    116.00   116.50   114.00   114.00      123.50   133.00   120.50   133.00    +19.00   +16.67%
      12              13  4905      台聯電                   0.00          0.00    52.17%     77.20    77.70    76.00    76.50       95.20   101.50    95.20    97.10    +20.60   +26.93%
      13              12  5205      中茂                    0.00          0.00    51.54%     17.30    18.90    17.30    18.90       23.50    25.05    23.00    25.05     +6.15   +32.54%
      14               9  2221      大甲                   17.50         18.50    51.47%    178.00   198.00   170.00   197.50      189.00   191.00   181.00   186.00    -11.50    -5.82%
      15              19  6640      均華                  125.00          0.00    50.66%   1065.00  1090.00  1030.00  1040.00     1140.00  1195.00  1120.00  1165.00   +125.00   +12.02%
      16              20  3362      先進光                  15.50          0.00    48.60%    173.00   173.50   171.00   171.00      178.00   193.00   178.00   191.00    +20.00   +11.70%
      17              25  6727      亞泰金屬                 43.00          0.00    48.45%    487.50   499.50   485.00   485.00      520.00   545.00   513.00   531.00    +46.00    +9.48%
      18              26  3374      精材                   42.50          0.00    48.33%    462.00   462.00   452.00   454.50      478.50   505.00   471.50   498.50    +44.00    +9.68%
      19              21  6419      京晨科                  15.50          0.00    47.62%    155.00   158.50   153.00   156.00      159.00   171.50   157.50   171.50    +15.50    +9.94%
      20              23  5355      佳總                    0.00          0.00    47.44%      7.00     7.09     7.00     7.05        7.39     8.14     7.39     7.87     +0.82   +11.63%
      21              27  6788      華景電                  30.00          0.00    47.31%    346.00   351.50   346.00   349.00      367.00   389.50   360.00   376.50    +27.50    +7.88%
      22              14  6432      今展科                   0.00          0.00    47.28%     60.30    65.10    59.80    63.50       67.80    68.50    65.80    67.10     +3.60    +5.67%
      23              24  3707      漢磊                    0.00          0.00    45.84%     72.50    77.30    71.70    75.70       87.80    91.70    84.80    85.30     +9.60   +12.68%
      24              22  8289      泰藝                    0.00          0.00    45.77%     46.25    46.95    45.70    46.40       57.90    61.70    56.90    57.20    +10.80   +23.28%
      25              18  3259      鑫創                    0.00          0.00    45.14%      9.60    10.65     8.90    10.65       12.85    13.40    12.85    13.00     +2.35   +22.07%
      26              16  7728      光焱科技                 60.00         18.00    44.47%    615.00   667.00   615.00   667.00      627.00   646.00   627.00   636.00    -31.00    -4.65%
      27              34  6461      益得                    0.00          0.00    44.06%     24.00    24.50    24.00    24.45       26.45    27.25    25.55    26.70     +2.25    +9.20%
      28              28  3675      德微                   29.00         11.00    43.91%    337.00   338.00   328.50   330.00      363.50   377.00   348.00   349.00    +19.00    +5.76%
      29              41  5011      久陽                    0.00          0.00    43.90%     18.90    19.25    18.80    18.80       21.60    22.45    21.60    22.45     +3.65   +19.41%
      30              29  6903      巨漢                   22.00          0.00    43.53%    306.50   318.50   306.50   315.50      321.00   329.00   319.00   328.00    +12.50    +3.96%
      31              17  6643      M31                  50.00         34.00    43.13%    506.00   555.00   500.00   555.00      513.00   521.00   505.00   508.00    -47.00    -8.47%
      32              37  6435      大中                   25.00          0.00    43.00%    255.50   259.00   252.00   252.00      279.00   294.50   275.00   276.50    +24.50    +9.72%
      33              55  8091      翔名                   21.50          0.00    42.91%    221.50   223.00   215.50   217.00      246.00   246.50   234.50   240.00    +23.00   +10.60%
      34              32  3236      千如                    0.00          0.00    42.86%     44.60    45.15    44.05    44.15       54.00    57.70    52.50    53.50     +9.35   +21.18%
      35              54  4908      前鼎                   30.00          0.00    42.59%    210.50   212.00   205.50   207.00      234.00   242.00   228.00   234.50    +27.50   +13.29%
      36              47  3114      好德                    0.00          0.00    42.22%     35.80    35.80    33.90    34.60       42.70    43.60    42.05    43.60     +9.00   +26.01%
      37              49  4716      大立                    0.00          0.00    41.69%     17.05    17.05    16.75    16.85       19.05    19.65    18.35    19.05     +2.20   +13.06%
      38              48  5432      新門                   13.50          0.00    41.61%    162.00   162.50   159.50   160.00      170.00   179.00   164.50   178.00    +18.00   +11.25%
      39              31  8038      長園科                   0.00          0.00    41.41%     31.90    34.70    31.90    34.60       35.00    35.95    34.70    35.40     +0.80    +2.31%
      40              39  8086      宏捷科                   0.00          0.00    41.40%    111.00   116.00   111.00   114.50      125.00   132.00   120.50   129.00    +14.50   +12.66%
==========================================================================================================================================================================
✅ 共 40 筆


══════════════════════════════════════════════════════════════════════════════════════════════════════════════
  🔄 第  2/3 次  2026/09/29 ～ 2026/10/02
══════════════════════════════════════════════════════════════════════════════════════════════════════════════

==========================================================================================================================================================================
📊 動能效率優先權分數排名 (2026/09/29 ~ 2026/10/02)
==========================================================================================================================================================================
    實資排名          累計天數排名  代號        名稱                 累計漲停(元)       累計跌停(元)       強度%  (09/29)開盤      最高      最低      收盤    (10/02)開盤      最高      最低      收盤      賺賠    賺賠率
--------------------------------------------------------------------------------------------------------------------------------------------------------------------------
       1               1  6488      環球晶                 245.00          0.00   100.00%    940.00   964.00   930.00   945.00     1090.00  1190.00  1075.00  1190.00   +245.00   +25.93%
       2               2  2221      大甲                   33.50         18.50    75.95%    169.00   180.00   167.50   180.00      182.00   188.00   177.50   188.00     +8.00    +4.44%
       3               4  5483      中美晶                  28.50          0.00    65.93%    187.00   192.00   186.00   189.00      210.50   229.50   209.50   221.50    +32.50   +17.20%
       4               5  4991      環宇-KY                73.00          0.00    60.96%    455.00   493.00   455.00   474.50      509.00   534.00   498.50   534.00    +59.50   +12.54%
       5               9  4760      勤凱                   54.50          0.00    57.10%    268.00   268.00   259.50   260.00      302.00   317.00   302.00   317.00    +57.00   +21.92%
       6               3  6532      瑞耘                   20.00          0.00    53.45%     99.80   108.00    99.60   108.00      123.00   123.50   117.50   120.00    +12.00   +11.11%
       7              11  7728      光焱科技                 72.00         18.00    52.19%    586.00   609.00   586.00   607.00      649.00   661.00   635.00   645.00    +38.00    +6.26%
       8              10  2061      風青                    0.00          0.00    50.64%     54.40    59.40    54.30    59.40       60.80    67.80    60.00    67.80     +8.40   +14.14%
       9              12  6207      雷科                   26.00          0.00    50.61%    130.50   137.50   127.50   137.50      145.00   152.50   141.50   148.00    +10.50    +7.64%
      10               6  4768      晶呈科技                 55.00         13.00    50.51%    325.50   357.50   323.00   357.50      374.00   389.00   372.50   374.50    +17.00    +4.76%
      11               8  8147      正淩                   22.00         15.00    49.10%    137.50   150.00   137.50   148.00      147.00   148.00   143.50   143.50     -4.50    -3.04%
      12              19  4556      旭然                   10.00          0.00    47.96%     92.10    97.40    92.10    92.40      111.50   122.50   109.50   114.50    +22.10   +23.92%
      13              13  3147      大綜                   24.00          0.00    47.79%    240.00   244.50   237.00   243.00      266.00   273.00   255.00   264.50    +21.50    +8.85%
      14              15  3441      聯一光                  18.00          0.00    46.58%    177.50   185.00   176.00   185.00      210.00   222.50   207.00   211.00    +26.00   +14.05%
      15               7  6620      漢達                   12.00          0.00    46.30%    125.00   136.00   123.50   136.00      145.00   149.50   142.50   143.50     +7.50    +5.51%
      16              16  6640      均華                  115.00          0.00    45.29%   1000.00  1070.00   995.00  1040.00     1110.00  1165.00  1110.00  1125.00    +85.00    +8.17%
      17              31  3105      穩懋                  102.00          0.00    44.94%    496.50   498.50   484.50   493.00      574.00   591.00   572.00   591.00    +98.00   +19.88%
      18              17  5309      系統電                   0.00          0.00    44.75%     53.50    59.10    53.50    59.10       63.00    68.00    62.30    65.70     +6.60   +11.17%
      19              28  8091      翔名                   21.50          0.00    44.74%    216.00   220.00   216.00   220.00      216.50   237.00   216.50   237.00    +17.00    +7.73%
      20              14  4772      台特化                  39.50          0.00    44.44%    252.00   273.00   250.00   271.00      272.00   290.50   271.50   281.50    +10.50    +3.87%
      21              18  3615      安可                    0.00          0.00    43.60%     37.80    41.65    37.50    41.65       43.25    46.80    43.05    45.00     +3.35    +8.04%
      22              32  3707      漢磊                    0.00          0.00    43.18%     72.50    74.50    72.30    72.90       77.50    85.20    76.30    85.20    +12.30   +16.87%
      23              22  8109      博大                    9.50          0.00    43.03%    133.00   135.00   131.50   134.50      144.50   148.00   143.50   146.50    +12.00    +8.92%
      24              23  6432      今展科                   0.00          0.00    42.34%     59.10    61.00    59.10    59.50       67.20    70.50    64.60    66.60     +7.10   +11.93%
      25              20  3162      精確                    0.00          0.00    42.21%     75.10    80.90    75.10    80.90       87.50    91.00    85.50    89.60     +8.70   +10.75%
      26              21  6127      九豪                    0.00          0.00    41.69%     48.45    51.70    47.90    51.00       57.00    59.60    55.80    58.40     +7.40   +14.51%
      27              33  4905      台聯電                   0.00          0.00    41.63%     77.00    78.10    76.40    76.70       85.60    92.50    84.00    92.50    +15.80   +20.60%
      28              25  6485      點序                    0.00          0.00    40.97%     68.00    70.30    67.70    70.00       85.10    86.20    80.00    83.60    +13.60   +19.43%
      29              29  3675      德微                   29.00          0.00    40.73%    337.50   354.50   331.00   334.00      359.00   378.50   352.50   360.00    +26.00    +7.78%
      30              37  6435      大中                   25.00          0.00    40.57%    250.50   256.00   250.50   252.50      269.50   280.00   260.00   277.00    +24.50    +9.70%
      31              46  6182      合晶                   12.00          0.00    40.44%    119.50   124.50   117.00   121.00      131.00   140.00   128.50   135.00    +14.00   +11.57%
      32              35  8289      泰藝                    0.00          0.00    40.37%     46.00    47.40    45.30    46.05       53.80    56.10    53.50    56.10    +10.05   +21.82%
      33              27  6425      易發                    0.00          0.00    39.94%     70.10    74.50    69.90    74.00       79.20    80.00    78.50    79.80     +5.80    +7.84%
      34              26  3624      光頡                   13.50          0.00    39.54%    139.00   143.50   138.00   140.00      151.00   157.50   147.00   148.50     +8.50    +6.07%
      35              24  3455      由田                   20.00          0.00    38.92%    258.50   276.00   256.00   267.00      287.00   295.00   277.00   280.00    +13.00    +4.87%
      36              47  7810      捷創科技                 10.00          0.00    38.88%    224.00   235.00   224.00   227.50      233.50   252.50   233.50   245.00    +17.50    +7.69%
      37              40  3236      千如                    0.00          0.00    38.57%     43.60    45.30    43.10    44.10       51.40    53.40    51.40    53.40     +9.30   +21.09%
      38              48  5228      鈺鎧                    0.00          0.00    37.84%     39.80    40.10    39.35    39.35       46.35    48.05    45.20    48.05     +8.70   +22.11%
      39              49  3259      鑫創                    0.00          0.00    37.59%      9.63     9.71     9.63     9.71       12.85    12.85    12.85    12.85     +3.14   +32.34%
      40              53  6461      益得                    0.00          0.00    37.40%     24.00    24.40    23.80    24.30       24.05    26.45    24.05    26.45     +2.15    +8.85%
==========================================================================================================================================================================
✅ 共 40 筆


══════════════════════════════════════════════════════════════════════════════════════════════════════════════
  🔄 第  3/3 次  2026/09/24 ～ 2026/10/01
══════════════════════════════════════════════════════════════════════════════════════════════════════════════

==========================================================================================================================================================================
📊 動能效率優先權分數排名 (2026/09/24 ~ 2026/10/01)
==========================================================================================================================================================================
    實資排名          累計天數排名  代號        名稱                 累計漲停(元)       累計跌停(元)       強度%  (09/24)開盤      最高      最低      收盤    (10/01)開盤      最高      最低      收盤      賺賠    賺賠率
--------------------------------------------------------------------------------------------------------------------------------------------------------------------------
       1               2  3455      由田                   34.00          0.00   100.00%    242.00   265.00   242.00   258.00      266.00   292.00   258.00   287.00    +29.00   +11.24%
       2               3  2221      大甲                   33.50         18.50    96.97%    158.00   164.50   158.00   164.00      190.50   193.00   178.00   179.00    +15.00    +9.15%
       3               1  6207      雷科                   37.00          0.00    95.88%    115.50   125.00   115.50   125.00      153.00   158.00   139.50   145.00    +20.00   +16.00%
       4               6  6532      瑞耘                   20.00          0.00    83.04%     97.90   100.50    97.90    98.50      121.00   127.00   115.50   122.50    +24.00   +24.37%
       5               4  3498      陽程                   36.00          9.50    81.72%    198.00   215.00   197.00   214.00      225.00   228.00   214.00   219.50     +5.50    +2.57%
       6              10  7728      光焱科技                 72.00         18.00    73.09%    582.00   603.00   580.00   595.00      685.00   714.00   647.00   649.00    +54.00    +9.08%
       7               5  6643      M31                  88.50         44.00    72.07%    471.00   524.00   471.00   515.00      555.00   557.00   518.00   521.00     +6.00    +1.17%
       8               7  3293      鈊象                   76.00          0.00    71.96%    734.00   774.00   734.00   761.00      786.00   814.00   785.00   814.00    +53.00    +6.96%
       9              13  3147      大綜                   24.00          0.00    69.66%    235.00   249.50   234.00   243.00      242.00   267.50   240.00   267.50    +24.50   +10.08%
      10              15  8147      正淩                   22.00         15.00    68.45%    137.50   137.50   136.00   136.50      152.00   153.00   143.00   143.50     +7.00    +5.13%
      11              17  6488      環球晶                 140.00          0.00    67.68%    944.00   960.00   930.00   948.00     1055.00  1135.00  1045.00  1085.00   +137.00   +14.45%
      12               9  8121      越峰                    0.00          0.00    66.97%     27.65    30.65    27.60    30.65       31.50    34.65    31.00    34.65     +4.00   +13.05%
      13              14  3624      光頡                   13.50          0.00    66.48%    132.50   144.50   132.00   140.00      138.00   151.00   138.00   151.00    +11.00    +7.86%
      14              12  4991      環宇-KY                40.50          0.00    66.15%    447.50   464.00   436.00   463.50      485.00   491.50   479.50   485.50    +22.00    +4.75%
      15               8  7751      竑騰                  190.00          0.00    65.96%   1435.00  1520.00  1425.00  1515.00     1615.00  1650.00  1570.00  1630.00   +115.00    +7.59%
      16              16  4768      晶呈科技                 55.00         13.00    65.03%    325.00   328.00   315.00   325.00      392.50   403.50   366.00   367.00    +42.00   +12.92%
      17              18  3441      聯一光                  18.00          0.00    63.47%    176.00   181.00   175.00   181.00      189.00   202.50   189.00   202.50    +21.50   +11.88%
      18              20  5483      中美晶                  18.50          0.00    62.74%    184.00   188.50   181.50   188.50      209.00   221.50   207.00   211.50    +23.00   +12.20%
      19              11  3219      倚強科                  21.00          0.00    61.25%    107.00   114.50   105.50   114.50      132.50   134.00   128.50   131.50    +17.00   +14.85%
      20              23  6485      點序                    0.00          0.00    59.13%     68.80    71.30    67.00    70.10       80.70    84.70    77.50    84.70    +14.60   +20.83%
      21              21  5309      系統電                   0.00          0.00    58.08%     51.50    54.30    51.30    53.80       63.00    66.50    62.00    62.80     +9.00   +16.73%
      22              29  6620      漢達                   12.00          0.00    56.67%    129.00   129.00   120.00   124.00      145.50   154.50   140.50   144.50    +20.50   +16.53%
      23              24  3259      鑫創                    0.00          0.00    55.59%      9.55     9.99     9.54     9.95       11.60    11.70    11.55    11.70     +1.75   +17.59%
      24              32  6432      今展科                   0.00          0.00    55.56%     60.60    60.60    59.50    60.40       62.80    69.80    62.50    69.80     +9.40   +15.56%
      25              42  3675      德微                   29.00          0.00    53.07%    332.00   335.00   320.50   335.00      330.00   360.00   328.00   359.00    +24.00    +7.16%
      26              37  8109      博大                    9.50          0.00    52.69%    130.50   132.50   130.00   132.00      136.00   145.50   136.00   144.50    +12.50    +9.47%
      27              34  3615      安可                    0.00          0.00    51.07%     37.50    39.40    37.50    37.90       45.80    45.80    43.20    43.25     +5.35   +14.12%
      28              43  5314      世紀*                   0.00          0.00    50.72%     26.10    26.85    25.45    26.40       29.30    31.65    29.20    30.60     +4.20   +15.91%
      29              25  6122      擎邦                    0.00          0.00    50.66%     54.20    58.50    53.60    58.20       60.60    62.50    60.40    62.30     +4.10    +7.04%
      30              22  6664      群翊                   24.00          0.00    50.62%    343.00   360.00   342.50   358.50      380.00   380.00   367.00   371.50    +13.00    +3.63%
      31              52  4760      勤凱                   26.00          0.00    50.47%    265.00   271.00   265.00   268.50      267.00   288.50   267.00   288.50    +20.00    +7.45%
      32              49  6127      九豪                    0.00          0.00    50.37%     47.55    48.90    47.40    47.80       52.30    56.80    52.20    56.80     +9.00   +18.83%
      33             305  5205      中茂                    0.00          0.00    49.76%     16.60    17.30    16.50    17.30       20.75    20.75    20.75    20.75     +3.45   +19.94%
      34              51  5536      聖暉*                  57.00          0.00    49.75%    890.00   905.00   881.00   902.00      929.00   970.00   919.00   959.00    +57.00    +6.32%
      35              40  6612      奈米醫材                  0.00          0.00    49.61%     69.50    72.30    69.50    71.90       71.90    77.20    71.90    77.00     +5.10    +7.09%
      36              19  6727      亞泰金屬                 40.00         22.00    49.60%    468.00   509.00   464.50   505.00      488.00   496.50   481.50   488.00    -17.00    -3.37%
      37              27  3115      富榮綱                   0.00          0.00    49.32%      7.58     7.99     7.58     7.98        8.30     8.30     8.18     8.20     +0.22    +2.76%
      38              54  6150      撼訊                    0.00          0.00    48.25%     60.90    61.40    60.90    60.90       64.50    69.90    64.00    69.90     +9.00   +14.78%
      39              38  6182      合晶                   12.00          0.00    48.21%    116.00   123.00   114.50   120.50      136.00   139.50   127.50   130.00     +9.50    +7.88%
      40              48  6241      鑫永洋                   0.00          0.00    47.96%     15.00    15.55    15.00    15.45       16.00    16.45    16.00    16.15     +0.70    +4.53%
==========================================================================================================================================================================
✅ 共 40 筆
