
██████████████████████████████████████████████████████████████████████████████████████████████████████████████
  📅 天數組合: 3 日  →  輸出檔: q12_03.txt
██████████████████████████████████████████████████████████████████████████████████████████████████████████████

🔁 共執行 3 次，每次區間長度 3 個交易日

══════════════════════════════════════════════════════════════════════════════════════════════════════════════
  🔄 第  1/3 次  2026/10/05 ～ 2026/10/08
══════════════════════════════════════════════════════════════════════════════════════════════════════════════

==========================================================================================================================================================================
📊 累計漲跌停強度排名 (2026/10/05 ~ 2026/10/08)
==========================================================================================================================================================================
    實資排名        累計天數排名  代號        名稱                 累計漲停(元)       累計跌停(元)       強度%  (10/05)開盤      最高      最低      收盤    (10/08)開盤      最高      最低      收盤      賺賠    賺賠率
--------------------------------------------------------------------------------------------------------------------------------------------------------------------------
       1             4  5274      信驊                  680.00       2035.00   251.16%  19100.00 19770.00 19100.00 19520.00    16355.00 17840.00 15975.00 17485.00  -2035.00   -10.43%
       2            36  6640      均華                   40.00        115.00    13.90%   1140.00  1195.00  1120.00  1165.00     1075.00  1085.00  1050.00  1050.00   -115.00    -9.87%
       3            19  6683      雍智科技                 65.00        140.00    13.90%   1500.00  1500.00  1435.00  1440.00     1425.00  1455.00  1410.00  1415.00    -25.00    -1.74%
       4            44  6488      環球晶                  35.00         95.00    11.12%   1220.00  1235.00  1175.00  1180.00     1180.00  1195.00  1095.00  1130.00    -50.00    -4.24%
       5            14  6538      倉和                   30.00         70.50     7.51%    367.50   367.50   335.50   335.50      346.00   351.50   322.50   332.50     -3.00    -0.89%
       6            49  4749      新應材                  21.00         42.00     3.89%    803.00   812.00   788.00   806.00      771.00   773.00   758.00   759.00    -47.00    -5.83%
       7            50  3163      波若威                  13.00         33.00     3.71%    722.00   725.00   707.00   709.00      699.00   700.00   678.00   689.00    -20.00    -2.82%
       8            76  4979      華星光                  24.00         44.00     3.71%    605.00   605.00   580.00   598.00      570.00   574.00   558.00   565.00    -33.00    -5.52%
       9            50  7792      安葆                   26.50         45.00     3.43%    425.00   440.00   425.00   438.50      395.50   407.00   389.50   403.50    -35.00    -7.98%
      10            42  4991      環宇-KY                13.00         29.00     2.97%    547.00   547.00   519.00   524.00      513.00   515.00   498.00   511.00    -13.00    -2.48%
      11            53  3675      德微                   24.00         40.00     2.97%    363.50   377.00   348.00   349.00      352.50   360.00   343.00   344.00     -5.00    -1.43%
      12            23  7828      創新服務                 40.00         50.00     1.85%   1860.00  1875.00  1830.00  1840.00     1800.00  1840.00  1765.00  1840.00     +0.00    +0.00%
      13            71  6693      廣閎科                   9.50          9.50    -0.00%    209.00   217.00   208.00   215.50      195.00   200.50   195.00   196.50    -19.00    -8.82%
      14            31  3105      穩懋                   24.00         23.00    -0.19%    614.00   630.00   604.00   615.00      578.00   592.00   566.00   581.00    -34.00    -5.53%
      15            36  4542      科嶠                   21.50         20.00    -0.28%    348.00   365.00   340.00   358.00      325.00   338.50   317.00   329.00    -29.00    -8.10%
      16            32  3219      倚強科                  12.50         10.50    -0.37%    129.00   131.00   125.50   128.00      130.00   143.00   130.00   130.00     +2.00    +1.56%
      17            50  3363      上詮                   29.00         26.00    -0.56%    682.00   688.00   663.00   664.00      674.00   676.00   663.00   667.00     +3.00    +0.45%
      18            27  7717      萊德光電-KY              31.00         25.00    -1.11%    570.00   611.00   566.00   592.00      581.00   590.00   570.00   577.00    -15.00    -2.53%
      19            67  6584      南俊國際                 20.00         13.00    -1.30%    541.00   549.00   530.00   541.00      539.00   539.00   528.00   531.00    -10.00    -1.85%
      20            20  6028      公勝保經                 10.00          0.00    -1.85%     99.80    99.80    99.10    99.30      109.00   114.00   106.50   113.50    +14.20   +14.30%
      21            62  6716      應廣                   25.00         15.00    -1.85%    123.50   133.00   120.50   133.00      138.50   138.50   138.50   138.50     +5.50    +4.14%
      22            17  6146      耕興                   10.00          0.00    -1.85%    184.50   184.50   181.00   181.00      182.00   197.50   182.00   191.50    +10.50    +5.80%
      23            34  6903      巨漢                   11.00          0.00    -2.04%    321.00   329.00   319.00   328.00      325.50   327.50   319.00   326.50     -1.50    -0.46%
      24            15  6945      圓祥生技                 12.50          0.00    -2.32%    135.00   135.00   127.00   129.50      137.00   140.50   129.50   133.00     +3.50    +2.70%
      25            15  8042      金山電                  12.50          0.00    -2.32%    125.50   126.50   118.00   118.50      125.00   138.50   121.50   138.50    +20.00   +16.88%
      26            31  3587      閎康                   12.50          0.00    -2.32%    249.50   261.00   245.50   257.50      246.50   250.00   242.50   243.00    -14.50    -5.63%
      27            14  7805      威聯通                  12.50          0.00    -2.32%    491.00   501.00   489.50   498.50      499.50   509.00   495.00   505.00     +6.50    +1.30%
      28            12  4973      廣穎                   13.50          0.00    -2.50%    141.00   141.00   138.00   138.00      145.00   149.00   145.00   149.00    +11.00    +7.97%
      29            32  7556      意德士                  27.00         12.50    -2.69%    275.50   300.00   275.50   300.00      303.00   303.00   287.50   290.00    -10.00    -3.33%
      30            12  3234      光環                   15.00          0.00    -2.78%    185.00   190.00   178.50   180.00      186.50   188.50   181.00   183.00     +3.00    +1.67%
      31            13  6147      頎邦                   15.00          0.00    -2.78%    227.50   228.00   215.50   216.00      230.00   236.50   222.00   226.00    +10.00    +4.63%
      32            26  6727      亞泰金屬                 15.00          0.00    -2.78%    520.00   545.00   513.00   531.00      525.00   534.00   517.00   530.00     -1.00    -0.19%
      33            25  6419      京晨科                  15.50          0.00    -2.87%    159.00   171.50   157.50   171.50      163.50   163.50   156.00   158.50    -13.00    -7.58%
      34            24  3362      先進光                  15.50          0.00    -2.87%    178.00   193.00   178.00   191.00      193.00   198.00   190.00   190.00     -1.00    -0.52%
      35            54  5432      新門                   31.00         15.50    -2.87%    170.00   179.00   164.50   178.00      194.50   195.50   179.50   179.50     +1.50    +0.84%
      36            23  6788      華景電                  16.50          0.00    -3.06%    367.00   389.50   360.00   376.50      375.00   390.00   364.50   375.50     -1.00    -0.27%
      37            11  6667      信紘科                  18.00          0.00    -3.34%    261.00   266.00   258.50   264.50      280.00   285.00   273.50   283.00    +18.50    +6.99%
      38            47  8358      金居                   51.00         33.00    -3.34%    534.00   570.00   526.00   570.00      540.00   542.00   533.00   535.00    -35.00    -6.14%
      39            10  4971      IET-KY               19.00          0.00    -3.52%    601.00   607.00   582.00   584.00      603.00   608.00   584.00   596.00    +12.00    +2.05%
      40            19  3498      陽程                   21.50          0.00    -3.99%    215.00   236.50   214.00   236.50      230.00   232.00   225.50   225.50    -11.00    -4.65%
==========================================================================================================================================================================
✅ 共 40 筆


══════════════════════════════════════════════════════════════════════════════════════════════════════════════
  🔄 第  2/3 次  2026/10/02 ～ 2026/10/07
══════════════════════════════════════════════════════════════════════════════════════════════════════════════

==========================================================================================================================================================================
📊 累計漲跌停強度排名 (2026/10/02 ~ 2026/10/07)
==========================================================================================================================================================================
    實資排名        累計天數排名  代號        名稱                 累計漲停(元)       累計跌停(元)       強度%  (10/02)開盤      最高      最低      收盤    (10/07)開盤      最高      最低      收盤      賺賠    賺賠率
--------------------------------------------------------------------------------------------------------------------------------------------------------------------------
       1             6  6223      旺矽                  640.00        140.00    49.04%   5055.00  5310.00  5055.00  5310.00     5590.00  5725.00  5480.00  5530.00   +220.00    +4.14%
       2            14  3081      聯亞                  560.00         80.00    47.08%   2780.00  2925.00  2735.00  2925.00     2990.00  3210.00  2990.00  3140.00   +215.00    +7.35%
       3            14  6187      萬潤                  260.00          0.00    25.50%   1290.00  1385.00  1290.00  1355.00     1545.00  1570.00  1510.00  1535.00   +180.00   +13.28%
       4            25  3491      昇達科                 230.00         10.00    21.58%   1480.00  1510.00  1475.00  1485.00     1745.00  1760.00  1680.00  1705.00   +220.00   +14.81%
       5            28  6274      台燿                  245.00         60.00    18.15%   1540.00  1685.00  1530.00  1620.00     1740.00  1835.00  1710.00  1720.00   +100.00    +6.17%
       6            42  6488      環球晶                 140.00         10.00    12.75%   1090.00  1190.00  1075.00  1190.00     1185.00  1240.00  1180.00  1215.00    +25.00    +2.10%
       7             8  5536      聖暉*                  91.00          0.00     8.93%    964.00   975.00   938.00   956.00     1000.00  1060.00   982.00  1045.00    +89.00    +9.31%
       8            13  7856      漢測                  275.00        195.00     7.85%   4330.00  4470.00  4160.00  4195.00     4150.00  4450.00  4150.00  4380.00   +185.00    +4.41%
       9            20  4971      IET-KY               72.00          0.00     7.06%    557.00   587.00   554.00   587.00      600.00   640.00   600.00   604.00    +17.00    +2.90%
      10            21  3131      弘塑                  150.00         80.00     6.87%   2390.00  2465.00  2390.00  2430.00     2560.00  2615.00  2450.00  2450.00    +20.00    +0.82%
      11            37  3163      波若威                  75.00         20.00     5.39%    667.00   716.00   667.00   713.00      700.00   724.00   700.00   702.00    -11.00    -1.54%
      12            40  3105      穩懋                   77.00         23.00     5.30%    574.00   591.00   572.00   591.00      589.00   613.00   582.00   588.00     -3.00    -0.51%
      13            64  4908      前鼎                   53.00          0.00     5.20%    210.00   224.50   210.00   224.50      239.00   254.00   238.00   254.00    +29.50   +13.14%
      14            24  3693      營邦                   53.00          0.00     5.20%    660.00   676.00   656.00   663.00      718.00   729.00   704.00   718.00    +55.00    +8.30%
      15            53  4760      勤凱                   60.00         13.50     4.56%    302.00   317.00   302.00   317.00      331.00   354.00   331.00   334.00    +17.00    +5.36%
      16            51  8358      金居                   65.00         19.00     4.51%    514.00   536.00   511.00   519.00      536.00   560.00   530.00   549.00    +30.00    +5.78%
      17            41  3363      上詮                   59.00         14.00     4.41%    656.00   680.00   652.00   671.00      656.00   693.00   656.00   679.00     +8.00    +1.19%
      18            30  3441      聯一光                  44.00          0.00     4.32%    210.00   222.50   207.00   211.00      260.00   280.50   247.50   249.00    +38.00   +18.01%
      19            44  6727      亞泰金屬                 43.00          0.00     4.22%    492.50   527.00   492.50   516.00      525.00   550.00   525.00   526.00    +10.00    +1.94%
      20            93  3374      精材                   52.00         11.00     4.02%    457.00   467.50   454.00   467.50      483.00   499.50   475.50   497.00    +29.50    +6.31%
      21            45  7717      萊德光電-KY              41.00          0.00     4.02%    553.00   581.00   550.00   561.00      605.00   626.00   600.00   602.00    +41.00    +7.31%
      22            58  4749      新應材                  49.00         10.00     3.83%    757.00   795.00   753.00   785.00      801.00   807.00   791.00   791.00     +6.00    +0.76%
      23            54  4991      環宇-KY                61.50         29.00     3.19%    509.00   534.00   498.50   534.00      525.00   552.00   516.00   518.00    -16.00    -3.00%
      24            38  5432      新門                   31.00          0.00     3.04%    159.00   166.50   159.00   164.50      195.50   215.00   195.00   195.00    +30.50   +18.54%
      25            48  6788      華景電                  30.00          0.00     2.94%    347.50   365.50   347.00   360.00      375.00   385.00   375.00   377.00    +17.00    +4.72%
      26            27  3265      台星科                  29.00          0.00     2.84%    185.00   193.00   183.00   188.00      217.00   217.00   217.00   217.00    +29.00   +15.43%
      27            46  3147      大綜                   27.50          0.00     2.70%    266.00   273.00   255.00   264.50      286.50   296.50   283.00   295.00    +30.50   +11.53%
      28            44  6716      應廣                   25.00          0.00     2.45%    118.00   121.50   115.00   121.00      153.00   160.00   142.50   153.50    +32.50   +26.86%
      29            60  7556      意德士                  37.50         12.50     2.45%    261.00   273.50   260.00   273.00      297.50   302.00   280.00   283.00    +10.00    +3.66%
      30            44  3234      光環                   24.50          0.00     2.40%    174.50   184.00   174.50   181.50      178.00   193.00   177.50   191.00     +9.50    +5.23%
      31             6  6811      宏碁資訊                 24.50          0.00     2.40%    244.00   244.00   239.00   240.00      270.00   273.00   266.50   273.00    +33.00   +13.75%
      32            49  4556      旭然                   23.00          0.00     2.26%    111.50   122.50   109.50   114.50      137.50   149.00   133.00   145.00    +30.50   +26.64%
      33            21  6983      華洋精機                 35.50         13.00     2.21%    355.00   355.00   349.00   355.00      405.00   425.00   382.00   382.00    +27.00    +7.61%
      34            74  4979      華星光                  52.00         30.00     2.16%    564.00   585.00   564.00   585.00      585.00   605.00   574.00   579.00     -6.00    -1.03%
      35            19  8091      翔名                   21.50          0.00     2.11%    216.50   237.00   216.50   237.00      230.00   234.00   227.00   233.50     -3.50    -1.48%
      36            19  3498      陽程                   21.50          0.00     2.11%    221.00   226.00   212.00   215.00      234.00   239.50   229.50   231.50    +16.50    +7.67%
      37            33  6510      精測                  105.00         85.00     1.96%   3000.00  3120.00  3000.00  3070.00     3060.00  3100.00  3015.00  3020.00    -50.00    -1.63%
      38            11  6667      信紘科                  18.00          0.00     1.77%    263.50   263.50   260.00   260.00      260.50   285.00   260.50   278.50    +18.50    +7.12%
      39            21  4772      台特化                  17.00          0.00     1.67%    272.00   290.50   271.50   281.50      279.00   281.50   276.00   277.00     -4.50    -1.60%
      40            25  6419      京晨科                  15.50          0.00     1.52%    157.50   160.00   156.00   156.00      168.50   173.00   165.00   165.00     +9.00    +5.77%
==========================================================================================================================================================================
✅ 共 40 筆


══════════════════════════════════════════════════════════════════════════════════════════════════════════════
  🔄 第  3/3 次  2026/10/01 ～ 2026/10/06
══════════════════════════════════════════════════════════════════════════════════════════════════════════════

==========================================================================================================================================================================
📊 累計漲跌停強度排名 (2026/10/01 ~ 2026/10/06)
==========================================================================================================================================================================
    實資排名        累計天數排名  代號        名稱                 累計漲停(元)       累計跌停(元)       強度%  (10/01)開盤      最高      最低      收盤    (10/06)開盤      最高      最低      收盤      賺賠    賺賠率
--------------------------------------------------------------------------------------------------------------------------------------------------------------------------
       1             6  6223      旺矽                  640.00         95.00    22.84%   5130.00  5185.00  4995.00  5030.00     5530.00  5725.00  5425.00  5670.00   +640.00   +12.72%
       2            32  6274      台燿                  260.00         25.00     9.85%   1530.00  1540.00  1500.00  1535.00     1775.00  1775.00  1680.00  1755.00   +220.00   +14.33%
       3             4  5274      信驊                  970.00        735.00     9.85%  18755.00 19330.00 18740.00 19040.00    19520.00 19895.00 18855.00 18985.00    -55.00    -0.29%
       4            22  6187      萬潤                  260.00         35.00     9.43%   1300.00  1325.00  1260.00  1275.00     1500.00  1590.00  1445.00  1535.00   +260.00   +20.39%
       5            20  3081      聯亞                  340.00        115.00     9.43%   2690.00  2720.00  2605.00  2660.00     3015.00  3055.00  2915.00  2920.00   +260.00    +9.77%
       6            27  3491      昇達科                 230.00         10.00     9.22%   1510.00  1510.00  1450.00  1490.00     1710.00  1755.00  1645.00  1715.00   +225.00   +15.10%
       7            25  6488      環球晶                 180.00         10.00     7.12%   1055.00  1135.00  1045.00  1085.00     1175.00  1260.00  1145.00  1205.00   +120.00   +11.06%
       8            47  6640      均華                  125.00         30.00     3.98%   1075.00  1140.00  1075.00  1110.00     1160.00  1175.00  1110.00  1135.00    +25.00    +2.25%
       9            26  7734      印能科技                160.00         70.00     3.77%   2705.00  2900.00  2680.00  2795.00     2790.00  2830.00  2755.00  2755.00    -40.00    -1.43%
      10            11  5536      聖暉*                  80.00          0.00     3.35%    929.00   970.00   919.00   959.00      955.00   994.00   950.00   994.00    +35.00    +3.65%
      11            62  4760      勤凱                   86.00         13.50     3.04%    267.00   288.50   267.00   288.50      335.00   356.00   320.00   335.00    +46.50   +16.12%
      12            42  3441      聯一光                  62.00          0.00     2.60%    189.00   202.50   189.00   202.50      238.00   255.00   238.00   255.00    +52.50   +25.93%
      13            74  8358      金居                   75.00         19.00     2.35%    500.00   521.00   500.00   505.00      577.00   578.00   548.00   551.00    +46.00    +9.11%
      14            40  3105      穩懋                   77.00         23.00     2.26%    546.00   546.00   529.00   538.00      615.00   623.00   588.00   592.00    +54.00   +10.04%
      15            10  4971      IET-KY               53.00          0.00     2.22%    538.00   549.00   527.00   534.00      588.00   620.00   581.00   585.00    +51.00    +9.55%
      16            56  3147      大綜                   51.50          0.00     2.16%    242.00   267.50   240.00   267.50      282.00   300.00   278.00   292.00    +24.50    +9.16%
      17            38  4749      新應材                  49.00          0.00     2.05%    777.00   786.00   756.00   757.00      810.00   810.00   793.00   801.00    +44.00    +5.81%
      18            44  6727      亞泰金屬                 43.00          0.00     1.80%    488.00   496.50   481.50   488.00      537.00   558.00   522.00   528.00    +40.00    +8.20%
      19            22  3163      波若威                  62.00         20.00     1.76%    653.00   676.00   647.00   651.00      711.00   718.00   688.00   689.00    +38.00    +5.84%
      20            44  7556      意德士                  37.50          0.00     1.57%    268.00   268.00   261.00   262.50      309.00   314.00   288.00   295.50    +33.00   +12.57%
      21             6  6983      華洋精機                 35.50          0.00     1.49%    351.50   364.00   350.00   353.00      375.50   395.00   360.50   395.00    +42.00   +11.90%
      22            70  4556      旭然                   33.00          0.00     1.38%    108.00   111.50    98.30   111.50      124.50   138.00   123.50   137.50    +26.00   +23.32%
      23            70  3374      精材                   42.50         11.00     1.32%    457.00   457.00   450.00   456.00      517.00   530.00   481.00   487.50    +31.50    +6.91%
      24            38  5432      新門                   31.00          0.00     1.30%    160.50   165.50   158.00   158.50      192.00   195.50   185.50   195.50    +37.00   +23.34%
      25            56  4908      前鼎                   30.00          0.00     1.26%    208.00   209.00   204.00   204.50      236.50   237.00   225.00   231.00    +26.50   +12.96%
      26            35  3693      營邦                   53.00         23.00     1.26%    688.00   691.00   643.00   664.00      697.00   729.00   681.00   716.00    +52.00    +7.83%
      27            48  6788      華景電                  30.00          0.00     1.26%    351.00   353.00   344.50   346.50      376.50   380.00   367.50   370.50    +24.00    +6.93%
      28            42  7792      安葆                   26.50          0.00     1.11%    416.00   430.50   410.00   421.00      450.00   461.50   438.50   451.50    +30.50    +7.24%
      29            44  6716      應廣                   25.00          0.00     1.05%    114.50   117.50   113.00   117.50      145.00   146.00   139.50   146.00    +28.50   +24.26%
      30            19  8091      翔名                   21.50          0.00     0.90%    217.00   217.00   214.00   215.50      240.00   245.00   232.00   232.00    +16.50    +7.66%
      31            54  6584      南俊國際                 20.00          0.00     0.84%    540.00   542.00   529.00   531.00      538.00   560.00   533.00   551.00    +20.00    +3.77%
      32            11  3455      由田                   20.00          0.00     0.84%    266.00   292.00   258.00   287.00      284.00   284.00   276.00   277.50     -9.50    -3.31%
      33            38  4991      環宇-KY                48.50         29.00     0.82%    485.00   491.50   479.50   485.50      528.00   535.00   503.00   505.00    +19.50    +4.02%
      34            21  4772      台特化                  17.00          0.00     0.71%    270.00   275.00   263.00   264.50      278.00   279.00   274.00   276.00    +11.50    +4.35%
      35            36  3363      上詮                   30.00         14.00     0.67%    647.00   655.00   641.00   641.00      666.00   679.00   645.00   650.00     +9.00    +1.40%
      36            13  6147      頎邦                   16.00          0.00     0.67%    212.00   227.00   212.00   225.50      218.50   220.00   211.00   216.50     -9.00    -3.99%
      37            25  6419      京晨科                  15.50          0.00     0.65%    156.00   156.00   153.00   155.00      170.00   170.00   164.00   168.50    +13.50    +8.71%
      38            24  3362      先進光                  15.50          0.00     0.65%    172.00   178.50   172.00   175.50      191.50   202.00   188.00   188.50    +13.00    +7.41%
      39            72  6435      大中                   25.00         11.50     0.57%    253.00   262.00   253.00   262.00      271.00   272.00   264.00   265.00     +3.00    +1.15%
      40            17  3624      光頡                   13.50          0.00     0.57%    138.00   151.00   138.00   151.00      147.50   153.00   144.00   145.00     -6.00    -3.97%
==========================================================================================================================================================================
✅ 共 40 筆
