
██████████████████████████████████████████████████████████████████████████████████████████████████████████████
  📅 天數組合: 10 日  →  輸出檔: q14_10.txt
██████████████████████████████████████████████████████████████████████████████████████████████████████████████

🔁 共執行 10 次，每次區間長度 11 個交易日

══════════════════════════════════════════════════════════════════════════════════════════════════════════════
  🔄 第  1/10 次  2026/09/22 ～ 2026/10/08
══════════════════════════════════════════════════════════════════════════════════════════════════════════════

==========================================================================================================================================================================
📊 ROI 每日報酬率累計排名 (2026/09/22 ~ 2026/10/08)
==========================================================================================================================================================================
    實資排名          累計天數排名  代號        名稱                 累計漲停(元)       累計跌停(元)       強度%  (09/22)開盤      最高      最低      收盤    (10/08)開盤      最高      最低      收盤      賺賠    賺賠率
--------------------------------------------------------------------------------------------------------------------------------------------------------------------------
       1              21  4174      浩鼎                    0.00          0.00   100.00%     29.90    31.05    29.00    29.65       52.00    54.00    50.00    53.70    +24.05   +81.11%
       2              18  6708      天擎                    0.00          0.00    99.04%     40.00    40.00    38.80    38.90       69.50    69.90    67.20    69.20    +30.30   +77.89%
       3               1  5205      中茂                    0.00          0.00    98.21%     17.25    17.25    17.25    17.25       33.30    33.30    33.20    33.30    +16.05   +93.04%
       4              24  4556      旭然                   33.00          0.00    95.93%     87.30    89.60    84.30    85.10      142.50   145.00   133.00   145.00    +59.90   +70.39%
       5              38  5013      強新                    0.00          0.00    93.97%     33.30    35.20    31.80    32.30       52.70    53.90    50.70    53.00    +20.70   +64.09%
       6              42  5228      鈺鎧                    0.00          0.00    89.73%     40.70    41.30    39.30    39.60       61.00    61.30    57.30    61.30    +21.70   +54.80%
       7              62  3597      映興                    0.00          0.00    87.48%     26.50    27.45    26.50    27.05       40.40    40.40    40.40    40.40    +13.35   +49.35%
       8              25  6174      安碁                    0.00          0.00    86.37%     44.60    45.05    43.90    43.90       58.20    64.00    58.00    64.00    +20.10   +45.79%
       9             143  3624      光頡                   55.50          0.00    84.96%    133.50   136.00   122.00   122.00      165.50   175.00   161.50   175.00    +53.00   +43.44%
      10              93  4760      勤凱                  119.00         13.50    83.26%    270.50   276.00   263.00   263.00      337.50   367.00   334.00   367.00   +104.00   +39.54%
      11              51  8086      宏捷科                  26.50          0.00    83.09%    111.00   112.00   110.00   110.00      142.50   154.00   140.00   154.00    +44.00   +40.00%
      12              98  3441      聯一光                  62.00          0.00    82.23%    175.50   181.50   172.50   181.00      245.00   249.50   236.50   249.50    +68.50   +37.85%
      13              30  8289      泰藝                    0.00          0.00    82.10%     45.25    45.25    43.95    44.30       55.00    60.90    54.40    60.90    +16.60   +37.47%
      14              61  3564      其陽                    0.00          0.00    81.60%     50.90    50.90    49.00    49.00       61.20    66.90    59.70    66.90    +17.90   +36.53%
      15              43  3236      千如                    0.00          0.00    81.54%     43.75    46.50    43.10    43.10       55.40    61.50    54.60    58.90    +15.80   +36.66%
      16              91  6127      九豪                    0.00          0.00    79.88%     49.80    50.20    48.05    48.15       58.50    64.10    58.50    64.10    +15.95   +33.13%
      17              55  4706      大恭                    0.00          0.00    79.79%     34.00    34.00    33.80    33.80       47.45    47.45    44.20    45.00    +11.20   +33.14%
      18              40  3147      大綜                   64.50          0.00    79.49%    238.00   239.00   231.50   232.00      290.00   318.00   289.50   308.00    +76.00   +32.76%
      19              39  5309      系統電                   0.00          0.00    78.59%     52.80    53.10    51.80    51.80       69.00    69.90    66.40    67.80    +16.00   +30.89%
      20             163  6207      雷科                   37.00          0.00    76.96%    119.00   120.00   114.00   115.50      145.50   148.50   142.00   146.00    +30.50   +26.41%
      21             240  6925      意藍                    0.00          0.00    76.91%     58.30    58.30    56.10    56.40       70.00    75.50    69.90    71.30    +14.90   +26.42%
      22              88  3265      台星科                  50.50          9.50    76.40%    182.50   198.00   181.50   189.50      238.50   238.50   238.50   238.50    +49.00   +25.86%
      23             326  6187      萬潤                  375.00         65.00    76.19%   1260.00  1270.00  1215.00  1215.00     1500.00  1595.00  1490.00  1525.00   +310.00   +25.51%
      24             113  5011      久陽                    0.00          0.00    76.11%     18.25    18.80    17.90    17.90       22.50    23.00    21.70    22.45     +4.55   +25.42%
      25              47  2221      大甲                   33.50         18.50    76.04%    152.00   154.00   147.50   154.00      188.50   195.00   188.50   192.00    +38.00   +24.68%
      26             192  8042      金山電                  12.50          0.00    75.44%    116.50   117.00   111.50   111.50      125.00   138.50   121.50   138.50    +27.00   +24.22%
      27             597  8121      越峰                    0.00          0.00    75.19%     27.90    28.20    27.70    27.95       33.50    35.30    32.55    34.40     +6.45   +23.08%
      28              36  3707      漢磊                    0.00          0.00    75.02%     67.00    69.50    66.00    69.50       88.20    90.40    85.10    85.90    +16.40   +23.60%
      29             129  2061      風青                    0.00          0.00    74.52%     54.10    55.40    53.60    55.10       68.40    68.80    66.00    67.30    +12.20   +22.14%
      30              69  3268      海德威                   0.00          0.00    74.25%     20.40    20.60    19.95    19.95       24.20    24.70    24.00    24.40     +4.45   +22.31%
      31              72  5460      同協                    0.00          0.00    74.21%     17.15    17.20    16.85    17.00       19.05    21.15    18.20    20.75     +3.75   +22.06%
      32             211  7723      築間                    0.00          0.00    74.04%     18.45    18.45    18.30    18.35       21.80    22.75    20.80    22.30     +3.95   +21.53%
      33             538  3114      好德                    0.00          0.00    73.93%     31.95    32.00    31.50    31.90       39.55    39.55    38.20    38.35     +6.45   +20.22%
      34             324  8111      立碁                    0.00          0.00    73.89%     81.50    82.90    76.10    77.50       93.00    97.20    92.60    93.70    +16.20   +20.90%
      35              13  6199      天品                    0.00          0.00    73.80%    115.00   118.50   114.50   116.50      140.00   142.50   138.50   142.00    +25.50   +21.89%
      36             225  6461      益得                    0.00          0.00    73.71%     24.75    24.75    24.15    24.15       29.80    29.80    28.80    29.20     +5.05   +20.91%
      37             309  3219      倚強科                  33.50         10.50    73.70%    104.50   108.50    99.70   108.50      130.00   143.00   130.00   130.00    +21.50   +19.82%
      38              77  6274      台燿                  370.00         70.00    73.54%   1480.00  1510.00  1395.00  1440.00     1705.00  1750.00  1645.00  1740.00   +300.00   +20.83%
      39             257  4171      瑞基                    0.00          0.00    73.52%     16.60    16.60    16.45    16.45       19.05    20.20    18.40    19.85     +3.40   +20.67%
      40             140  3290      東浦                    0.00          0.00    73.18%     46.70    47.25    45.75    46.60       52.10    55.80    51.30    55.80     +9.20   +19.74%
==========================================================================================================================================================================
✅ 共 40 筆


══════════════════════════════════════════════════════════════════════════════════════════════════════════════
  🔄 第  2/10 次  2026/09/21 ～ 2026/10/07
══════════════════════════════════════════════════════════════════════════════════════════════════════════════

==========================================================================================================================================================================
📊 ROI 每日報酬率累計排名 (2026/09/21 ~ 2026/10/07)
==========================================================================================================================================================================
    實資排名          累計天數排名  代號        名稱                 累計漲停(元)       累計跌停(元)       強度%  (09/21)開盤      最高      最低      收盤    (10/07)開盤      最高      最低      收盤      賺賠    賺賠率
--------------------------------------------------------------------------------------------------------------------------------------------------------------------------
       1              32  6708      天擎                    0.00          0.00   100.00%     39.65    39.95    38.40    39.40       71.80    71.80    67.10    68.50    +29.10   +73.86%
       2              39  4174      浩鼎                    0.00          0.00    99.96%     27.75    29.90    27.70    29.90       50.80    54.30    50.80    52.10    +22.20   +74.25%
       3              38  4556      旭然                   33.00          0.00    96.44%     84.00    91.50    83.20    87.30      137.50   149.00   133.00   145.00    +57.70   +66.09%
       4              33  5013      強新                    0.00          0.00    96.04%     29.45    32.10    29.45    32.10       52.70    52.70    50.50    52.70    +20.60   +64.17%
       5               5  5205      中茂                    0.00          0.00    93.72%     17.30    17.80    17.30    17.30       30.30    30.30    30.30    30.30    +13.00   +75.14%
       6              15  3707      漢磊                    0.00          0.00    84.81%     63.30    64.10    62.50    63.40       85.20    91.50    84.10    89.90    +26.50   +41.80%
       7              75  3441      聯一光                  62.00          0.00    84.35%    190.00   190.00   175.00   177.50      260.00   280.50   247.50   249.00    +71.50   +40.28%
       8              68  3597      映興                    0.00          0.00    83.95%     26.30    26.75    26.30    26.35       36.75    36.75    36.75    36.75    +10.40   +39.47%
       9             103  5228      鈺鎧                    0.00          0.00    83.07%     41.35    41.75    40.50    40.55       55.80    55.80    55.80    55.80    +15.25   +37.61%
      10              37  2221      大甲                   47.50         18.50    82.26%    136.00   140.00   136.00   140.00      187.50   195.00   185.00   189.50    +49.50   +35.36%
      11             179  3219      倚強科                  43.30         10.50    80.54%     96.00    98.70    94.10    98.70      145.50   150.00   130.00   130.00    +31.30   +31.71%
      12              56  6174      安碁                    0.00          0.00    80.30%     45.20    46.70    44.30    44.30       53.00    59.80    52.70    58.20    +13.90   +31.38%
      13             104  6716      應廣                   25.00          0.00    80.11%    121.00   122.50   116.00   116.00      153.00   160.00   142.50   153.50    +37.50   +32.33%
      14              85  6488      環球晶                 320.00         31.00    79.13%    951.00   954.00   925.00   931.00     1185.00  1240.00  1180.00  1215.00   +284.00   +30.50%
      15              88  8227      巨有科技                 81.50          0.00    78.59%    282.00   287.50   271.50   287.50      373.00   374.00   365.00   372.00    +84.50   +29.39%
      16              92  3236      千如                    0.00          0.00    78.26%     43.60    44.30    43.50    43.65       52.60    57.80    52.60    56.20    +12.55   +28.75%
      17              58  5309      系統電                   0.00          0.00    78.16%     51.90    52.40    51.20    52.10       67.80    68.60    66.10    67.20    +15.10   +28.98%
      18              66  8086      宏捷科                  12.50          0.00    77.60%    111.50   111.50   109.50   109.50      129.00   140.00   127.50   140.00    +30.50   +27.85%
      19             101  4706      大恭                    0.00          0.00    77.26%     35.90    35.90    33.90    33.95       41.00    43.15    38.30    43.15     +9.20   +27.10%
      20             175  6207      雷科                   37.00          0.00    77.19%    120.00   124.00   116.00   117.00      142.00   150.50   142.00   147.50    +30.50   +26.07%
      21              62  2061      風青                    0.00          0.00    77.18%     52.00    55.50    52.00    54.00       66.10    69.70    65.70    68.40    +14.40   +26.67%
      22             199  4760      勤凱                   86.00         13.50    76.79%    266.50   273.00   264.00   266.00      331.00   354.00   331.00   334.00    +68.00   +25.56%
      23             355  8121      越峰                    0.00          0.00    76.53%     27.90    27.95    27.30    27.70       32.10    35.00    31.80    34.65     +6.95   +25.09%
      24              43  8289      泰藝                    0.00          0.00    76.33%     46.00    47.40    44.25    44.25       55.00    56.30    53.60    55.40    +11.15   +25.20%
      25             116  5011      久陽                    0.00          0.00    76.29%     18.10    18.20    18.00    18.10       21.40    23.80    21.40    22.65     +4.55   +25.14%
      26             330  3114      好德                    0.00          0.00    76.00%     31.20    31.95    30.90    31.95       40.85    41.45    39.10    39.55     +7.60   +23.79%
      27             388  6187      萬潤                  375.00         75.00    75.87%   1260.00  1265.00  1200.00  1235.00     1545.00  1570.00  1510.00  1535.00   +300.00   +24.29%
      28             438  6925      意藍                    0.00          0.00    75.57%     58.70    58.90    57.50    57.80       70.80    72.10    69.60    71.20    +13.40   +23.18%
      29              93  3147      大綜                   51.50          0.00    75.43%    240.50   244.50   236.50   238.00      286.50   296.50   283.00   295.00    +57.00   +23.95%
      30             297  3317      尼克森                   0.00          0.00    74.89%     56.50    56.50    55.70    56.20       67.50    69.90    66.20    68.70    +12.50   +22.24%
      31             206  3675      德微                   83.00         24.50    74.67%    296.50   303.00   287.50   294.50      339.00   363.00   338.00   359.50    +65.00   +22.07%
      32              69  3268      海德威                   0.00          0.00    74.64%     18.80    20.00    18.60    19.80       24.35    24.50    23.30    24.30     +4.50   +22.73%
      33             255  7547      碩網                    0.00          0.00    74.17%     50.00    50.80    49.80    50.70       61.30    62.40    61.30    61.50    +10.80   +21.30%
      34             312  5432      新門                   41.00          0.00    74.17%    171.50   171.50   161.00   161.00      195.50   215.00   195.00   195.00    +34.00   +21.12%
      35             450  3624      光頡                   40.00         10.50    74.14%    130.00   138.00   129.00   132.50      153.00   159.50   153.00   159.50    +27.00   +20.38%
      36             197  8437      大地-KY                 0.00          0.00    73.98%      8.98     9.17     8.98     9.12       11.75    11.75    11.00    11.00     +1.88   +20.61%
      37              16  6199      天品                    0.00          0.00    73.88%    112.50   118.50   105.50   114.50      135.50   139.50   134.50   139.50    +25.00   +21.83%
      38             154  3564      其陽                    0.00          0.00    73.87%     49.85    52.10    49.00    50.40       62.70    62.80    58.60    60.90    +10.50   +20.83%
      39             147  4905      台聯電                   0.00          0.00    73.65%     79.80    79.80    76.90    77.20       91.20    98.30    91.20    92.80    +15.60   +20.21%
      40              67  5483      中美晶                  28.50         10.50    73.40%    189.00   191.50   186.00   186.50      214.00   227.00   214.00   224.00    +37.50   +20.11%
==========================================================================================================================================================================
✅ 共 40 筆


══════════════════════════════════════════════════════════════════════════════════════════════════════════════
  🔄 第  3/10 次  2026/09/18 ～ 2026/10/06
══════════════════════════════════════════════════════════════════════════════════════════════════════════════

==========================================================================================================================================================================
📊 ROI 每日報酬率累計排名 (2026/09/18 ~ 2026/10/06)
==========================================================================================================================================================================
    實資排名          累計天數排名  代號        名稱                 累計漲停(元)       累計跌停(元)       強度%  (09/18)開盤      最高      最低      收盤    (10/06)開盤      最高      最低      收盤      賺賠    賺賠率
--------------------------------------------------------------------------------------------------------------------------------------------------------------------------
       1              34  4174      浩鼎                    0.00          0.00   100.00%     27.55    29.30    27.20    27.20       46.15    50.80    45.85    50.80    +23.60   +86.76%
       2              26  6708      天擎                    0.00          0.00    98.63%     39.85    39.95    38.50    39.70       75.40    75.40    69.50    72.90    +33.20   +83.63%
       3              38  4556      旭然                   33.00          0.00    91.13%     84.40    88.30    82.60    83.20      124.50   138.00   123.50   137.50    +54.30   +65.26%
       4              32  5013      強新                    0.00          0.00    91.10%     29.20    29.40    29.20    29.20       56.40    56.40    46.35    47.95    +18.75   +64.21%
       5              66  3219      倚強科                  43.30          0.00    87.41%     83.30    89.80    82.70    89.80      131.50   140.50   130.00   140.50    +50.70   +56.46%
       6              33  2221      大甲                   60.00         18.50    82.70%    124.00   127.50   119.00   127.50      186.50   188.00   180.00   186.00    +58.50   +45.88%
       7               5  5205      中茂                    0.00          0.00    81.99%        --       --       --       --       27.55    27.55    27.55    27.55        --        --
       8              73  3441      聯一光                  62.00          0.00    78.08%    185.00   187.00   177.00   185.50      238.00   255.00   238.00   255.00    +69.50   +37.47%
       9              18  3707      漢磊                    0.00          0.00    77.33%     62.60    63.30    62.00    62.90       87.20    87.50    83.10    86.00    +23.10   +36.72%
      10              45  7792      安葆                  118.00         19.50    75.68%    320.00   344.00   320.00   339.00      450.00   461.50   438.50   451.50   +112.50   +33.19%
      11              65  8227      巨有科技                 81.50          0.00    75.35%    263.00   279.00   252.00   279.00      366.00   377.00   350.00   370.00    +91.00   +32.62%
      12             127  3114      好德                    0.00          0.00    74.98%     30.60    31.25    30.60    31.15       47.95    47.95    40.00    40.85     +9.70   +31.14%
      13              54  3268      海德威                   0.00          0.00    74.06%     18.10    18.70    18.10    18.50       23.50    24.75    23.40    24.15     +5.65   +30.54%
      14              39  5309      系統電                   0.00          0.00    74.02%     51.10    51.50    50.60    51.50       67.10    67.60    63.90    67.20    +15.70   +30.49%
      15             102  8437      大地-KY                 0.00          0.00    73.26%      9.00     9.28     8.94     9.10       11.00    12.10    10.85    11.70     +2.60   +28.57%
      16              35  6274      台燿                  415.00         35.00    72.72%   1365.00  1395.00  1335.00  1370.00     1775.00  1775.00  1680.00  1755.00   +385.00   +28.10%
      17             153  6488      環球晶                 310.00         44.00    72.70%    925.00   960.00   901.00   944.00     1175.00  1260.00  1145.00  1205.00   +261.00   +27.65%
      18              89  3597      映興                    0.00          0.00    72.57%     26.25    26.25    26.20    26.25       33.45    33.45    33.45    33.45     +7.20   +27.43%
      19             151  4760      勤凱                   86.00         13.50    72.19%    261.00   266.00   260.00   265.50      335.00   356.00   320.00   335.00    +69.50   +26.18%
      20             136  5228      鈺鎧                    0.00          0.00    71.79%     39.70    40.80    39.40    40.35       48.70    52.20    48.15    50.80    +10.45   +25.90%
      21              50  1569      濱川                    0.00          0.00    71.71%     52.00    57.00    52.00    55.50       70.00    72.30    68.60    70.00    +14.50   +26.13%
      22              63  2061      風青                    0.00          0.00    71.32%     52.90    54.00    51.90    52.40       65.00    67.50    64.50    65.50    +13.10   +25.00%
      23             208  6207      雷科                   37.00          0.00    71.24%    114.00   115.50   111.50   115.50      153.00   153.00   143.50   143.50    +28.00   +24.24%
      24              96  5465      富驊                    0.00          0.00    70.46%     26.60    26.70    26.60    26.70       32.70    33.15    32.20    32.95     +6.25   +23.41%
      25             155  4542      科嶠                   90.00         36.00    70.39%    291.00   298.00   275.00   275.00      348.50   352.00   335.00   338.00    +63.00   +22.91%
      26             239  3317      尼克森                   0.00          0.00    70.25%     55.90    56.20    55.20    56.20       70.00    73.20    67.80    69.00    +12.80   +22.78%
      27             130  4716      大立                    0.00          0.00    70.20%     17.10    17.15    16.70    17.00       20.95    20.95    20.95    20.95     +3.95   +23.24%
      28             497  6187      萬潤                  375.00         90.00    70.12%   1240.00  1255.00  1230.00  1250.00     1500.00  1590.00  1445.00  1535.00   +285.00   +22.80%
      29              57  8289      泰藝                    0.00          0.00    70.10%     43.20    44.25    43.20    44.20       56.80    57.20    53.60    54.30    +10.10   +22.85%
      30             228  7547      碩網                    0.00          0.00    69.93%     49.50    49.95    49.35    49.95       63.40    64.00    61.20    61.20    +11.25   +22.52%
      31             220  5432      新門                   41.00          0.00    69.84%    146.50   160.00   146.50   160.00      192.00   195.50   185.50   195.50    +35.50   +22.19%
      32             117  6174      安碁                    0.00          0.00    69.77%     44.45    44.95    44.35    44.95       58.50    58.50    54.50    54.50     +9.55   +21.25%
      33             278  6716      應廣                   25.00          0.00    69.70%    120.00   121.00   117.50   119.50      145.00   146.00   139.50   146.00    +26.50   +22.18%
      34             156  3564      其陽                    0.00          0.00    69.24%     49.05    51.00    48.05    49.85       60.40    61.60    56.40    60.50    +10.65   +21.36%
      35             106  3236      千如                    0.00          0.00    69.15%     43.50    43.90    42.90    43.35       53.00    54.40    51.50    52.60     +9.25   +21.34%
      36             529  3498      陽程                   67.00          9.50    68.91%    185.50   200.00   183.00   195.00      248.50   257.00   230.50   234.50    +39.50   +20.26%
      37             111  5310      天剛                    0.00          0.00    68.55%     25.00    25.00    24.80    24.80       29.60    31.60    29.00    29.80     +5.00   +20.16%
      38             551  6925      意藍                    0.00          0.00    68.55%     56.80    62.30    56.80    59.90       69.20    75.50    68.20    71.50    +11.60   +19.37%
      39             185  3147      大綜                   51.50          0.00    68.55%    234.50   244.00   234.00   242.50      282.00   300.00   278.00   292.00    +49.50   +20.41%
      40             592  6485      點序                    0.00          0.00    68.52%     60.50    65.30    60.10    65.30       79.00    80.80    76.00    77.90    +12.60   +19.30%
==========================================================================================================================================================================
✅ 共 40 筆


══════════════════════════════════════════════════════════════════════════════════════════════════════════════
  🔄 第  4/10 次  2026/09/17 ～ 2026/10/05
══════════════════════════════════════════════════════════════════════════════════════════════════════════════

==========================================================================================================================================================================
📊 ROI 每日報酬率累計排名 (2026/09/17 ~ 2026/10/05)
==========================================================================================================================================================================
    實資排名          累計天數排名  代號        名稱                 累計漲停(元)       累計跌停(元)       強度%  (09/17)開盤      最高      最低      收盤    (10/05)開盤      最高      最低      收盤      賺賠    賺賠率
--------------------------------------------------------------------------------------------------------------------------------------------------------------------------
       1              38  6708      天擎                    0.00          0.00   100.00%     37.15    40.00    37.15    39.15       68.60    68.60    68.50    68.60    +29.45   +75.22%
       2              35  5013      強新                    0.00          0.00    98.97%     29.80    30.20    29.50    29.80       51.50    51.50    51.50    51.50    +21.70   +72.82%
       3              97  4174      浩鼎                    0.00          0.00    96.12%     26.95    28.35    26.80    27.75       45.00    46.20    43.10    46.20    +18.45   +66.49%
       4              28  2221      大甲                   71.50         18.50    93.34%    110.50   116.00   108.00   116.00      189.00   191.00   181.00   186.00    +70.00   +60.34%
       5              72  3219      倚強科                  30.80          0.00    91.16%     82.60    84.60    81.30    81.70      129.00   131.00   125.50   128.00    +46.30   +56.67%
       6              66  4556      旭然                   21.00          0.00    88.28%     81.50    85.00    80.60    82.80      117.00   125.50   114.50   125.50    +42.70   +51.57%
       7              60  3114      好德                    0.00          0.00    83.85%     30.35    30.70    30.15    30.35       42.70    43.60    42.05    43.60    +13.25   +43.66%
       8              62  8227      巨有科技                102.50          0.00    82.82%    273.00   281.00   258.00   258.00      372.00   372.00   361.50   366.00   +108.00   +41.86%
       9              42  7792      安葆                  131.00         19.50    81.88%    314.00   321.00   310.50   313.00      425.00   440.00   425.00   438.50   +125.50   +40.10%
      10              54  6174      安碁                    0.00          0.00    80.55%     44.45    45.75    43.85    43.90       60.50    60.50    60.50    60.50    +16.60   +37.81%
      11              22  3707      漢磊                    0.00          0.00    80.26%     63.30    65.70    61.90    61.90       87.80    91.70    84.80    85.30    +23.40   +37.80%
      12              70  4760      勤凱                   86.00          0.00    79.50%    261.00   264.50   256.00   256.50      348.50   348.50   348.50   348.50    +92.00   +35.87%
      13              91  5465      富驊                    0.00          0.00    78.87%     24.05    24.50    24.05    24.30       33.70    33.70    32.20    32.70     +8.40   +34.57%
      14              21  6274      台燿                  465.00         10.00    78.42%   1445.00  1460.00  1275.00  1320.00     1695.00  1780.00  1680.00  1780.00   +460.00   +34.85%
      15             100  6207      雷科                   37.00          0.00    78.41%    110.00   117.50   110.00   113.50      150.50   152.50   145.50   152.00    +38.50   +33.92%
      16             291  6485      點序                    0.00          0.00    78.38%     60.80    61.50    59.40    59.40       83.30    83.30    78.00    79.00    +19.60   +33.00%
      17              29  8289      泰藝                    0.00          0.00    77.42%     42.60    44.25    42.60    43.05       57.90    61.70    56.90    57.20    +14.15   +32.87%
      18               5  5205      中茂                    0.00          0.00    77.26%        --       --       --       --       23.50    25.05    23.00    25.05        --        --
      19              40  5309      系統電                   0.00          0.00    77.15%     51.20    51.20    50.50    50.60       67.00    69.00    65.20    67.10    +16.50   +32.61%
      20              49  1569      濱川                    0.00          0.00    76.78%     51.00    53.00    50.40    52.00       68.70    71.00    67.50    68.50    +16.50   +31.73%
      21             132  3105      穩懋                  165.50          9.50    76.25%    482.00   507.00   469.00   471.00      614.00   630.00   604.00   615.00   +144.00   +30.57%
      22             114  3317      尼克森                   0.00          0.00    76.17%     56.10    56.20    55.10    55.10       67.50    71.80    67.30    71.80    +16.70   +30.31%
      23             175  6488      環球晶                 317.00         44.00    75.48%    942.00   977.00   906.00   912.00     1220.00  1235.00  1175.00  1180.00   +268.00   +29.39%
      24             298  3498      陽程                   77.50          9.50    75.14%    192.50   193.00   180.00   184.50      215.00   236.50   214.00   236.50    +52.00   +28.18%
      25             164  4542      科嶠                   90.00         16.00    75.12%    258.00   278.50   257.50   278.50      348.00   365.00   340.00   358.00    +79.50   +28.55%
      26             194  8111      立碁                    0.00          0.00    75.09%     73.90    74.80    72.00    73.50       90.40    94.30    86.50    94.30    +20.80   +28.30%
      27              15  2724      藝舍-KY                 0.00          0.00    74.80%     10.40    10.75    10.40    10.75       12.45    12.45    12.45    12.45     +1.70   +15.81%
      28             147  7547      碩網                    0.00          0.00    74.68%     50.20    50.20    49.70    49.70       64.80    65.00    63.10    63.70    +14.00   +28.17%
      29              59  4903      聯光通                   0.00          0.00    74.65%     34.50    34.90    34.20    34.20       46.00    46.20    43.35    43.80     +9.60   +28.07%
      30              82  3564      其陽                    0.00          0.00    74.62%     48.20    49.15    47.60    48.20       61.70    61.70    61.70    61.70    +13.50   +28.01%
      31             111  6877      鏵友益                  26.00          0.00    74.21%    115.00   117.00   114.50   114.50      153.50   153.50   140.00   145.50    +31.00   +27.07%
      32              64  3268      海德威                   0.00          0.00    74.15%     17.40    18.10    17.15    18.10       21.90    23.75    21.90    23.10     +5.00   +27.62%
      33              17  6199      天品                    0.00          0.00    73.63%    102.50   106.00   101.00   105.00      132.50   134.00   130.00   133.50    +28.50   +27.14%
      34             163  6432      今展科                   0.00          0.00    73.26%     53.10    53.70    52.60    53.50       67.80    68.50    65.80    67.10    +13.60   +25.42%
      35              74  3236      千如                    0.00          0.00    72.77%     43.65    44.70    42.75    42.75       54.00    57.70    52.50    53.50    +10.75   +25.15%
      36             102  2061      風青                    0.00          0.00    72.50%     52.50    56.00    51.90    52.40       69.30    71.80    63.60    65.20    +12.80   +24.43%
      37             143  5011      久陽                    0.00          0.00    72.30%     18.30    18.30    18.05    18.05       21.60    22.45    21.60    22.45     +4.40   +24.38%
      38             295  3624      光頡                   25.50         10.50    72.22%    124.50   130.00   115.00   118.00      151.00   154.50   145.50   145.50    +27.50   +23.31%
      39             508  6187      萬潤                  370.00         90.00    71.72%   1250.00  1270.00  1210.00  1210.00     1400.00  1490.00  1390.00  1490.00   +280.00   +23.14%
      40             156  3615      安可                    0.00          0.00    71.53%     34.55    37.50    34.55    36.20       45.40    45.80    43.85    44.45     +8.25   +22.79%
==========================================================================================================================================================================
✅ 共 40 筆


══════════════════════════════════════════════════════════════════════════════════════════════════════════════
  🔄 第  5/10 次  2026/09/16 ～ 2026/10/02
══════════════════════════════════════════════════════════════════════════════════════════════════════════════

==========================================================================================================================================================================
📊 ROI 每日報酬率累計排名 (2026/09/16 ~ 2026/10/02)
==========================================================================================================================================================================
    實資排名          累計天數排名  代號        名稱                 累計漲停(元)       累計跌停(元)       強度%  (09/16)開盤      最高      最低      收盤    (10/02)開盤      最高      最低      收盤      賺賠    賺賠率
--------------------------------------------------------------------------------------------------------------------------------------------------------------------------
       1              14  2221      大甲                   82.00         18.50   100.00%     96.10   105.50    95.60   105.50      182.00   188.00   177.50   188.00    +82.50   +78.20%
       2              35  6708      天擎                    0.00          0.00    94.48%     38.10    38.10    37.10    37.10       62.00    62.40    59.90    62.40    +25.30   +68.19%
       3             101  4174      浩鼎                    0.00          0.00    89.15%     26.60    26.65    25.85    26.65       45.60    45.60    40.10    42.00    +15.35   +57.60%
       4              58  5013      強新                    0.00          0.00    88.88%     30.00    30.00    29.50    29.80       46.85    46.85    46.85    46.85    +17.05   +57.21%
       5              94  3219      倚強科                  30.80          0.00    88.20%     83.50    84.50    82.30    82.50      132.50   132.50   126.50   128.50    +46.00   +55.76%
       6              70  4556      旭然                   10.00          0.00    79.15%     85.00    87.50    80.40    81.40      111.50   122.50   109.50   114.50    +33.10   +40.66%
       7              65  7772      耀穎                   55.00         14.50    79.09%    135.00   135.00   129.50   133.00      183.00   188.50   183.00   186.00    +53.00   +39.85%
       8             246  6485      點序                    0.00          0.00    79.00%     58.90    59.80    58.50    59.80       85.10    86.20    80.00    83.60    +23.80   +39.80%
       9              54  5465      富驊                    0.00          0.00    77.08%     24.20    24.20    23.55    24.15       33.85    33.85    32.85    33.10     +8.95   +37.06%
      10              77  8227      巨有科技                102.50         14.00    76.46%    250.50   274.00   248.00   272.00      363.50   370.00   351.00   370.00    +98.00   +36.03%
      11              60  7792      安葆                  117.50         19.50    76.45%    311.00   316.00   305.50   312.00      429.00   429.00   414.00   425.00   +113.00   +36.22%
      12              95  6207      雷科                   37.00          0.00    75.87%    104.50   112.00   104.50   109.50      145.00   152.50   141.50   148.00    +38.50   +35.16%
      13              29  3707      漢磊                    0.00          0.00    75.53%     60.30    63.00    60.00    63.00       77.50    85.20    76.30    85.20    +22.20   +35.24%
      14              45  6877      鏵友益                  26.00          0.00    75.20%    106.50   115.50   106.50   113.00      152.00   152.00   150.00   152.00    +39.00   +34.51%
      15             156  4542      科嶠                   93.50         16.00    74.43%    254.50   255.00   251.50   253.50      334.00   336.50   325.00   336.50    +83.00   +32.74%
      16               9  2724      藝舍-KY                 0.00          0.00    74.40%     10.15    10.55    10.10    10.55       12.70    12.70    12.65    12.70     +2.15   +20.38%
      17              34  4903      聯光通                   0.00          0.00    74.03%     34.15    34.85    34.05    34.10       45.05    46.45    45.00    45.30    +11.20   +32.84%
      18              25  8289      泰藝                    0.00          0.00    73.88%     43.00    43.10    42.05    42.30       53.80    56.10    53.50    56.10    +13.80   +32.62%
      19              67  3615      安可                    0.00          0.00    73.79%     33.00    34.15    33.00    34.10       43.25    46.80    43.05    45.00    +10.90   +31.96%
      20              69  3114      好德                    0.00          0.00    73.69%     29.70    30.10    29.50    30.00       36.75    39.65    35.35    39.65     +9.65   +32.17%
      21              43  1569      濱川                    0.00          0.00    72.99%     49.35    51.00    49.35    50.70       64.00    68.60    63.10    66.50    +15.80   +31.16%
      22              47  2061      風青                    0.00          0.00    72.71%     47.20    51.90    47.15    51.90       60.80    67.80    60.00    67.80    +15.90   +30.64%
      23              97  6532      瑞耘                   20.00          0.00    72.62%     91.80    93.20    91.80    92.00      123.00   123.50   117.50   120.00    +28.00   +30.43%
      24              56  5309      系統電                   0.00          0.00    72.17%     49.50    50.80    49.50    50.50       63.00    68.00    62.30    65.70    +15.20   +30.10%
      25             126  6425      易發                    0.00          0.00    72.01%     60.70    62.20    60.50    61.70       79.20    80.00    78.50    79.80    +18.10   +29.34%
      26              15  6199      天品                    0.00          0.00    71.05%    101.50   103.00    99.30   102.50      128.00   134.00   128.00   132.00    +29.50   +28.78%
      27             191  7547      碩網                    0.00          0.00    70.81%     50.90    50.90    49.80    50.20       64.50    65.50    64.10    64.10    +13.90   +27.69%
      28             165  8121      越峰                    0.00          0.00    70.52%     26.55    27.00    26.00    26.80       34.65    35.75    33.45    34.10     +7.30   +27.24%
      29             240  6488      環球晶                 317.00         59.00    70.47%    927.00   940.00   910.00   937.00     1090.00  1190.00  1075.00  1190.00   +253.00   +27.00%
      30             147  6432      今展科                   0.00          0.00    70.39%     53.00    53.30    52.00    52.60       67.20    70.50    64.60    66.60    +14.00   +26.62%
      31              59  3268      海德威                   0.00          0.00    69.60%     17.00    17.35    16.65    17.15       21.60    21.65    21.45    21.65     +4.50   +26.24%
      32             132  1595      川寶                    0.00          0.00    69.39%     62.00    63.30    62.00    63.30       83.10    83.20    79.00    79.30    +16.00   +25.28%
      33              99  4991      環宇-KY               156.00         50.50    69.24%    424.00   438.50   417.00   428.00      509.00   534.00   498.50   534.00   +106.00   +24.77%
      34             283  3105      穩懋                  141.50          9.50    69.20%    469.00   473.00   454.00   472.50      574.00   591.00   572.00   591.00   +118.50   +25.08%
      35              27  6122      擎邦                    0.00          0.00    68.54%     50.80    51.30    50.50    51.10       62.50    63.90    60.80    63.90    +12.80   +25.05%
      36             141  4923      力士                    0.00          0.00    68.30%     53.30    56.00    53.30    53.90       69.20    70.00    66.00    66.60    +12.70   +23.56%
      37              38  9960      邁達康                   0.00          0.00    68.27%     30.65    30.80    30.60    30.80       38.00    38.20    37.60    38.00     +7.20   +23.38%
      38              87  3581      博磊                   10.50          0.00    67.89%     94.50    96.50    93.30    95.90      115.50   122.00   115.50   118.50    +22.60   +23.57%
      39             188  6643      M31                 158.00         57.00    67.87%    414.00   426.00   410.50   420.00      520.00   524.00   513.00   516.00    +96.00   +22.86%
      40             185  8027      鈦昇                   38.00         12.50    67.73%    165.00   174.00   165.00   174.00      210.00   217.00   207.00   213.50    +39.50   +22.70%
==========================================================================================================================================================================
✅ 共 40 筆


══════════════════════════════════════════════════════════════════════════════════════════════════════════════
  🔄 第  6/10 次  2026/09/15 ～ 2026/10/01
══════════════════════════════════════════════════════════════════════════════════════════════════════════════

==========================================================================================================================================================================
📊 ROI 每日報酬率累計排名 (2026/09/15 ~ 2026/10/01)
==========================================================================================================================================================================
    實資排名          累計天數排名  代號        名稱                 累計漲停(元)       累計跌停(元)       強度%  (09/15)開盤      最高      最低      收盤    (10/01)開盤      最高      最低      收盤      賺賠    賺賠率
--------------------------------------------------------------------------------------------------------------------------------------------------------------------------
       1              10  2221      大甲                   82.00         18.50   100.00%     88.30    98.80    88.20    96.10      190.50   193.00   178.00   179.00    +82.90   +86.26%
       2              36  4174      浩鼎                    0.00          0.00    88.86%     25.10    26.25    25.10    26.00       43.10    43.10    43.10    43.10    +17.10   +65.77%
       3              97  3219      倚強科                  30.80          0.00    84.45%     85.40    86.00    83.50    83.50      132.50   134.00   128.50   131.50    +48.00   +57.49%
       4              95  6708      天擎                    0.00          0.00    81.07%     37.35    38.65    37.35    37.35       56.80    56.80    54.90    56.80    +19.45   +52.07%
       5              67  8227      巨有科技                125.00         14.00    77.40%    239.00   253.00   239.00   249.50      379.50   384.50   342.00   363.50   +114.00   +45.69%
       6             112  6485      點序                    0.00          0.00    76.88%     59.50    59.50    58.50    58.50       80.70    84.70    77.50    84.70    +26.20   +44.79%
       7             157  5013      強新                    0.00          0.00    75.08%     28.35    30.00    28.35    30.00       42.60    42.60    42.60    42.60    +12.60   +42.00%
       8              65  7772      耀穎                   55.00         14.50    74.99%    126.00   133.00   121.50   130.00      181.00   184.00   176.00   184.00    +54.00   +41.54%
       9              45  5465      富驊                    0.00          0.00    73.56%     24.30    24.30    24.10    24.20       32.90    35.00    32.00    33.85     +9.65   +39.88%
      10              90  6207      雷科                   37.00          0.00    73.32%    106.00   109.50   104.00   104.00      153.00   158.00   139.50   145.00    +41.00   +39.42%
      11              51  6425      易發                    0.00          0.00    71.12%     61.20    61.60    59.60    59.60       80.00    84.30    78.40    81.30    +21.70   +36.41%
      12              98  7792      安葆                  117.50         19.50    70.49%    313.50   319.00   310.50   311.50      416.00   430.50   410.00   421.00   +109.50   +35.15%
      13              54  1595      川寶                    0.00          0.00    70.11%     61.50    63.00    61.40    61.70       86.00    91.00    81.40    83.30    +21.60   +35.01%
      14              86  6432      今展科                   0.00          0.00    69.40%     52.60    54.00    52.20    52.20       62.80    69.80    62.50    69.80    +17.60   +33.72%
      15             101  3675      德微                   95.50         11.50    69.38%    288.00   291.50   269.00   269.00      330.00   360.00   328.00   359.00    +90.00   +33.46%
      16              62  6532      瑞耘                   20.00          0.00    69.18%     93.40    94.00    91.40    91.70      121.00   127.00   115.50   122.50    +30.80   +33.59%
      17              74  8121      越峰                    0.00          0.00    68.78%     26.55    26.55    26.05    26.05       31.50    34.65    31.00    34.65     +8.60   +33.01%
      18              85  8064      東捷                   22.00          0.00    68.78%    113.00   115.50   108.00   108.00      146.00   148.00   141.00   143.50    +35.50   +32.87%
      19              72  3615      安可                    0.00          0.00    68.31%     34.30    34.30    32.80    32.80       45.80    45.80    43.20    43.25    +10.45   +31.86%
      20             187  4556      旭然                   10.00          0.00    68.06%     92.00    95.20    84.40    85.00      108.00   111.50    98.30   111.50    +26.50   +31.18%
      21             195  4542      科嶠                   93.50         16.00    68.02%    249.00   266.00   249.00   250.00      343.00   343.00   328.00   328.00    +78.00   +31.20%
      22              29  3707      漢磊                    0.00          0.00    67.65%     60.40    62.30    58.90    58.90       76.00    78.50    75.60    77.50    +18.60   +31.58%
      23              40  2061      風青                    0.00          0.00    67.30%     46.80    47.85    46.80    47.20       60.00    65.00    60.00    61.70    +14.50   +30.72%
      24              28  6945      圓祥生技                 10.50          0.00    67.10%    100.00   109.50   100.00   109.50      147.50   148.00   142.50   143.00    +33.50   +30.59%
      25              77  4903      聯光通                   0.00          0.00    66.53%     34.80    34.95    33.80    34.20       42.65    44.40    41.60    44.35    +10.15   +29.68%
      26              49  1569      濱川                    0.00          0.00    66.16%     48.70    50.40    48.30    49.40       62.70    64.80    61.70    63.80    +14.40   +29.15%
      27              82  6218      豪勉                    0.00          0.00    65.99%     44.75    49.25    44.15    49.25       62.00    63.20    61.60    62.80    +13.55   +27.51%
      28             289  3162      精確                    0.00          0.00    65.97%     71.80    71.80    68.00    68.00       86.00    92.00    86.00    87.50    +19.50   +28.68%
      29             242  6103      合邦                    0.00          0.00    65.88%     29.80    30.40    29.35    29.35       38.30    39.00    36.90    36.90     +7.55   +25.72%
      30             165  8027      鈦昇                   48.00         12.50    65.61%    165.00   170.50   164.00   164.00      225.00   225.00   207.00   209.50    +45.50   +27.74%
      31              43  6877      鏵友益                  12.50          0.00    65.46%    110.50   112.50   108.00   108.00      138.50   138.50   138.50   138.50    +30.50   +28.24%
      32              92  6643      M31                 168.00         57.00    65.08%    420.50   420.50   410.00   410.00      555.00   557.00   518.00   521.00   +111.00   +27.07%
      33             306  3498      陽程                   73.00          9.50    64.96%    188.50   190.00   173.50   173.50      225.00   228.00   214.00   219.50    +46.00   +26.51%
      34              69  5309      系統電                   0.00          0.00    64.88%     49.50    49.70    49.10    49.25       63.00    66.50    62.00    62.80    +13.55   +27.51%
      35              88  3455      由田                   58.50          0.00    64.79%    228.50   233.50   225.50   225.50      266.00   292.00   258.00   287.00    +61.50   +27.27%
      36               7  2724      藝舍-KY                 0.00          0.00    64.55%     10.15    10.30    10.15    10.30       11.80    11.80    11.80    11.80     +1.50   +14.56%
      37              58  3268      海德威                   0.00          0.00    64.54%     17.35    17.35    17.00    17.00       21.80    21.80    21.50    21.60     +4.60   +27.06%
      38             294  7547      碩網                    0.00          0.00    64.06%     50.50    52.70    50.50    50.90       65.10    68.00    64.00    64.10    +13.20   +25.93%
      39              80  3581      博磊                   10.50          0.00    63.95%     96.50    97.80    92.80    92.80      126.00   128.50   114.00   117.00    +24.20   +26.08%
      40             252  4768      晶呈科技                 93.00         13.00    63.82%    301.00   302.00   292.50   292.50      392.50   403.50   366.00   367.00    +74.50   +25.47%
==========================================================================================================================================================================
✅ 共 40 筆


══════════════════════════════════════════════════════════════════════════════════════════════════════════════
  🔄 第  7/10 次  2026/09/14 ～ 2026/09/30
══════════════════════════════════════════════════════════════════════════════════════════════════════════════

==========================================================================================================================================================================
📊 ROI 每日報酬率累計排名 (2026/09/14 ~ 2026/09/30)
==========================================================================================================================================================================
    實資排名          累計天數排名  代號        名稱                 累計漲停(元)       累計跌停(元)       強度%  (09/14)開盤      最高      最低      收盤    (09/30)開盤      最高      最低      收盤      賺賠    賺賠率
--------------------------------------------------------------------------------------------------------------------------------------------------------------------------
       1               2  2221      大甲                   82.00          0.00   100.00%     92.80    97.80    89.20    89.90      178.00   198.00   170.00   197.50   +107.60  +119.69%
       2              40  4174      浩鼎                    0.00          0.00    70.98%     25.40    25.40    24.80    25.10       39.00    39.20    38.55    39.20    +14.10   +56.18%
       3             143  3219      倚強科                  30.80          0.00    70.45%     84.80    87.90    84.50    85.10      130.00   134.50   127.50   131.50    +46.40   +54.52%
       4              30  8227      巨有科技                125.00         14.00    69.71%    240.50   259.00   235.00   241.00      370.50   370.50   370.50   370.50   +129.50   +53.73%
       5              12  6945      圓祥生技                 20.20          0.00    66.47%     98.50    99.80    96.50    99.80      140.00   149.00   140.00   148.50    +48.70   +48.80%
       6              68  6207      雷科                   37.00          0.00    62.75%    108.50   109.00   105.00   106.50      141.00   151.00   140.00   151.00    +44.50   +41.78%
       7              79  6708      天擎                    0.00          0.00    61.95%     37.00    37.00    36.80    36.80       51.70    51.70    51.70    51.70    +14.90   +40.49%
       8              53  7772      耀穎                   55.00         14.50    61.89%    125.00   131.50   123.00   126.00      180.00   180.00   175.00   176.00    +50.00   +39.68%
       9              60  6218      豪勉                    0.00          0.00    61.38%     44.60    45.85    43.25    44.80       63.30    63.30    61.60    61.90    +17.10   +38.17%
      10              37  1595      川寶                    0.00          0.00    60.16%     61.50    62.40    61.20    61.80       79.40    85.30    76.20    85.30    +23.50   +38.03%
      11             194  4924      欣厚-KY                 0.00          0.00    59.66%     12.75    13.25    12.30    12.30       15.40    16.50    15.35    16.50     +4.20   +34.15%
      12             117  4542      科嶠                   93.50          0.00    59.54%    256.50   262.00   250.50   252.00      345.00   347.00   338.00   344.00    +92.00   +36.51%
      13              62  5465      富驊                    0.00          0.00    59.51%     24.40    24.40    24.05    24.25       32.80    34.35    32.80    33.05     +8.80   +36.29%
      14              23  9960      邁達康                   0.00          0.00    59.48%     31.20    31.20    30.25    30.25       41.20    41.95    40.40    41.50    +11.25   +37.19%
      15              59  7792      安葆                  117.50         19.50    59.19%    301.00   313.00   300.00   312.00      420.00   424.00   413.00   424.00   +112.00   +35.90%
      16             441  6925      意藍                    0.00          0.00    58.48%     51.20    55.20    51.20    55.20       74.80    75.00    72.70    73.80    +18.60   +33.70%
      17              55  3615      安可                    0.00          0.00    58.45%     33.85    34.30    33.30    33.95       42.20    45.80    42.10    45.80    +11.85   +34.90%
      18              38  3580      友威科                   0.00          0.00    58.12%     82.50    83.60    81.70    81.90      112.00   116.00   108.00   110.50    +28.60   +34.92%
      19             153  5013      強新                    0.00          0.00    57.80%     28.20    29.95    28.20    29.00       38.50    38.75    38.05    38.75     +9.75   +33.62%
      20             106  8027      鈦昇                   48.00          0.00    57.72%    165.50   169.50   161.00   166.00      222.00   222.00   219.00   222.00    +56.00   +33.73%
      21              69  6643      M31                 168.00         33.50    56.56%    402.00   432.00   400.00   420.50      506.00   555.00   500.00   555.00   +134.50   +31.99%
      22             111  7547      碩網                    0.00          0.00    55.83%     50.00    51.40    49.50    49.50       64.40    66.30    62.80    64.80    +15.30   +30.91%
      23             267  6485      點序                    0.00          0.00    55.01%     59.10    59.90    58.70    59.70       70.60    77.00    70.60    77.00    +17.30   +28.98%
      24             101  6425      易發                    0.00          0.00    54.96%     60.50    62.10    60.00    61.10       74.20    79.80    74.20    79.00    +17.90   +29.30%
      25              73  8064      東捷                   22.00          0.00    54.29%    113.00   117.50   109.50   113.50      144.00   155.00   144.00   145.50    +32.00   +28.19%
      26              74  6182      合晶                   12.00          0.00    54.21%    102.50   105.50   100.00   103.50      123.00   133.00   121.00   133.00    +29.50   +28.50%
      27              44  1569      濱川                    0.00          0.00    53.73%     49.60    50.10    48.40    49.00       64.60    66.00    61.30    62.60    +13.60   +27.76%
      28              56  5309      系統電                   0.00          0.00    53.37%     49.45    49.65    48.05    49.20       60.50    64.00    60.00    62.70    +13.50   +27.44%
      29             131  3664      安瑞-KY                 0.00          0.00    53.25%      6.80     6.98     6.80     6.98        8.86     8.86     8.86     8.86     +1.88   +26.93%
      30             139  6532      瑞耘                   20.00          0.00    53.17%     92.00    95.50    91.80    93.50      114.00   118.50   114.00   118.50    +25.00   +26.74%
      31              50  2061      風青                    0.00          0.00    53.12%     46.60    47.90    46.00    47.20       60.40    63.30    59.20    59.80    +12.60   +26.69%
      32             232  6103      合邦                    0.00          0.00    53.00%     31.30    31.30    31.00    31.00       38.60    39.30    37.70    38.30     +7.30   +23.55%
      33              45  5230      雷笛克光學                 0.00          0.00    53.00%     18.30    18.90    18.30    18.45       22.45    24.10    21.70    23.35     +4.90   +26.56%
      34             227  4768      晶呈科技                 93.00          0.00    52.90%    295.50   313.00   289.00   301.00      365.00   382.00   360.00   380.00    +79.00   +26.25%
      35              24  6199      天品                    0.00          0.00    52.76%     98.40   101.00    97.70   100.50      126.00   128.00   125.00   127.50    +27.00   +26.87%
      36              64  8040      九暘                    0.00          0.00    52.42%     76.50    78.70    75.50    78.10      101.00   102.50    98.00    98.50    +20.40   +26.12%
      37             178  3691      碩禾                   21.00          0.00    52.36%     94.00    96.80    91.80    95.20      118.00   122.50   117.50   119.50    +24.30   +25.53%
      38              65  3707      漢磊                    0.00          0.00    52.34%     58.30    61.30    57.70    60.20       72.50    77.30    71.70    75.70    +15.50   +25.75%
      39              58  3268      海德威                   0.00          0.00    52.24%     17.30    17.45    17.25    17.30       21.50    22.00    21.25    21.75     +4.45   +25.72%
      40             296  4416      三圓                    0.00          0.00    51.82%     10.95    10.95    10.25    10.75       13.85    13.85    13.35    13.35     +2.60   +24.19%
==========================================================================================================================================================================
✅ 共 40 筆


══════════════════════════════════════════════════════════════════════════════════════════════════════════════
  🔄 第  8/10 次  2026/09/11 ～ 2026/09/29
══════════════════════════════════════════════════════════════════════════════════════════════════════════════

==========================================================================================================================================================================
📊 ROI 每日報酬率累計排名 (2026/09/11 ~ 2026/09/29)
==========================================================================================================================================================================
    實資排名          累計天數排名  代號        名稱                 累計漲停(元)       累計跌停(元)       強度%  (09/11)開盤      最高      最低      收盤    (09/29)開盤      最高      最低      收盤      賺賠    賺賠率
--------------------------------------------------------------------------------------------------------------------------------------------------------------------------
       1              14  2221      大甲                   64.50          0.00   100.00%    103.00   105.50    95.40    95.40      169.00   180.00   167.50   180.00    +84.60   +88.68%
       2             167  6925      意藍                    0.00          0.00    77.54%     50.10    50.30    49.50    50.20       72.00    75.00    71.00    75.00    +24.80   +49.40%
       3             278  3219      倚強科                  30.80          0.00    75.43%     86.00    87.10    84.80    85.60      123.50   125.50   120.50   125.50    +39.90   +46.61%
       4              34  5465      富驊                    0.00          0.00    72.52%     24.80    24.80    24.10    24.20       35.35    36.95    34.25    34.70    +10.50   +43.39%
       5              40  6218      豪勉                    0.00          0.00    71.74%     44.65    46.00    43.90    44.90       64.90    64.90    61.80    63.20    +18.30   +40.76%
       6              15  6945      圓祥生技                 20.20          0.00    71.42%     99.50    99.50    96.50    98.50      137.50   140.00   135.00   140.00    +41.50   +42.13%
       7              29  8227      巨有科技                 91.50         14.00    71.06%    235.00   239.00   229.50   239.00      313.00   337.00   308.00   337.00    +98.00   +41.00%
       8              58  6221      晉泰                    0.00          0.00    71.02%     23.30    23.30    23.30    23.30       33.90    33.90    32.60    32.85     +9.55   +40.99%
       9              86  4174      浩鼎                    0.00          0.00    70.43%     25.90    25.90    25.40    25.45       32.65    35.65    32.45    35.65    +10.20   +40.08%
      10              71  6103      合邦                    0.00          0.00    70.40%     30.50    30.55    29.50    30.30       42.60    44.35    41.80    41.80    +11.50   +37.95%
      11              53  7792      安葆                  117.50         19.50    67.68%    316.50   320.00   305.50   305.50      427.50   430.00   400.00   416.00   +110.50   +36.17%
      12              74  7772      耀穎                   55.00         14.50    66.33%    115.00   132.00   115.00   132.00      176.00   179.50   172.50   176.00    +44.00   +33.33%
      13              45  7547      碩網                    0.00          0.00    66.27%     47.85    48.50    47.85    48.50       65.30    65.30    65.30    65.30    +16.80   +34.64%
      14              38  3580      友威科                   0.00          0.00    65.21%     83.80    84.50    83.00    83.20      102.50   111.50   100.50   111.00    +27.80   +33.41%
      15              33  9960      邁達康                   0.00          0.00    63.99%     31.50    34.10    31.30    31.30       39.35    41.40    38.85    41.20     +9.90   +31.63%
      16             118  3609      三一東林                  0.00          0.00    63.19%     18.60    18.90    18.05    18.05       23.00    23.90    22.90    23.50     +5.45   +30.19%
      17             276  4542      科嶠                   93.50         10.00    62.92%    263.50   271.00   258.50   262.00      329.00   342.00   329.00   339.00    +77.00   +29.39%
      18              83  3675      德微                   92.00         11.50    62.75%    263.00   266.00   256.00   259.00      337.50   354.50   331.00   334.00    +75.00   +28.96%
      19              93  6693      廣閎科                  50.50          0.00    62.30%    173.50   177.00   169.00   169.00      206.50   220.50   203.50   218.00    +49.00   +28.99%
      20              30  8040      九暘                    0.00          0.00    62.19%     77.80    79.30    76.60    77.20       93.00   102.50    92.50   100.00    +22.80   +29.53%
      21              63  3467      台灣精材                  0.00          0.00    61.91%     51.70    58.60    51.70    58.60       78.40    80.00    73.40    74.60    +16.00   +27.30%
      22              43  1569      濱川                    0.00          0.00    61.69%     48.50    53.50    48.45    50.60       65.00    66.30    63.30    65.00    +14.40   +28.46%
      23             105  3529      力旺                  920.00        195.00    61.56%   2690.00  2720.00  2550.00  2580.00     3175.00  3410.00  3145.00  3305.00   +725.00   +28.10%
      24              81  4903      聯光通                   0.00          0.00    61.56%     33.75    34.50    33.15    33.40       42.75    44.30    42.20    42.80     +9.40   +28.14%
      25              87  3066      李洲                    0.00          0.00    61.05%     23.45    23.60    23.05    23.20       27.50    29.95    27.25    29.50     +6.30   +27.16%
      26              20  6199      天品                    0.00          0.00    60.96%     97.30    98.80    89.80    98.40      125.00   127.00   124.50   126.00    +27.60   +28.05%
      27             129  3691      碩禾                   21.00          0.00    60.73%     96.20    96.70    90.50    93.30      120.50   126.00   118.50   118.50    +25.20   +27.01%
      28             324  6140      訊達                    0.00          0.00    60.70%     16.20    17.20    16.20    16.60       21.10    21.20    20.70    20.75     +4.15   +25.00%
      29             193  6708      天擎                    0.00          0.00    60.62%     37.80    37.80    37.10    37.10       47.05    47.05    47.05    47.05     +9.95   +26.82%
      30              48  2061      風青                    0.00          0.00    60.16%     47.30    48.80    47.05    47.05       54.40    59.40    54.30    59.40    +12.35   +26.25%
      31             145  3664      安瑞-KY                 0.00          0.00    59.70%      7.05     7.05     7.05     7.05        8.91     8.91     8.86     8.86     +1.81   +25.67%
      32             268  4416      三圓                    0.00          0.00    59.59%     11.30    11.30    11.00    11.00       13.80    14.30    13.75    13.75     +2.75   +25.00%
      33             513  6148      驊宏資                   0.00          0.00    59.19%     28.15    31.00    28.15    31.00       39.20    39.80    38.20    38.50     +7.50   +24.19%
      34              23  2724      藝舍-KY                 0.00          0.00    58.67%        --       --       --       --          --       --       --       --        --        --
      35              69  6643      M31                 132.50         33.50    58.51%    419.00   419.00   406.00   406.00      509.00   534.00   502.00   505.00    +99.00   +24.38%
      36              60  1595      川寶                    0.00          0.00    58.37%     63.30    63.50    61.90    62.40       77.40    83.00    76.40    77.60    +15.20   +24.36%
      37             220  3498      陽程                   73.00         17.00    58.09%    188.00   196.00   184.50   192.00      216.00   235.00   212.00   235.00    +43.00   +22.40%
      38             176  8064      東捷                   22.00          0.00    57.95%    124.50   127.50   114.50   115.00      139.00   148.50   138.00   141.50    +26.50   +23.04%
      39             192  3297      杭特                    0.00          0.00    57.75%     27.00    27.20    26.95    26.95       34.35    34.35    32.85    32.85     +5.90   +21.89%
      40             198  6207      雷科                   23.50          0.00    57.75%    110.00   116.00   109.00   112.00      130.50   137.50   127.50   137.50    +25.50   +22.77%
==========================================================================================================================================================================
✅ 共 40 筆


══════════════════════════════════════════════════════════════════════════════════════════════════════════════
  🔄 第  9/10 次  2026/09/10 ～ 2026/09/24
══════════════════════════════════════════════════════════════════════════════════════════════════════════════

==========================================================================================================================================================================
📊 ROI 每日報酬率累計排名 (2026/09/10 ~ 2026/09/24)
==========================================================================================================================================================================
    實資排名          累計天數排名  代號        名稱                 累計漲停(元)       累計跌停(元)       強度%  (09/10)開盤      最高      最低      收盤    (09/24)開盤      最高      最低      收盤      賺賠    賺賠率
--------------------------------------------------------------------------------------------------------------------------------------------------------------------------
       1              23  2221      大甲                   48.50          0.00   100.00%     87.80    96.50    86.30    96.50      158.00   164.50   158.00   164.00    +67.50   +69.95%
       2              28  3467      台灣精材                  0.00          0.00    89.77%     51.00    53.40    50.50    53.30       86.10    86.10    81.50    81.50    +28.20   +52.91%
       3              55  6221      晉泰                    0.00          0.00    89.00%     21.10    21.20    21.00    21.20       31.90    32.80    31.90    32.20    +11.00   +51.89%
       4              36  7772      耀穎                   55.00         14.50    85.95%    125.00   136.50   121.00   123.00      173.00   182.00   170.50   180.00    +57.00   +46.34%
       5              38  5465      富驊                    0.00          0.00    82.10%     24.50    24.50    24.15    24.15       31.55    34.20    31.05    34.20    +10.05   +41.61%
       6              34  8227      巨有科技                 82.50         14.00    81.77%    203.00   217.50   201.00   217.50      305.00   309.00   295.00   306.50    +89.00   +40.92%
       7             194  6148      驊宏資                   0.00          0.00    81.00%     28.40    28.40    28.15    28.20       38.60    41.05    38.60    39.20    +11.00   +39.01%
       8              16  6945      圓祥生技                 20.20          0.00    80.85%     95.10    98.50    94.70    98.50      135.50   138.00   134.50   138.00    +39.50   +40.10%
       9             141  6925      意藍                    0.00          0.00    80.77%     49.40    49.40    49.25    49.25       62.60    68.20    62.60    68.20    +18.95   +38.48%
      10              46  6218      豪勉                    0.00          0.00    80.59%     46.90    47.90    45.80    46.15       61.50    63.70    61.50    63.60    +17.45   +37.81%
      11              50  7792      安葆                  117.50         16.50    77.94%    322.50   324.00   315.00   322.00      415.00   453.00   415.00   435.50   +113.50   +35.25%
      12             108  6140      訊達                    0.00          0.00    76.54%     16.20    16.20    16.05    16.10       20.80    22.50    20.80    21.20     +5.10   +31.68%
      13              39  1569      濱川                    0.00          0.00    75.57%     49.80    49.85    48.60    48.85       63.80    68.00    62.60    64.70    +15.85   +32.45%
      14             685  3219      倚強科                  19.80          0.00    74.49%     88.30    89.50    87.40    88.30      107.00   114.50   105.50   114.50    +26.20   +29.67%
      15             158  6103      合邦                    0.00          0.00    73.51%     33.45    33.45    31.50    32.30       40.90    40.90    40.90    40.90     +8.60   +26.63%
      16              69  3297      杭特                    0.00          0.00    73.05%     27.20    27.20    26.80    26.90       33.90    36.05    33.50    34.35     +7.45   +27.70%
      17             380  4924      欣厚-KY                 0.00          0.00    71.69%     12.50    13.85    12.50    12.90       16.45    17.40    16.10    16.10     +3.20   +24.81%
      18              18  6199      天品                    0.00          0.00    71.56%     97.10    98.10    95.60    97.30      122.00   125.00   118.50   124.00    +26.70   +27.44%
      19              40  9960      邁達康                   0.00          0.00    71.53%     31.55    31.85    29.90    31.00       37.05    39.35    36.30    39.35     +8.35   +26.94%
      20              65  3508      位速                    0.00          0.00    70.85%     21.35    21.35    20.70    20.90       24.95    27.10    24.65    26.20     +5.30   +25.36%
      21             112  3675      德微                   92.00         21.50    70.62%    272.00   276.50   269.00   269.00      332.00   335.00   320.50   335.00    +66.00   +24.54%
      22             280  5202      力新                    0.00          0.00    70.61%     11.75    11.75    11.70    11.70       14.40    15.40    14.40    14.60     +2.90   +24.79%
      23             114  3691      碩禾                   21.00          0.00    69.91%     98.30    99.00    97.10    97.30      126.50   130.50   118.50   121.00    +23.70   +24.36%
      24              20  2724      藝舍-KY                 0.00          0.00    69.78%        --       --       --       --       13.20    13.20    13.10    13.10        --        --
      25             193  4174      浩鼎                    0.00          0.00    69.74%     26.30    26.30    25.85    26.15       33.00    34.15    32.05    32.45     +6.30   +24.09%
      26             171  3624      光頡                   23.00         10.50    69.73%    100.50   113.50   100.00   113.50      132.50   144.50   132.00   140.00    +26.50   +23.35%
      27             154  7717      萊德光電-KY             164.00         44.00    68.49%    515.00   519.00   483.00   486.50      602.00   608.00   588.00   594.00   +107.50   +22.10%
      28              64  5230      雷笛克光學                 0.00          0.00    68.32%     18.65    19.00    18.25    19.00       22.40    23.50    22.00    23.30     +4.30   +22.63%
      29             178  6204      艾華                   19.50          0.00    68.12%     85.80    90.30    84.30    88.60       98.00   107.50    97.80   107.50    +18.90   +21.33%
      30              75  1595      川寶                    0.00          0.00    67.95%     65.00    65.00    63.30    63.30       76.70    80.00    75.00    77.40    +14.10   +22.27%
      31             440  4416      三圓                    0.00          0.00    67.91%     12.05    12.05    11.30    11.30       14.00    14.10    13.40    13.70     +2.40   +21.24%
      32             110  3317      尼克森                   0.00          0.00    67.91%     57.30    57.30    55.80    56.00       64.10    73.00    64.10    68.30    +12.30   +21.96%
      33              68  6643      M31                 132.50         41.00    67.61%    429.50   434.50   423.00   423.50      471.00   524.00   471.00   515.00    +91.50   +21.61%
      34              70  7547      碩網                    0.00          0.00    67.43%     49.25    49.25    48.85    48.85       57.60    59.40    56.40    59.40    +10.55   +21.60%
      35             263  3609      三一東林                  0.00          0.00    66.91%     19.50    19.95    18.85    19.20       23.80    23.80    23.05    23.05     +3.85   +20.05%
      36             170  3441      聯一光                  31.50          0.00    66.78%    141.50   157.00   137.00   151.00      176.00   181.00   175.00   181.00    +30.00   +19.87%
      37             113  4903      聯光通                   0.00          0.00    66.64%     36.55    37.00    35.90    35.90       41.95    43.90    41.85    43.00     +7.10   +19.78%
      38              81  5251      天鉞電                   0.00          0.00    66.09%     25.45    25.60    25.45    25.55       30.50    31.90    30.50    30.55     +5.00   +19.57%
      39             713  4542      科嶠                   82.50         24.50    66.04%    282.50   282.50   272.00   276.50      323.50   357.00   320.50   328.00    +51.50   +18.63%
      40             124  3324      雙鴻                  455.00        180.00    65.80%   1355.00  1440.00  1355.00  1440.00     1595.00  1750.00  1590.00  1710.00   +270.00   +18.75%
==========================================================================================================================================================================
✅ 共 40 筆


══════════════════════════════════════════════════════════════════════════════════════════════════════════════
  🔄 第 10/10 次  2026/09/09 ～ 2026/09/23
══════════════════════════════════════════════════════════════════════════════════════════════════════════════

==========================================================================================================================================================================
📊 ROI 每日報酬率累計排名 (2026/09/09 ~ 2026/09/23)
==========================================================================================================================================================================
    實資排名          累計天數排名  代號        名稱                 累計漲停(元)       累計跌停(元)       強度%  (09/09)開盤      最高      最低      收盤    (09/23)開盤      最高      最低      收盤      賺賠    賺賠率
--------------------------------------------------------------------------------------------------------------------------------------------------------------------------
       1              22  2221      大甲                   48.50          0.00   100.00%     85.80    90.00    85.60    87.80      166.00   168.50   149.50   158.50    +70.70   +80.52%
       2              14  3467      台灣精材                  0.00          0.00    91.85%     51.70    52.00    51.10    51.70       88.80    88.80    85.00    86.50    +34.80   +67.31%
       3              18  8227      巨有科技                102.00         14.00    85.66%    183.00   198.00   178.50   198.00      308.50   310.00   290.00   310.00   +112.00   +56.57%
       4              50  6221      晉泰                    0.00          0.00    81.25%     21.10    21.30    21.00    21.15       31.50    32.70    30.45    31.60    +10.45   +49.41%
       5              15  6945      圓祥生技                 20.20          0.00    76.84%     97.20    97.20    95.40    95.40      135.00   137.50   128.00   137.00    +41.60   +43.61%
       6             105  4924      欣厚-KY                 0.00          0.00    71.41%     13.20    13.20    12.55    12.65       18.40    18.40    16.90    16.90     +4.25   +33.60%
       7              63  7772      耀穎                   55.00         14.50    71.18%    144.00   144.00   122.00   130.00      199.00   199.00   171.00   173.50    +43.50   +33.46%
       8             102  6140      訊達                    0.00          0.00    69.74%     16.40    16.40    16.10    16.20       22.30    22.40    20.30    21.25     +5.05   +31.17%
       9             465  6148      驊宏資                   0.00          0.00    69.54%     27.55    28.55    27.55    28.35       39.65    39.95    36.85    37.35     +9.00   +31.75%
      10              81  6218      豪勉                    0.00          0.00    69.24%     46.70    48.95    46.15    46.90       63.40    63.50    59.90    61.30    +14.40   +30.70%
      11              56  5465      富驊                    0.00          0.00    68.56%     24.10    24.50    24.10    24.40       31.45    33.15    30.85    32.05     +7.65   +31.35%
      12             172  3624      光頡                   33.00         10.50    67.99%    102.00   106.00    99.80   103.50      122.00   134.00   122.00   134.00    +30.50   +29.47%
      13              62  7792      安葆                   97.50         16.50    66.90%    317.00   328.50   312.50   322.50      378.50   415.50   378.00   415.50    +93.00   +28.84%
      14              49  1569      濱川                    0.00          0.00    66.11%     48.30    50.10    47.65    49.35       64.20    65.20    63.00    63.30    +13.95   +28.27%
      15             234  6925      意藍                    0.00          0.00    65.10%     49.35    49.40    49.25    49.25       56.80    62.00    56.70    62.00    +12.75   +25.89%
      16             106  3297      杭特                    0.00          0.00    64.06%     27.40    27.65    27.10    27.10       34.25    35.45    33.15    33.70     +6.60   +24.35%
      17              19  6199      天品                    0.00          0.00    63.69%     96.50    97.70    96.10    97.10      116.50   122.00   116.00   122.00    +24.90   +25.64%
      18             157  3441      聯一光                  31.50          0.00    63.19%    132.50   144.00   129.00   143.50      180.50   180.50   175.50   177.50    +34.00   +23.69%
      19             110  3691      碩禾                   21.00          0.00    62.78%     98.80    99.20    97.90    98.30      118.50   121.50   117.00   121.50    +23.20   +23.60%
      20             232  4174      浩鼎                    0.00          0.00    62.55%     26.35    27.00    26.15    26.45       29.25    32.60    29.00    32.60     +6.15   +23.25%
      21             199  3675      德微                   92.00         21.50    62.37%    271.50   278.00   270.50   271.50      309.00   332.00   307.50   332.00    +60.50   +22.28%
      22              65  1595      川寶                    0.00          0.00    61.21%     65.40    66.30    63.80    64.30       77.00    81.50    76.70    78.50    +14.20   +22.08%
      23             443  5202      力新                    0.00          0.00    61.09%     11.85    11.85    11.70    11.70       14.15    14.60    14.00    14.15     +2.45   +20.94%
      24             230  3609      三一東林                  0.00          0.00    60.84%     19.60    20.30    19.50    19.50       22.95    24.40    22.90    23.55     +4.05   +20.77%
      25             370  4556      旭然                    0.00          0.00    60.54%     77.50    83.70    75.10    78.20       85.20    93.60    85.20    93.60    +15.40   +19.69%
      26              52  5251      天鉞電                   0.00          0.00    60.13%     25.25    25.50    25.20    25.45       30.65    31.40    30.60    30.65     +5.20   +20.43%
      27             155  7717      萊德光電-KY             164.00         52.50    59.92%    476.00   512.00   472.00   509.00      601.00   631.00   596.00   608.00    +99.00   +19.45%
      28             496  4416      三圓                    0.00          0.00    59.25%     12.05    12.10    11.80    11.90       13.50    14.50    13.05    14.10     +2.20   +18.49%
      29             224  3529      力旺                  845.00        320.00    59.23%   2800.00  2875.00  2680.00  2780.00     3190.00  3350.00  3020.00  3305.00   +525.00   +18.88%
      30             160  6538      倉和                  137.50         73.00    59.09%    320.00   353.00   316.50   349.00      440.00   457.50   405.00   410.50    +61.50   +17.62%
      31             111  3508      位速                    0.00          0.00    58.98%     21.10    21.20    20.60    21.05       26.50    26.50    24.85    24.95     +3.90   +18.53%
      32             861  3219      倚強科                   9.80          0.00    58.57%     90.50    92.80    88.60    88.80      108.50   110.00   100.00   104.50    +15.70   +17.68%
      33             733  4542      科嶠                   82.50         24.50    58.41%    280.50   290.00   280.50   282.50      325.50   335.00   317.00   331.50    +49.00   +17.35%
      34              43  2061      風青                    0.00          0.00    58.33%     47.50    47.90    46.65    47.10       55.50    56.70    54.90    55.80     +8.70   +18.47%
      35             315  4304      勝昱                    0.00          0.00    57.91%     16.70    17.00    16.40    16.40       22.10    22.15    18.75    18.75     +2.35   +14.33%
      36             205  3664      安瑞-KY                 0.00          0.00    57.89%      6.50     7.66     6.50     7.60        8.25     9.00     8.25     8.90     +1.30   +17.11%
      37              61  5230      雷笛克光學                 0.00          0.00    57.51%     19.30    19.30    18.30    18.65       21.75    22.90    21.35    21.90     +3.25   +17.43%
      38              95  3707      漢磊                    0.00          0.00    57.26%     60.00    60.60    59.80    60.10       70.90    76.40    69.80    70.20    +10.10   +16.81%
      39              21  2724      藝舍-KY                 0.00          0.00    57.15%        --       --       --       --       12.95    12.95    11.65    12.30        --        --
      40              78  4951      精拓科                   0.00          0.00    56.92%     80.30    82.90    80.00    80.90       93.80    99.70    93.10    93.80    +12.90   +15.95%
==========================================================================================================================================================================
✅ 共 40 筆
