
██████████████████████████████████████████████████████████████████████████████████████████████████████████████
  📅 天數組合: 3 日  →  輸出檔: q14_03.txt
██████████████████████████████████████████████████████████████████████████████████████████████████████████████

🔁 共執行 3 次，每次區間長度 4 個交易日

══════════════════════════════════════════════════════════════════════════════════════════════════════════════
  🔄 第  1/3 次  2026/10/05 ～ 2026/10/08
══════════════════════════════════════════════════════════════════════════════════════════════════════════════

==========================================================================================================================================================================
📊 ROI 每日報酬率累計排名 (2026/10/05 ~ 2026/10/08)
==========================================================================================================================================================================
    實資排名          累計天數排名  代號        名稱                 累計漲停(元)       累計跌停(元)       強度%  (10/05)開盤      最高      最低      收盤    (10/08)開盤      最高      最低      收盤      賺賠    賺賠率
--------------------------------------------------------------------------------------------------------------------------------------------------------------------------
       1               1  5205      中茂                    0.00          0.00   100.00%     23.50    25.05    23.00    25.05       33.30    33.30    33.20    33.30     +8.25   +32.93%
       2               4  3597      映興                    0.00          0.00    99.64%     28.35    30.45    28.35    30.45       40.40    40.40    40.40    40.40     +9.95   +32.68%
       3               6  5228      鈺鎧                    0.00          0.00    93.64%     52.00    52.80    47.45    47.75       61.00    61.30    57.30    61.30    +13.55   +28.38%
       4               7  3265      台星科                  50.50          0.00    91.53%    191.50   193.00   185.00   188.00      238.50   238.50   238.50   238.50    +50.50   +26.86%
       5               8  4706      大恭                    0.00          0.00    90.41%     34.70    35.70    34.70    35.70       47.45    47.45    44.20    45.00     +9.30   +26.05%
       6               9  7723      築間                    0.00          0.00    86.91%     18.15    18.25    18.00    18.05       21.80    22.75    20.80    22.30     +4.25   +23.55%
       7              54  3624      光頡                   30.00          0.00    82.34%    151.00   154.50   145.50   145.50      165.50   175.00   161.50   175.00    +29.50   +20.27%
       8              95  8086      宏捷科                  26.50          0.00    81.11%    125.00   132.00   120.50   129.00      142.50   154.00   140.00   154.00    +25.00   +19.38%
       9              50  5460      同協                    0.00          0.00    79.20%     17.40    17.75    17.35    17.55       19.05    21.15    18.20    20.75     +3.20   +18.23%
      10              69  4171      瑞基                    0.00          0.00    78.57%     16.90    17.15    16.35    16.85       19.05    20.20    18.40    19.85     +3.00   +17.80%
      11              11  3466      德晉                    0.00          0.00    77.96%     24.05    24.30    24.00    24.30       27.50    28.90    27.50    28.60     +4.30   +17.70%
      12             101  8042      金山電                  12.50          0.00    77.24%    125.50   126.50   118.00   118.50      125.00   138.50   121.50   138.50    +20.00   +16.88%
      13              25  3373      熱映                    0.00          0.00    76.17%     16.10    16.10    15.90    15.90       17.40    18.75    17.10    18.50     +2.60   +16.35%
      14              15  4174      浩鼎                    0.00          0.00    75.96%     45.00    46.20    43.10    46.20       52.00    54.00    50.00    53.70     +7.50   +16.23%
      15              57  4556      旭然                   12.00          0.00    75.00%    117.00   125.50   114.50   125.50      142.50   145.00   133.00   145.00    +19.50   +15.54%
      16              18  3631      晟楠                    0.00          0.00    74.31%     41.45    42.25    40.70    40.85       43.90    47.05    43.20    47.05     +6.20   +15.18%
      17             171  3629      地心引力                  0.00          0.00    74.20%     13.70    13.70    13.35    13.35       15.30    15.30    15.30    15.30     +1.95   +14.61%
      18             173  4924      欣厚-KY                 0.00          0.00    73.90%     15.95    16.15    14.55    15.00       15.70    17.25    15.20    17.15     +2.15   +14.33%
      19              20  6028      公勝保經                 10.00          0.00    73.06%     99.80    99.80    99.10    99.30      109.00   114.00   106.50   113.50    +14.20   +14.30%
      20              22  6811      宏碁資訊                 24.50          0.00    72.62%    243.00   247.50   241.00   246.50      275.50   290.00   273.50   281.00    +34.50   +14.00%
      21              36  4167      松瑞藥                   0.00          0.00    71.14%     19.60    19.65    19.35    19.45       20.95    22.40    20.95    22.00     +2.55   +13.11%
      22              13  3684      榮昌                    0.00          0.00    71.11%     55.00    55.20    52.80    55.20       62.10    66.50    58.50    62.50     +7.30   +13.22%
      23              49  3556      禾瑞亞                   0.00          0.00    70.07%     60.00    60.00    58.30    58.50       64.60    66.50    64.60    65.70     +7.20   +12.31%
      24              46  5398      慕康生醫                  0.00          0.00    69.74%     13.70    13.80    13.60    13.65       16.40    16.50    15.00    15.30     +1.65   +12.09%
      25              64  5230      雷笛克光學                 0.00          0.00    69.39%     22.95    23.15    22.35    22.35       23.80    25.00    23.75    25.00     +2.65   +11.86%
      26              23  3147      大綜                   30.00          0.00    69.28%    264.50   275.00   257.00   275.00      290.00   318.00   289.50   308.00    +33.00   +12.00%
      27              58  3290      東浦                    0.00          0.00    69.15%     51.00    51.30    49.60    49.95       52.10    55.80    51.30    55.80     +5.85   +11.71%
      28             114  1781      合世                    0.00          0.00    68.42%      9.99     9.99     9.80     9.80        9.99    10.90     9.99    10.90     +1.10   +11.22%
      29             138  6127      九豪                    0.00          0.00    68.00%     59.40    60.50    56.70    57.80       58.50    64.10    58.50    64.10     +6.30   +10.90%
      30              75  5340      建榮                    0.00          0.00    66.87%     84.20    88.10    83.90    85.50       91.00    97.00    90.60    94.40     +8.90   +10.41%
      31             122  5475      德宏                   22.00          0.00    66.86%    188.00   191.50   183.50   184.00      194.00   203.00   192.00   203.00    +19.00   +10.33%
      32             167  4430      耀億                    0.00          0.00    66.79%     17.85    17.85    17.75    17.75       17.75    19.55    17.75    19.55     +1.80   +10.14%
      33             124  3236      千如                    0.00          0.00    66.50%     54.00    57.70    52.50    53.50       55.40    61.50    54.60    58.90     +5.40   +10.09%
      34             180  3713      新晶投控                  0.00          0.00    65.95%     14.00    14.00    13.25    13.55       14.65    14.85    13.85    14.85     +1.30    +9.59%
      35             108  4157      太景*-KY                0.00          0.00    65.68%      8.68     8.68     8.52     8.52        8.63     9.40     8.60     9.33     +0.81    +9.51%
      36             247  6461      益得                    0.00          0.00    65.48%     26.45    27.25    25.55    26.70       29.80    29.80    28.80    29.20     +2.50    +9.36%
      37             268  3073      天方能源                  0.00          0.00    65.37%     20.80    20.80    20.45    20.55       20.45    22.45    20.40    22.45     +1.90    +9.25%
      38             262  4707      磐亞                    0.00          0.00    64.16%     30.15    31.80    29.55    30.25       32.00    33.50    31.45    32.80     +2.55    +8.43%
      39             256  3564      其陽                    0.00          0.00    64.15%     61.70    61.70    61.70    61.70       61.20    66.90    59.70    66.90     +5.20    +8.43%
      40             571  4973      廣穎                   13.50          0.00    63.43%    141.00   141.00   138.00   138.00      145.00   149.00   145.00   149.00    +11.00    +7.97%
==========================================================================================================================================================================
✅ 共 40 筆


══════════════════════════════════════════════════════════════════════════════════════════════════════════════
  🔄 第  2/3 次  2026/10/02 ～ 2026/10/07
══════════════════════════════════════════════════════════════════════════════════════════════════════════════

==========================================================================================================================================================================
📊 ROI 每日報酬率累計排名 (2026/10/02 ~ 2026/10/07)
==========================================================================================================================================================================
    實資排名          累計天數排名  代號        名稱                 累計漲停(元)       累計跌停(元)       強度%  (10/02)開盤      最高      最低      收盤    (10/07)開盤      最高      最低      收盤      賺賠    賺賠率
--------------------------------------------------------------------------------------------------------------------------------------------------------------------------
       1               1  5205      中茂                    0.00          0.00   100.00%     22.40    22.80    22.30    22.80       30.30    30.30    30.30    30.30     +7.50   +32.89%
       2               2  3597      映興                    0.00          0.00    99.69%     27.85    27.95    27.65    27.70       36.75    36.75    36.75    36.75     +9.05   +32.67%
       3               5  6716      應廣                   25.00          0.00    91.59%    118.00   121.50   115.00   121.00      153.00   160.00   142.50   153.50    +32.50   +26.86%
       4               7  4556      旭然                   23.00          0.00    91.25%    111.50   122.50   109.50   114.50      137.50   149.00   133.00   145.00    +30.50   +26.64%
       5               8  4706      大恭                    0.00          0.00    88.12%     34.75    34.75    34.05    34.70       41.00    43.15    38.30    43.15     +8.45   +24.35%
       6              10  4174      浩鼎                    0.00          0.00    87.71%     45.60    45.60    40.10    42.00       50.80    54.30    50.80    52.10    +10.10   +24.05%
       7              89  7723      築間                    0.00          0.00    81.29%     18.20    18.40    18.15    18.25       21.80    21.80    20.65    21.80     +3.55   +19.45%
       8              79  5432      新門                   31.00          0.00    79.75%    159.00   166.50   159.00   164.50      195.50   215.00   195.00   195.00    +30.50   +18.54%
       9             144  3441      聯一光                  44.00          0.00    79.30%    210.00   222.50   207.00   211.00      260.00   280.50   247.50   249.00    +38.00   +18.01%
      10              95  8086      宏捷科                  12.50          0.00    76.99%    116.00   120.50   116.00   120.00      129.00   140.00   127.50   140.00    +20.00   +16.67%
      11              70  5228      鈺鎧                    0.00          0.00    76.09%     46.35    48.05    45.20    48.05       55.80    55.80    55.80    55.80     +7.75   +16.13%
      12              34  3265      台星科                  29.00          0.00    74.95%    185.00   193.00   183.00   188.00      217.00   217.00   217.00   217.00    +29.00   +15.43%
      13             106  3491      昇達科                 230.00         10.00    74.06%   1480.00  1510.00  1475.00  1485.00     1745.00  1760.00  1680.00  1705.00   +220.00   +14.81%
      14              20  6811      宏碁資訊                 24.50          0.00    72.35%    244.00   244.00   239.00   240.00      270.00   273.00   266.50   273.00    +33.00   +13.75%
      15              24  3466      德晉                    0.00          0.00    72.03%     23.90    24.30    23.85    24.20       26.15    27.60    25.95    27.50     +3.30   +13.64%
      16              64  6187      萬潤                  180.00          0.00    71.69%   1290.00  1385.00  1290.00  1355.00     1545.00  1570.00  1510.00  1535.00   +180.00   +13.28%
      17             170  5013      強新                    0.00          0.00    71.61%     46.85    46.85    46.85    46.85       52.70    52.70    50.50    52.70     +5.85   +12.49%
      18             120  4908      前鼎                   33.00          0.00    71.58%    210.00   224.50   210.00   224.50      239.00   254.00   238.00   254.00    +29.50   +13.14%
      19              71  4171      瑞基                    0.00          0.00    70.56%     16.35    16.45    16.30    16.35       17.00    18.40    17.00    18.40     +2.05   +12.54%
      20              72  6028      公勝保經                 10.00          0.00    70.07%     98.90    99.90    98.90    99.80      102.50   112.00   102.50   112.00    +12.20   +12.22%
      21              29  3268      海德威                   0.00          0.00    69.81%     21.60    21.65    21.45    21.65       24.35    24.50    23.30    24.30     +2.65   +12.24%
      22             118  3362      先進光                  15.50          0.00    69.20%    175.50   178.00   174.50   175.50      190.00   196.00   187.50   196.00    +20.50   +11.68%
      23             164  5452      佶優                    0.00          0.00    69.20%     27.45    28.05    27.45    27.95       32.00    32.00    31.05    31.20     +3.25   +11.63%
      24              23  3147      大綜                   27.50          0.00    68.65%    266.00   273.00   255.00   264.50      286.50   296.50   283.00   295.00    +30.50   +11.53%
      25             114  3556      禾瑞亞                   0.00          0.00    68.22%     59.10    59.40    58.80    59.10       64.30    67.50    63.50    65.60     +6.50   +11.00%
      26             174  5011      久陽                    0.00          0.00    68.08%     18.55    20.45    18.50    20.45       21.40    23.80    21.40    22.65     +2.20   +10.76%
      27              73  5460      同協                    0.00          0.00    67.64%     17.40    17.40    17.20    17.40       19.20    19.25    18.15    19.25     +1.85   +10.63%
      28              96  6461      益得                    0.00          0.00    67.19%     24.05    26.45    24.05    26.45       29.35    29.35    28.20    29.20     +2.75   +10.40%
      29             182  6708      天擎                    0.00          0.00    66.96%     62.00    62.40    59.90    62.40       71.80    71.80    67.10    68.50     +6.10    +9.78%
      30              84  5398      慕康生醫                  0.00          0.00    66.49%     13.70    14.10    13.65    13.65       13.95    15.00    13.95    15.00     +1.35    +9.89%
      31             176  8111      立碁                    0.00          0.00    66.05%     80.10    85.80    80.10    85.80       93.10    97.50    92.00    94.00     +8.20    +9.56%
      32               9  3684      榮昌                    0.00          0.00    65.67%        --       --       --       --       57.70    60.50    56.60    60.50        --        --
      33             112  1815      富喬                    0.00          0.00    65.60%    116.50   122.00   116.00   121.00      127.50   139.00   127.00   132.50    +11.50    +9.50%
      34              50  5536      聖暉*                  91.00          0.00    65.19%    964.00   975.00   938.00   956.00     1000.00  1060.00   982.00  1045.00    +89.00    +9.31%
      35              19  4154      樂威科-KY                0.00          0.00    65.16%     11.25    11.25    11.25    11.25       12.30    12.30    12.30    12.30     +1.05    +9.33%
      36             132  6498      久禾光                   0.00          0.00    64.71%     68.00    68.40    67.70    68.40       74.30    75.30    73.50    74.50     +6.10    +8.92%
      37             239  3564      其陽                    0.00          0.00    64.49%     51.80    56.10    50.80    56.10       62.70    62.80    58.60    60.90     +4.80    +8.56%
      38             330  4543      萬在                    0.00          0.00    64.00%     30.15    30.40    30.10    30.25       30.20    32.75    29.90    32.75     +2.50    +8.26%
      39              16  1569      濱川                    0.00          0.00    63.88%     64.00    68.60    63.10    66.50       70.00    72.70    68.00    72.20     +5.70    +8.57%
      40             270  4707      磐亞                    0.00          0.00    63.81%     28.80    30.80    28.70    30.15       33.30    34.25    32.20    32.60     +2.45    +8.13%
==========================================================================================================================================================================
✅ 共 40 筆


══════════════════════════════════════════════════════════════════════════════════════════════════════════════
  🔄 第  3/3 次  2026/10/01 ～ 2026/10/06
══════════════════════════════════════════════════════════════════════════════════════════════════════════════

==========================================================================================================================================================================
📊 ROI 每日報酬率累計排名 (2026/10/01 ~ 2026/10/06)
==========================================================================================================================================================================
    實資排名          累計天數排名  代號        名稱                 累計漲停(元)       累計跌停(元)       強度%  (10/01)開盤      最高      最低      收盤    (10/06)開盤      最高      最低      收盤      賺賠    賺賠率
--------------------------------------------------------------------------------------------------------------------------------------------------------------------------
       1               1  5205      中茂                    0.00          0.00   100.00%     20.75    20.75    20.75    20.75       27.55    27.55    27.55    27.55     +6.80   +32.77%
       2               5  6708      天擎                    0.00          0.00    93.83%     56.80    56.80    54.90    56.80       75.40    75.40    69.50    72.90    +16.10   +28.35%
       3               7  3441      聯一光                  44.00          0.00    90.47%    189.00   202.50   189.00   202.50      238.00   255.00   238.00   255.00    +52.50   +25.93%
       4              12  6716      應廣                   25.00          0.00    88.13%    114.50   117.50   113.00   117.50      145.00   146.00   139.50   146.00    +28.50   +24.26%
       5              15  4556      旭然                   23.00          0.00    86.76%    108.00   111.50    98.30   111.50      124.50   138.00   123.50   137.50    +26.00   +23.32%
       6              11  5432      新門                   31.00          0.00    86.70%    160.50   165.50   158.00   158.50      192.00   195.50   185.50   195.50    +37.00   +23.34%
       7              24  4716      大立                    0.00          0.00    84.23%     16.95    17.60    16.70    17.25       20.95    20.95    20.95    20.95     +3.70   +21.45%
       8              18  6461      益得                    0.00          0.00    84.12%     24.20    24.40    23.75    24.05       27.20    29.30    27.20    29.20     +5.15   +21.41%
       9               9  6187      萬潤                  260.00          0.00    82.38%   1300.00  1325.00  1260.00  1275.00     1500.00  1590.00  1445.00  1535.00   +260.00   +20.39%
      10             151  3597      映興                    0.00          0.00    80.87%     28.10    28.10    27.60    28.10       33.45    33.45    33.45    33.45     +5.35   +19.04%
      11             125  3564      其陽                    0.00          0.00    80.33%     50.90    51.20    50.00    51.00       60.40    61.60    56.40    60.50     +9.50   +18.63%
      12             137  8111      立碁                    0.00          0.00    79.91%     79.30    80.50    78.00    78.00       98.90    99.70    90.60    92.30    +14.30   +18.33%
      13             160  4174      浩鼎                    0.00          0.00    79.26%     43.10    43.10    43.10    43.10       46.15    50.80    45.85    50.80     +7.70   +17.87%
      14             161  5011      久陽                    0.00          0.00    77.17%     18.90    18.90    18.45    18.60       23.85    23.85    20.25    21.65     +3.05   +16.40%
      15             163  4760      勤凱                   60.00         13.50    76.80%    267.00   288.50   267.00   288.50      335.00   356.00   320.00   335.00    +46.50   +16.12%
      16              22  5452      佶優                    0.00          0.00    76.60%     27.40    27.60    27.05    27.45       30.40    32.80    30.05    32.00     +4.55   +16.58%
      17              75  5228      鈺鎧                    0.00          0.00    76.43%     39.90    43.70    39.90    43.70       48.70    52.20    48.15    50.80     +7.10   +16.25%
      18              27  4707      磐亞                    0.00          0.00    75.73%     30.35    30.85    28.70    28.70       30.35    33.25    30.30    33.25     +4.55   +15.85%
      19              92  3491      昇達科                 230.00          0.00    74.62%   1510.00  1510.00  1450.00  1490.00     1710.00  1755.00  1645.00  1715.00   +225.00   +15.10%
      20             121  6274      台燿                  245.00         25.00    73.55%   1530.00  1540.00  1500.00  1535.00     1775.00  1775.00  1680.00  1755.00   +220.00   +14.33%
      21              25  4711      永純                    0.00          0.00    73.21%     16.70    16.75    16.05    16.15       16.80    18.45    16.80    18.45     +2.30   +14.24%
      22             169  3114      好德                    0.00          0.00    72.93%     34.60    38.05    34.60    36.05       47.95    47.95    40.00    40.85     +4.80   +13.31%
      23              20  3284      太普高                   0.00          0.00    72.62%     19.85    20.10    19.50    19.65       21.70    22.40    21.05    22.40     +2.75   +13.99%
      24             176  5013      強新                    0.00          0.00    71.87%     42.60    42.60    42.60    42.60       56.40    56.40    46.35    47.95     +5.35   +12.56%
      25              55  4706      大恭                    0.00          0.00    71.80%     34.30    34.65    34.25    34.65       38.40    39.25    36.10    39.25     +4.60   +13.28%
      26             130  4908      前鼎                   30.00          0.00    71.42%    208.00   209.00   204.00   204.50      236.50   237.00   225.00   231.00    +26.50   +12.96%
      27             138  7556      意德士                  37.50          0.00    70.83%    268.00   268.00   261.00   262.50      309.00   314.00   288.00   295.50    +33.00   +12.57%
      28              16  6223      旺矽                  640.00          0.00    70.57%   5130.00  5185.00  4995.00  5030.00     5530.00  5725.00  5425.00  5670.00   +640.00   +12.72%
      29             124  3297      杭特                    0.00          0.00    70.02%     32.80    33.00    31.50    31.50       33.00    35.30    33.00    35.30     +3.80   +12.06%
      30              48  6983      華洋精機                 35.50          0.00    69.68%    351.50   364.00   350.00   353.00      375.50   395.00   360.50   395.00    +42.00   +11.90%
      31              47  3268      海德威                   0.00          0.00    69.29%     21.80    21.80    21.50    21.60       23.50    24.75    23.40    24.15     +2.55   +11.81%
      32             101  6488      環球晶                 130.00         10.00    68.41%   1055.00  1135.00  1045.00  1085.00     1175.00  1260.00  1145.00  1205.00   +120.00   +11.06%
      33              43  3707      漢磊                    0.00          0.00    68.28%     76.00    78.50    75.60    77.50       87.20    87.50    83.10    86.00     +8.50   +10.97%
      34             113  8086      宏捷科                   0.00          0.00    67.96%    114.50   116.50   111.50   115.00      128.50   130.00   124.00   127.50    +12.50   +10.87%
      35             150  8437      大地-KY                 0.00          0.00    67.11%     10.10    10.65    10.10    10.60       11.00    12.10    10.85    11.70     +1.10   +10.38%
      36             184  3105      穩懋                   77.00         23.00    67.10%    546.00   546.00   529.00   538.00      615.00   623.00   588.00   592.00    +54.00   +10.04%
      37             171  6174      安碁                    0.00          0.00    66.94%     45.80    50.00    45.45    50.00       58.50    58.50    54.50    54.50     +4.50    +9.00%
      38              37  3466      德晉                    0.00          0.00    66.67%     23.90    24.00    23.70    23.75       24.65    26.70    24.60    26.15     +2.40   +10.11%
      39             177  3081      聯亞                  340.00         80.00    66.57%   2690.00  2720.00  2605.00  2660.00     3015.00  3055.00  2915.00  2920.00   +260.00    +9.77%
      40              80  6156      松上                    0.00          0.00    66.35%     21.80    22.35    21.75    21.75       22.45    24.45    22.10    23.90     +2.15    +9.89%
==========================================================================================================================================================================
✅ 共 40 筆
