
██████████████████████████████████████████████████████████████████████████████████████████████████████████████
  📅 天數組合: 5 日  →  輸出檔: s12_05.txt
██████████████████████████████████████████████████████████████████████████████████████████████████████████████

🔁 共執行 5 次，每次區間長度 5 個交易日

══════════════════════════════════════════════════════════════════════════════════════════════════════════════
  🔄 第  1/5 次  2026/10/01 ～ 2026/10/08
══════════════════════════════════════════════════════════════════════════════════════════════════════════════

==========================================================================================================================================================================
📊 累計漲跌停強度排名 (2026/10/01 ~ 2026/10/08)
==========================================================================================================================================================================
    實資排名        累計天數排名  代號        名稱                 累計漲停(元)       累計跌停(元)       強度%  (10/01)開盤      最高      最低      收盤    (10/08)開盤      最高      最低      收盤      賺賠    賺賠率
--------------------------------------------------------------------------------------------------------------------------------------------------------------------------
       1            38  2383      台光電                1110.00         45.00    18.89%   4950.00  4975.00  4855.00  4975.00     5910.00  6065.00  5745.00  6000.00  +1025.00   +20.60%
       2            51  3008      大立光                 910.00        195.00    12.68%   5950.00  6225.00  5740.00  6205.00     6805.00  6930.00  6600.00  6660.00   +455.00    +7.33%
       3            81  3661      世芯-KY               605.00          0.00    10.73%   3770.00  3820.00  3735.00  3765.00     4165.00  4480.00  4155.00  4345.00   +580.00   +15.41%
       4            61  7769      鴻勁                  455.00         35.00     7.45%   5570.00  5650.00  5435.00  5490.00     5880.00  6050.00  5880.00  5925.00   +435.00    +7.92%
       5            23  3653      健策                  840.00        475.00     6.48%   6720.00  6895.00  6665.00  6875.00     6800.00  7245.00  6775.00  7165.00   +290.00    +4.22%
       6            16  3443      創意                  785.00        465.00     5.68%   8040.00  8100.00  7730.00  7900.00     8550.00  8600.00  8325.00  8360.00   +460.00    +5.82%
       7            62  6442      光聖                  390.00         95.00     5.23%   1500.00  1515.00  1465.00  1480.00     1780.00  1790.00  1715.00  1785.00   +305.00   +20.61%
       8            57  2345      智邦                  355.00         60.00     5.23%   1795.00  1910.00  1785.00  1900.00     1990.00  2100.00  1970.00  2070.00   +170.00    +8.95%
       9            46  2360      致茂                  320.00        125.00     3.46%   2125.00  2150.00  2025.00  2080.00     2365.00  2390.00  2315.00  2330.00   +250.00   +12.02%
      10           114  6672      騰輝電子-KY             177.50          0.00     3.15%    376.50   405.50   369.50   405.50      505.00   555.00   505.00   555.00   +149.50   +36.87%
      11           101  6213      聯茂                  174.00          0.00     3.09%    623.00   643.00   611.00   642.00      786.00   806.00   763.00   806.00   +164.00   +25.55%
      12           128  3406      玉晶光                 205.00         35.00     3.02%    885.00   973.00   871.00   950.00     1070.00  1105.00  1060.00  1060.00   +110.00   +11.58%
      13           111  2368      金像電                 205.00         40.00     2.93%   1120.00  1125.00  1085.00  1095.00     1245.00  1290.00  1210.00  1285.00   +190.00   +17.35%
      14            87  3167      大量                  157.00          0.00     2.79%    908.00   975.00   908.00   975.00     1025.00  1055.00   990.00  1055.00    +80.00    +8.21%
      15            68  6669      緯穎                  225.00         75.00     2.66%   2095.00  2115.00  2095.00  2110.00     2230.00  2270.00  2200.00  2240.00   +130.00    +6.16%
      16            97  3533      嘉澤                  195.00         50.00     2.57%   1780.00  1865.00  1760.00  1855.00     1820.00  1935.00  1820.00  1915.00    +60.00    +3.23%
      17            95  8046      南電                  165.00         25.00     2.48%   1390.00  1450.00  1370.00  1420.00     1480.00  1490.00  1435.00  1475.00    +55.00    +3.87%
      18            69  2492      華新科                 121.50          0.00     2.16%    302.50   329.00   302.50   329.00      431.00   431.50   400.00   420.00    +91.00   +27.66%
      19           103  3189      景碩                  155.00         50.00     1.86%    976.00  1020.00   964.00  1010.00     1080.00  1095.00  1040.00  1075.00    +65.00    +6.44%
      20            44  8996      高力                  195.00         95.00     1.77%   1515.00  1600.00  1470.00  1565.00     1640.00  1710.00  1600.00  1710.00   +145.00    +9.27%
      21           100  3037      欣興                  150.00         50.00     1.77%   1195.00  1230.00  1170.00  1215.00     1280.00  1295.00  1255.00  1270.00    +55.00    +4.53%
      22            77  2327      國巨*                 100.00         12.00     1.56%    560.00   602.00   560.00   602.00      640.00   647.00   619.00   635.00    +33.00    +5.48%
      23            87  4958      臻鼎-KY                87.00          0.00     1.54%    512.00   522.00   498.50   510.00      593.00   613.00   587.00   592.00    +82.00   +16.08%
      24           121  6944      兆聯實業                134.00         48.00     1.53%    776.00   807.00   776.00   800.00      908.00   918.00   858.00   860.00    +60.00    +7.50%
      25            57  3026      禾伸堂                 142.00         56.00     1.53%    796.00   870.00   796.00   852.00      832.00   888.00   812.00   877.00    +25.00    +2.93%
      26            82  6957      裕慶-KY                86.00          0.00     1.53%    400.00   400.00   364.00   384.00      444.00   450.00   430.50   448.00    +64.00   +16.67%
      27           102  7711      永擎                   92.00         14.00     1.38%    561.00   616.00   551.00   616.00      632.00   639.00   623.00   635.00    +19.00    +3.08%
      28           101  6196      帆宣                   94.00         16.00     1.38%    588.00   602.00   579.00   602.00      670.00   676.00   648.00   674.00    +72.00   +11.96%
      29            83  2308      台達電                 180.00        105.00     1.33%   1925.00  1935.00  1860.00  1905.00     1980.00  1990.00  1950.00  1965.00    +60.00    +3.15%
      30           163  2466      冠西電                  70.00          0.00     1.24%    128.00   136.00   127.00   128.50      180.50   198.50   180.00   198.50    +70.00   +54.47%
      31            95  2330      台積電                 115.00         45.00     1.24%   2490.00  2510.00  2485.00  2510.00     2550.00  2575.00  2550.00  2550.00    +40.00    +1.59%
      32           114  6691      洋基工程                 80.00         11.00     1.22%    727.00   748.00   719.00   733.00      781.00   794.00   772.00   789.00    +56.00    +7.64%
      33            43  8021      尖點                   67.00          0.00     1.19%    487.00   503.00   487.00   503.00      553.00   568.00   544.00   557.00    +54.00   +10.74%
      34            97  6449      鈺邦                   64.50          0.00     1.14%    211.50   230.00   211.50   230.00      260.00   278.50   251.00   271.00    +41.00   +17.83%
      35            91  7750      新代                  200.00        140.00     1.06%   1940.00  1940.00  1890.00  1895.00     1995.00  2000.00  1960.00  1975.00    +80.00    +4.22%
      36           120  5434      崇越                   65.00         14.00     0.90%    556.00   567.00   550.00   567.00      601.00   602.00   593.00   596.00    +29.00    +5.11%
      37           105  3044      健鼎                   50.00          0.00     0.89%    523.00   529.00   521.00   529.00      571.00   594.00   568.00   582.00    +53.00   +10.02%
      38           179  1560      中砂                   77.00         30.00     0.83%    963.00  1015.00   963.00  1000.00     1030.00  1030.00  1000.00  1010.00    +10.00    +1.00%
      39            98  6531      愛普*                 122.00         75.00     0.83%    931.00   937.00   914.00   933.00      995.00  1015.00   980.00   980.00    +47.00    +5.04%
      40            53  1303      南亞                   47.00          0.00     0.83%    256.00   261.50   250.50   254.00      314.00   316.00   304.00   310.00    +56.00   +22.05%
==========================================================================================================================================================================
✅ 共 40 筆


══════════════════════════════════════════════════════════════════════════════════════════════════════════════
  🔄 第  2/5 次  2026/09/30 ～ 2026/10/07
══════════════════════════════════════════════════════════════════════════════════════════════════════════════

==========================================================================================================================================================================
📊 累計漲跌停強度排名 (2026/09/30 ~ 2026/10/07)
==========================================================================================================================================================================
    實資排名        累計天數排名  代號        名稱                 累計漲停(元)       累計跌停(元)       強度%  (09/30)開盤      最高      最低      收盤    (10/07)開盤      最高      最低      收盤      賺賠    賺賠率
--------------------------------------------------------------------------------------------------------------------------------------------------------------------------
       1            59  2383      台光電                1075.00         45.00    13.36%   4990.00  5030.00  4935.00  4935.00     6015.00  6325.00  5950.00  5950.00  +1015.00   +20.57%
       2            52  3008      大立光                 910.00         85.00    10.70%   6010.00  6090.00  5945.00  5945.00     6830.00  6970.00  6745.00  6845.00   +900.00   +15.14%
       3            13  3443      創意                  900.00        365.00     6.94%   8090.00  8110.00  7860.00  8040.00     8485.00  8750.00  8350.00  8460.00   +420.00    +5.22%
       4            88  3661      世芯-KY               505.00          0.00     6.55%   3745.00  3810.00  3730.00  3740.00     4200.00  4295.00  4135.00  4190.00   +450.00   +12.03%
       5            66  6442      光聖                  390.00         75.00     4.09%   1525.00  1540.00  1480.00  1490.00     1715.00  1815.00  1715.00  1815.00   +325.00   +21.81%
       6            52  7769      鴻勁                  415.00        115.00     3.89%   5650.00  5650.00  5380.00  5505.00     5910.00  6020.00  5820.00  5885.00   +380.00    +6.90%
       7            44  2360      致茂                  320.00        105.00     2.79%   2245.00  2280.00  2135.00  2135.00     2480.00  2560.00  2385.00  2400.00   +265.00   +12.41%
       8           100  8046      南電                  235.00         25.00     2.72%   1285.00  1340.00  1250.00  1340.00     1505.00  1560.00  1470.00  1480.00   +140.00   +10.45%
       9            60  2345      智邦                  300.00         95.00     2.66%   1830.00  1855.00  1770.00  1775.00     2050.00  2140.00  2005.00  2015.00   +240.00   +13.52%
      10           110  3406      玉晶光                 205.00         10.00     2.53%    890.00   921.00   878.00   890.00     1045.00  1120.00  1035.00  1085.00   +195.00   +21.91%
      11            74  6213      聯茂                  164.00          0.00     2.13%    624.00   649.00   622.00   623.00      787.00   813.00   780.00   796.00   +173.00   +27.77%
      12           119  6672      騰輝電子-KY             161.00          0.00     2.09%    337.50   369.00   335.50   369.00      505.00   505.00   497.50   505.00   +136.00   +36.86%
      13            76  2308      台達電                 235.00         80.00     2.01%   1885.00  1930.00  1870.00  1890.00     2025.00  2045.00  1975.00  1990.00   +100.00    +5.29%
      14           127  3037      欣興                  160.00         15.00     1.88%   1175.00  1190.00  1155.00  1175.00     1310.00  1345.00  1300.00  1305.00   +130.00   +11.06%
      15            39  3017      奇鋐                  355.00        210.00     1.88%   3455.00  3575.00  3405.00  3435.00     3650.00  3655.00  3505.00  3545.00   +110.00    +3.20%
      16           115  3189      景碩                  170.00         25.00     1.88%    961.00   972.00   937.00   970.00     1085.00  1145.00  1085.00  1100.00   +130.00   +13.40%
      17            85  6669      緯穎                  225.00         85.00     1.82%   2130.00  2145.00  2090.00  2090.00     2300.00  2310.00  2235.00  2240.00   +150.00    +7.18%
      18           112  6944      兆聯實業                134.00          0.00     1.74%    780.00   795.00   774.00   775.00      835.00   908.00   835.00   908.00   +133.00   +17.16%
      19           101  2368      金像電                 165.00         40.00     1.62%   1115.00  1160.00  1070.00  1120.00     1265.00  1310.00  1240.00  1245.00   +125.00   +11.16%
      20            69  2492      華新科                 121.50          0.00     1.58%    306.00   309.00   298.50   299.50      389.00   428.00   388.00   428.00   +128.50   +42.90%
      21            98  6691      洋基工程                132.00         11.00     1.57%    666.00   719.00   665.00   719.00      787.00   793.00   775.00   776.00    +57.00    +7.93%
      22            96  6957      裕慶-KY               119.50          0.00     1.55%    365.00   371.00   356.00   371.00      405.00   444.00   404.50   444.00    +73.00   +19.68%
      23           112  6196      帆宣                  135.00         16.00     1.54%    552.00   588.00   551.00   585.00      660.00   675.00   660.00   670.00    +85.00   +14.53%
      24            99  2404      漢唐                  135.00         20.00     1.49%   1230.00  1300.00  1230.00  1290.00     1335.00  1340.00  1305.00  1330.00    +40.00    +3.10%
      25           100  3533      嘉澤                  165.00         50.00     1.49%   1730.00  1785.00  1705.00  1770.00     1890.00  1895.00  1825.00  1825.00    +55.00    +3.11%
      26            84  3167      大量                  127.00         16.00     1.44%    902.00   906.00   879.00   887.00     1025.00  1060.00  1015.00  1025.00   +138.00   +15.56%
      27            85  2330      台積電                 115.00         10.00     1.36%   2495.00  2510.00  2480.00  2480.00     2565.00  2585.00  2560.00  2585.00   +105.00    +4.23%
      28            50  2327      國巨*                 100.00          0.00     1.30%    557.00   564.00   548.00   548.00      630.00   686.00   627.00   647.00    +99.00   +18.07%
      29           133  7711      永擎                  106.00         14.00     1.19%    553.00   566.00   549.00   560.00      622.00   646.00   616.00   632.00    +72.00   +12.86%
      30            87  4958      臻鼎-KY                87.00          0.00     1.13%    510.00   510.00   494.00   507.00      576.00   600.00   573.00   595.00    +88.00   +17.36%
      31            95  7610      聯友金屬-創              135.00         65.00     0.91%   1785.00  1845.00  1730.00  1735.00     1820.00  1890.00  1800.00  1805.00    +70.00    +4.03%
      32            76  6531      愛普*                 122.00         55.00     0.87%    943.00   964.00   924.00   927.00     1035.00  1045.00   999.00  1000.00    +73.00    +7.87%
      33            43  8021      尖點                   67.00          0.00     0.87%    486.00   487.50   480.00   486.00      562.00   574.00   549.00   556.00    +70.00   +14.40%
      34           150  5434      崇越                   80.00         14.00     0.86%    550.00   565.00   547.00   555.00      630.00   634.00   600.00   605.00    +50.00    +9.01%
      35           183  2466      冠西電                  63.00          0.00     0.82%    115.00   124.50   115.00   124.50      165.00   183.50   164.50   180.50    +56.00   +44.98%
      36            30  3532      台勝科                  63.00          0.00     0.82%    459.50   488.50   453.00   471.00      468.00   513.00   467.00   513.00    +42.00    +8.92%
      37           154  7795      長廣                   71.00         10.00     0.79%    499.50   501.00   487.50   488.00      556.00   565.00   540.00   545.00    +57.00   +11.68%
      38           147  1560      中砂                   77.00         20.00     0.74%    958.00   971.00   953.00   963.00     1030.00  1040.00  1015.00  1020.00    +57.00    +5.92%
      39            62  8996      高力                  150.00         95.00     0.71%   1600.00  1665.00  1565.00  1605.00     1660.00  1660.00  1605.00  1645.00    +40.00    +2.49%
      40           106  6139      亞翔                   55.00          0.00     0.71%    741.00   762.00   740.00   756.00      788.00   795.00   780.00   787.00    +31.00    +4.10%
==========================================================================================================================================================================
✅ 共 40 筆


══════════════════════════════════════════════════════════════════════════════════════════════════════════════
  🔄 第  3/5 次  2026/09/29 ～ 2026/10/06
══════════════════════════════════════════════════════════════════════════════════════════════════════════════

==========================================================================================================================================================================
📊 累計漲跌停強度排名 (2026/09/29 ~ 2026/10/06)
==========================================================================================================================================================================
    實資排名        累計天數排名  代號        名稱                 累計漲停(元)       累計跌停(元)       強度%  (09/29)開盤      最高      最低      收盤    (10/06)開盤      最高      最低      收盤      賺賠    賺賠率
--------------------------------------------------------------------------------------------------------------------------------------------------------------------------
       1            57  2383      台光電                1075.00        130.00    12.84%   4910.00  5055.00  4870.00  4920.00     6040.00  6115.00  5820.00  5995.00  +1075.00   +21.85%
       2            11  2059      川湖                 1520.00        770.00    10.19%  12350.00 12550.00 11900.00 12115.00    13500.00 13500.00 12845.00 13100.00   +985.00    +8.13%
       3            24  3008      大立光                 910.00        300.00     8.29%   6100.00  6205.00  5940.00  6020.00     6800.00  6915.00  6705.00  6855.00   +835.00   +13.87%
       4            68  3661      世芯-KY               495.00         85.00     5.57%   3750.00  3795.00  3675.00  3685.00     4000.00  4240.00  3850.00  4180.00   +495.00   +13.43%
       5            30  6515      穎崴                  690.00        410.00     3.81%   5720.00  5765.00  5650.00  5675.00     6220.00  6285.00  6060.00  6130.00   +455.00    +8.02%
       6            91  8046      南電                  265.00          0.00     3.60%   1210.00  1280.00  1200.00  1270.00     1500.00  1520.00  1485.00  1505.00   +235.00   +18.50%
       7            48  7769      鴻勁                  415.00        180.00     3.19%   5605.00  5795.00  5570.00  5585.00     5940.00  6115.00  5815.00  5905.00   +320.00    +5.73%
       8            84  6213      聯茂                  189.00          0.00     2.57%    620.00   628.00   588.00   620.00      797.00   818.00   762.00   787.00   +167.00   +26.94%
       9           109  6669      緯穎                  225.00         50.00     2.38%   2105.00  2125.00  2085.00  2100.00     2200.00  2335.00  2185.00  2290.00   +190.00    +9.05%
      10           102  3533      嘉澤                  185.00         10.00     2.38%   1680.00  1765.00  1680.00  1710.00     1905.00  1925.00  1860.00  1865.00   +155.00    +9.06%
      11            41  3653      健策                  480.00        320.00     2.17%   7000.00  7160.00  6850.00  6895.00     7185.00  7280.00  7050.00  7080.00   +185.00    +2.68%
      12           100  2368      金像電                 180.00         25.00     2.11%   1100.00  1125.00  1070.00  1120.00     1220.00  1295.00  1200.00  1260.00   +140.00   +12.50%
      13            57  2345      智邦                  300.00        145.00     2.11%   1845.00  1880.00  1800.00  1810.00     2080.00  2105.00  2035.00  2050.00   +240.00   +13.26%
      14            83  2308      台達電                 235.00         95.00     1.90%   1880.00  1950.00  1810.00  1835.00     2045.00  2115.00  2010.00  2050.00   +215.00   +11.72%
      15           127  3406      玉晶光                 165.00         29.00     1.85%    890.00   893.00   869.00   882.00     1085.00  1095.00  1020.00  1045.00   +163.00   +18.48%
      16            41  3017      奇鋐                  355.00        225.00     1.77%   3420.00  3460.00  3285.00  3400.00     3650.00  3700.00  3515.00  3685.00   +285.00    +8.38%
      17           151  3037      欣興                  160.00         35.00     1.70%   1170.00  1185.00  1130.00  1165.00     1335.00  1340.00  1285.00  1310.00   +145.00   +12.45%
      18            84  6442      光聖                  225.00        105.00     1.63%   1530.00  1545.00  1490.00  1500.00     1705.00  1710.00  1640.00  1650.00   +150.00   +10.00%
      19           105  6691      洋基工程                132.00         13.00     1.62%    657.00   665.00   645.00   654.00      794.00   794.00   769.00   787.00   +133.00   +20.34%
      20           113  6672      騰輝電子-KY             115.50          0.00     1.57%    330.50   335.50   321.00   335.50      456.00   459.50   435.00   459.50   +124.00   +36.96%
      21           101  3189      景碩                  140.00         25.00     1.56%    960.00   969.00   939.00   955.00     1095.00  1105.00  1055.00  1070.00   +115.00   +12.04%
      22            90  6957      裕慶-KY               110.00          0.00     1.49%    334.50   337.50   307.50   337.50      417.50   417.50   391.00   404.00    +66.50   +19.70%
      23            85  2330      台積電                 115.00         10.00     1.43%   2475.00  2495.00  2475.00  2475.00     2575.00  2590.00  2565.00  2585.00   +110.00    +4.44%
      24           135  6196      帆宣                  135.00         37.00     1.33%    554.00   554.00   537.00   544.00      684.00   684.00   649.00   663.00   +119.00   +21.88%
      25            80  4958      臻鼎-KY                89.00          0.00     1.21%    479.00   499.50   472.50   498.50      588.00   604.00   572.00   574.00    +75.50   +15.15%
      26           126  5434      崇越                   80.00          0.00     1.09%    539.00   545.00   538.00   540.00      620.00   633.00   613.00   619.00    +79.00   +14.63%
      27           108  7711      永擎                   94.00         14.00     1.09%    540.00   553.00   537.00   546.00      640.00   655.00   612.00   620.00    +74.00   +13.55%
      28            72  7788      松川精密                 75.00          0.00     1.02%    290.50   296.00   287.00   287.50      339.50   365.50   335.00   365.50    +78.00   +27.13%
      29            98  2492      華新科                  83.00          9.50     1.00%    313.00   321.00   299.00   302.00      370.00   395.00   362.50   389.50    +87.50   +28.97%
      30           120  7795      長廣                   71.00          0.00     0.96%    480.00   502.00   480.00   496.00      567.00   567.00   535.00   555.00    +59.00   +11.90%
      31           117  3583      辛耘                   70.00          0.00     0.95%    698.00   721.00   698.00   713.00      758.00   777.00   741.00   762.00    +49.00    +6.87%
      32           126  6944      兆聯實業                 68.00          0.00     0.92%    763.00   795.00   760.00   776.00      823.00   832.00   814.00   826.00    +50.00    +6.44%
      33            43  8021      尖點                   67.00          0.00     0.91%    475.50   481.50   470.00   480.00      566.00   584.00   557.00   561.00    +81.00   +16.88%
      34            58  8996      高力                  160.00         95.00     0.88%   1505.00  1625.00  1480.00  1585.00     1600.00  1600.00  1540.00  1600.00    +15.00    +0.95%
      35           100  3167      大量                  127.00         62.00     0.88%    936.00   946.00   895.00   903.00     1010.00  1020.00   970.00  1020.00   +117.00   +12.96%
      36            62  6533      晶心科                  90.50         30.50     0.82%    272.50   303.50   268.00   303.50      336.00   348.00   326.00   345.00    +41.50   +13.67%
      37            48  2360      致茂                  270.00        215.00     0.75%   2255.00  2325.00  2160.00  2185.00     2330.00  2370.00  2275.00  2350.00   +165.00    +7.55%
      38            52  7822      倍利科                  78.00         24.00     0.73%    930.00   986.00   925.00   976.00     1005.00  1025.00   976.00   976.00     +0.00    +0.00%
      39           153  2466      冠西電                  53.00          0.00     0.72%    119.50   119.50   112.50   113.50      160.00   170.50   157.50   170.50    +57.00   +50.22%
      40            57  7799      禾榮科                  64.50         12.00     0.71%    496.00   510.00   490.00   490.50      537.00   545.00   531.00   531.00    +40.50    +8.26%
==========================================================================================================================================================================
✅ 共 40 筆


══════════════════════════════════════════════════════════════════════════════════════════════════════════════
  🔄 第  4/5 次  2026/09/24 ～ 2026/10/05
══════════════════════════════════════════════════════════════════════════════════════════════════════════════

==========================================================================================================================================================================
📊 累計漲跌停強度排名 (2026/09/24 ~ 2026/10/05)
==========================================================================================================================================================================
    實資排名        累計天數排名  代號        名稱                 累計漲停(元)       累計跌停(元)       強度%  (09/24)開盤      最高      最低      收盤    (10/05)開盤      最高      最低      收盤      賺賠    賺賠率
--------------------------------------------------------------------------------------------------------------------------------------------------------------------------
       1            14  2059      川湖                 1520.00        555.00    11.51%  12400.00 12640.00 12185.00 12350.00    12500.00 13355.00 12450.00 13355.00  +1005.00    +8.14%
       2            37  3653      健策                  990.00        195.00     9.48%   6560.00  6920.00  6215.00  6920.00     6800.00  7440.00  6760.00  7205.00   +285.00    +4.12%
       3            70  2383      台光電                 810.00        130.00     8.11%   5025.00  5170.00  4980.00  5050.00     5630.00  5700.00  5600.00  5700.00   +650.00   +12.87%
       4            27  3008      大立光                 840.00        300.00     6.44%   6105.00  6310.00  6080.00  6245.00     6490.00  6850.00  6460.00  6730.00   +485.00    +7.77%
       5            77  8046      南電                  285.00          0.00     3.40%   1210.00  1270.00  1190.00  1240.00     1460.00  1550.00  1445.00  1495.00   +255.00   +20.56%
       6            11  3443      創意                  955.00        740.00     2.56%   8300.00  8545.00  8205.00  8525.00     8150.00  8690.00  8150.00  8600.00    +75.00    +0.88%
       7            25  6515      穎崴                  690.00        480.00     2.50%   5995.00  5995.00  5790.00  5850.00     6115.00  6280.00  6015.00  6205.00   +355.00    +6.07%
       8            83  6213      聯茂                  207.00          0.00     2.47%    595.00   595.00   592.00   595.00      690.00   751.00   682.00   751.00   +156.00   +26.22%
       9            95  3189      景碩                  196.00          0.00     2.34%    938.00   996.00   929.00   962.00     1055.00  1150.00  1030.00  1095.00   +133.00   +13.83%
      10            99  3661      世芯-KY               275.00         85.00     2.27%   3730.00  3785.00  3715.00  3770.00     3875.00  4000.00  3870.00  3950.00   +180.00    +4.77%
      11           102  6442      光聖                  240.00         50.00     2.27%   1510.00  1535.00  1485.00  1530.00     1675.00  1755.00  1620.00  1705.00   +175.00   +11.44%
      12            72  3533      嘉澤                  185.00          0.00     2.21%   1660.00  1735.00  1660.00  1690.00     1860.00  1895.00  1850.00  1875.00   +185.00   +10.95%
      13            46  2345      智邦                  300.00        120.00     2.15%   1880.00  1905.00  1855.00  1895.00     2070.00  2110.00  2015.00  2075.00   +180.00    +9.50%
      14           148  3037      欣興                  185.00         20.00     1.97%   1155.00  1190.00  1145.00  1185.00     1325.00  1420.00  1310.00  1325.00   +140.00   +11.81%
      15           126  6672      騰輝電子-KY             146.00          0.00     1.74%    315.00   337.50   315.00   337.50      444.00   457.50   435.00   451.00   +113.50   +33.63%
      16            98  3406      玉晶光                 165.00         19.00     1.74%    901.00   911.00   885.00   901.00      971.00  1055.00   971.00  1055.00   +154.00   +17.09%
      17            24  3665      貿聯-KY               255.00        110.00     1.73%   2410.00  2470.00  2285.00  2340.00     2560.00  2560.00  2445.00  2485.00   +145.00    +6.20%
      18           125  6691      洋基工程                153.00         13.00     1.67%    639.00   668.00   636.00   667.00      752.00   794.00   747.00   794.00   +127.00   +19.04%
      19           141  6196      帆宣                  151.00         21.00     1.55%    547.00   566.00   541.00   565.00      628.00   679.00   622.00   679.00   +114.00   +20.18%
      20           119  6957      裕慶-KY               121.50          0.00     1.45%    298.50   307.00   287.00   307.00      386.00   413.00   380.50   410.00   +103.00   +33.55%
      21           106  7750      新代                  205.00         85.00     1.43%   1935.00  2015.00  1920.00  1970.00     1885.00  2070.00  1885.00  2070.00   +100.00    +5.08%
      22            40  3017      奇鋐                  340.00        225.00     1.37%   3460.00  3600.00  3455.00  3555.00     3570.00  3690.00  3420.00  3585.00    +30.00    +0.84%
      23           108  2308      台達電                 200.00         95.00     1.25%   1875.00  1935.00  1875.00  1910.00     1920.00  2010.00  1920.00  2005.00    +95.00    +4.97%
      24            39  7822      倍利科                 115.00         10.00     1.25%    879.00   926.00   878.00   920.00     1010.00  1030.00   987.00   990.00    +70.00    +7.61%
      25            91  3167      大量                  162.00         62.00     1.19%    889.00   968.00   871.00   949.00      984.00  1005.00   970.00   996.00    +47.00    +4.95%
      26            86  7711      永擎                   94.00          0.00     1.12%    543.00   548.00   535.00   542.00      615.00   665.00   609.00   634.00    +92.00   +16.97%
      27            80  4958      臻鼎-KY                89.00          0.00     1.06%    473.50   480.50   472.00   475.50      582.00   590.00   568.00   576.00   +100.50   +21.14%
      28           117  6944      兆聯實業                 85.00          0.00     1.01%    730.00   762.00   730.00   760.00      802.00   820.00   791.00   814.00    +54.00    +7.11%
      29            80  6533      晶心科                 115.50         30.50     1.01%    251.00   276.00   250.00   276.00      351.00   351.50   332.00   336.00    +60.00   +21.74%
      30           126  5434      崇越                   80.00          0.00     0.95%    543.00   543.00   536.00   542.00      598.00   623.00   593.00   620.00    +78.00   +14.39%
      31           142  1560      中砂                   93.00         15.00     0.93%    950.00   975.00   945.00   971.00     1020.00  1060.00  1010.00  1040.00    +69.00    +7.11%
      32            97  2368      金像電                 135.00         60.00     0.89%   1135.00  1150.00  1075.00  1105.00     1160.00  1215.00  1160.00  1215.00   +110.00    +9.95%
      33           120  7795      長廣                   71.00          0.00     0.85%    488.50   495.50   483.50   490.50      555.00   574.00   554.00   559.00    +68.50   +13.97%
      34            65  2330      台積電                 105.00         35.00     0.83%   2480.00  2490.00  2470.00  2475.00     2550.00  2580.00  2545.00  2575.00   +100.00    +4.04%
      35            43  8021      尖點                   67.00          0.00     0.80%    480.50   480.50   474.50   480.00      560.00   577.00   536.00   560.00    +80.00   +16.67%
      36           111  2404      漢唐                  145.00         85.00     0.72%   1255.00  1285.00  1205.00  1285.00     1300.00  1325.00  1280.00  1310.00    +25.00    +1.95%
      37            49  6531      愛普*                 122.00         64.00     0.69%    990.00  1005.00   951.00   993.00     1015.00  1090.00   995.00  1055.00    +62.00    +6.24%
      38            75  8996      高力                  160.00        105.00     0.66%   1555.00  1560.00  1480.00  1530.00     1555.00  1600.00  1540.00  1595.00    +65.00    +4.25%
      39            64  3026      禾伸堂                 103.00         49.00     0.64%    768.00   820.00   765.00   810.00      855.00   861.00   817.00   817.00     +7.00    +0.86%
      40            82  2492      華新科                  62.00          9.50     0.63%    305.00   315.50   302.00   311.50      377.50   396.00   365.00   368.50    +57.00   +18.30%
==========================================================================================================================================================================
✅ 共 40 筆


══════════════════════════════════════════════════════════════════════════════════════════════════════════════
  🔄 第  5/5 次  2026/09/23 ～ 2026/10/02
══════════════════════════════════════════════════════════════════════════════════════════════════════════════

==========================================================================================================================================================================
📊 累計漲跌停強度排名 (2026/09/23 ~ 2026/10/02)
==========================================================================================================================================================================
    實資排名        累計天數排名  代號        名稱                 累計漲停(元)       累計跌停(元)       強度%  (09/23)開盤      最高      最低      收盤    (10/02)開盤      最高      最低      收盤      賺賠    賺賠率
--------------------------------------------------------------------------------------------------------------------------------------------------------------------------
       1            33  3653      健策                 1165.00        195.00    33.98%   6005.00  6410.00  5930.00  6410.00     6790.00  7065.00  6760.00  6800.00   +390.00    +6.08%
       2            70  2383      台光電                 455.00        130.00    11.39%   4910.00  5110.00  4860.00  5020.00     5040.00  5190.00  4975.00  5185.00   +165.00    +3.29%
       3            14  6515      穎崴                  785.00        480.00    10.68%   5815.00  6070.00  5715.00  5995.00     5770.00  6160.00  5770.00  6070.00    +75.00    +1.25%
       4            59  8046      南電                  295.00          0.00    10.33%   1185.00  1225.00  1150.00  1210.00     1440.00  1480.00  1395.00  1460.00   +250.00   +20.66%
       5            30  3665      貿聯-KY               350.00         55.00    10.33%   2290.00  2340.00  2240.00  2340.00     2620.00  2670.00  2525.00  2540.00   +200.00    +8.55%
       6           116  3037      欣興                  205.00         20.00     6.48%   1120.00  1200.00  1115.00  1160.00     1225.00  1305.00  1215.00  1305.00   +145.00   +12.50%
       7            67  3189      景碩                  151.00          0.00     5.29%    905.00   922.00   881.00   906.00     1010.00  1070.00  1005.00  1050.00   +144.00   +15.89%
       8            76  2404      漢唐                  230.00         85.00     5.08%   1160.00  1250.00  1140.00  1250.00     1320.00  1355.00  1265.00  1285.00    +35.00    +2.80%
       9            61  6213      聯茂                  139.00          0.00     4.87%    542.00   547.00   525.00   541.00      646.00   700.00   639.00   683.00   +142.00   +26.25%
      10            63  6672      騰輝電子-KY             134.00          0.00     4.69%    302.00   310.00   298.00   307.00      413.00   439.00   404.00   439.00   +132.00   +43.00%
      11            57  7822      倍利科                 133.00          0.00     4.66%    888.00   892.00   866.00   883.00     1000.00  1015.00   990.00  1000.00   +117.00   +13.25%
      12            53  3167      大量                  173.00         62.00     3.89%    873.00   903.00   860.00   890.00      983.00  1005.00   948.00   981.00    +91.00   +10.22%
      13            31  3533      嘉澤                  165.00         55.00     3.85%   1755.00  1760.00  1660.00  1690.00     1825.00  1865.00  1800.00  1855.00   +165.00    +9.76%
      14            83  6442      光聖                  160.00         50.00     3.85%   1525.00  1545.00  1490.00  1515.00     1520.00  1625.00  1520.00  1625.00   +110.00    +7.26%
      15            76  6533      晶心科                 115.50         14.50     3.54%    259.00   264.00   249.50   251.00      366.50   366.50   350.50   352.00   +101.00   +40.24%
      16           129  6691      洋基工程                111.00         13.00     3.43%    639.00   651.00   632.00   646.00      740.00   759.00   730.00   741.00    +95.00   +14.71%
      17           100  3661      世芯-KY               180.00         85.00     3.33%   3790.00  3845.00  3715.00  3760.00     3765.00  3855.00  3765.00  3810.00    +50.00    +1.33%
      18            87  6957      裕慶-KY                88.50          0.00     3.10%    300.00   305.00   295.00   295.50      375.00   389.00   366.00   377.00    +81.50   +27.58%
      19           145  6196      帆宣                  104.00         21.00     2.91%    538.00   558.00   534.00   549.00      609.00   619.00   602.00   618.00    +69.00   +12.57%
      20            65  6933      AMAX-KY              90.00         15.50     2.61%    320.00   350.00   320.00   350.00      394.00   413.00   378.00   379.00    +29.00    +8.29%
      21            57  6944      兆聯實業                 70.00          0.00     2.45%    727.00   738.00   723.00   731.00      805.00   810.00   785.00   799.00    +68.00    +9.30%
      22            42  7711      永擎                   70.00          0.00     2.45%    545.00   561.00   538.00   543.00      616.00   620.00   602.00   610.00    +67.00   +12.34%
      23            43  8021      尖點                   67.00          0.00     2.35%    471.50   480.00   464.00   478.00      503.00   553.00   501.00   553.00    +75.00   +15.69%
      24            65  6526      達發                  102.00         37.00     2.28%    777.00   840.00   761.00   840.00      838.00   838.00   821.00   835.00     -5.00    -0.60%
      25            86  2368      金像電                 125.00         60.00     2.28%   1085.00  1140.00  1030.00  1140.00     1100.00  1120.00  1085.00  1105.00    -35.00    -3.07%
      26            77  3026      禾伸堂                 103.00         43.00     2.10%    791.00   803.00   760.00   768.00      845.00   881.00   831.00   835.00    +67.00    +8.72%
      27            34  4958      臻鼎-KY                74.00         16.00     2.03%    471.50   482.50   470.00   473.00      515.00   561.00   514.00   561.00    +88.00   +18.60%
      28           113  6139      亞翔                   78.00         21.00     2.00%    725.00   750.00   720.00   736.00      762.00   776.00   754.00   775.00    +39.00    +5.30%
      29            34  6531      愛普*                 120.00         64.00     1.96%    940.00   999.00   940.00   987.00      932.00  1025.00   920.00  1000.00    +13.00    +1.32%
      30           104  1560      中砂                   68.00         15.00     1.86%    955.00   992.00   947.00   955.00     1005.00  1030.00   993.00  1015.00    +60.00    +6.28%
      31           117  3016      嘉晶                   52.50          0.00     1.84%    145.00   145.50   141.50   145.50      169.50   182.00   169.50   180.50    +35.00   +24.05%
      32            82  2492      華新科                  62.00          9.50     1.84%    314.50   322.50   304.00   306.00      335.00   361.50   329.00   361.50    +55.50   +18.14%
      33            39  3017      奇鋐                  275.00        225.00     1.75%   3425.00  3590.00  3410.00  3470.00     3570.00  3570.00  3385.00  3440.00    -30.00    -0.86%
      34            51  2327      國巨*                  78.00         32.00     1.61%    581.00   601.00   570.00   573.00      604.00   647.00   598.00   626.00    +53.00    +9.25%
      35            66  7795      長廣                   60.00         14.50     1.59%    518.00   524.00   490.00   490.50      532.00   566.00   524.00   548.00    +57.50   +11.72%
      36            40  2345      智邦                  190.00        145.00     1.58%   1935.00  1955.00  1845.00  1890.00     1955.00  1980.00  1920.00  1965.00    +75.00    +3.97%
      37            85  3563      牧德                   96.00         53.00     1.51%    720.00   774.00   715.00   753.00      750.00   764.00   730.00   760.00     +7.00    +0.93%
      38            97  5434      崇越                   43.00          0.00     1.51%    537.00   545.00   537.00   542.00      571.00   585.00   568.00   583.00    +41.00    +7.56%
      39            83  7799      禾榮科                  87.50         45.00     1.49%    508.00   558.00   508.00   531.00      558.00   561.00   535.00   543.00    +12.00    +2.26%
      40            45  3450      聯鈞                   40.00          0.00     1.40%    533.00   549.00   517.00   520.00      531.00   553.00   522.00   543.00    +23.00    +4.42%
==========================================================================================================================================================================
✅ 共 40 筆
