
██████████████████████████████████████████████████████████████████████████████████████████████████████████████
  📅 天數組合: 3 日  →  輸出檔: s12_03.txt
██████████████████████████████████████████████████████████████████████████████████████████████████████████████

🔁 共執行 3 次，每次區間長度 3 個交易日

══════════════════════════════════════════════════════════════════════════════════════════════════════════════
  🔄 第  1/3 次  2026/10/05 ～ 2026/10/08
══════════════════════════════════════════════════════════════════════════════════════════════════════════════

==========================================================================================================================================================================
📊 累計漲跌停強度排名 (2026/10/05 ~ 2026/10/08)
==========================================================================================================================================================================
    實資排名        累計天數排名  代號        名稱                 累計漲停(元)       累計跌停(元)       強度%  (10/05)開盤      最高      最低      收盤    (10/08)開盤      最高      最低      收盤      賺賠    賺賠率
--------------------------------------------------------------------------------------------------------------------------------------------------------------------------
       1            20  2383      台光電                 860.00         45.00    27.12%   5630.00  5700.00  5600.00  5700.00     5910.00  6065.00  5745.00  6000.00   +300.00    +5.26%
       2            45  3661      世芯-KY               535.00          0.00    17.80%   3875.00  4000.00  3870.00  3950.00     4165.00  4480.00  4155.00  4345.00   +395.00   +10.00%
       3            13  3443      創意                  785.00        325.00    15.31%   8150.00  8690.00  8150.00  8600.00     8550.00  8600.00  8325.00  8360.00   -240.00    -2.79%
       4            42  3008      大立光                 565.00        195.00    12.31%   6490.00  6850.00  6460.00  6730.00     6805.00  6930.00  6600.00  6660.00    -70.00    -1.04%
       5            14  3653      健策                  765.00        400.00    12.15%   6800.00  7440.00  6760.00  7205.00     6800.00  7245.00  6775.00  7165.00    -40.00    -0.56%
       6            39  7769      鴻勁                  365.00         20.00    11.48%   5660.00  5875.00  5610.00  5815.00     5880.00  6050.00  5880.00  5925.00   +110.00    +1.89%
       7            30  8996      高力                  195.00          0.00     6.49%   1555.00  1600.00  1540.00  1595.00     1640.00  1710.00  1600.00  1710.00   +115.00    +7.21%
       8            53  2368      金像電                 195.00         15.00     5.99%   1160.00  1215.00  1160.00  1215.00     1245.00  1290.00  1210.00  1285.00    +70.00    +5.76%
       9            40  6442      光聖                  245.00         85.00     5.32%   1675.00  1755.00  1620.00  1705.00     1780.00  1790.00  1715.00  1785.00    +80.00    +4.69%
      10            34  6669      緯穎                  205.00         50.00     5.16%   2115.00  2170.00  2095.00  2150.00     2230.00  2270.00  2200.00  2240.00    +90.00    +4.19%
      11            36  2360      致茂                  210.00         70.00     4.66%   2225.00  2355.00  2215.00  2325.00     2365.00  2390.00  2315.00  2330.00     +5.00    +0.22%
      12            58  6213      聯茂                  114.00          0.00     3.79%    690.00   751.00   682.00   751.00      786.00   806.00   763.00   806.00    +55.00    +7.32%
      13            77  6672      騰輝電子-KY             107.50          0.00     3.58%    444.00   457.50   435.00   451.00      505.00   555.00   505.00   555.00   +104.00   +23.06%
      14            45  2345      智邦                  165.00         60.00     3.49%   2070.00  2110.00  2015.00  2075.00     1990.00  2100.00  1970.00  2070.00     -5.00    -0.24%
      15            73  3406      玉晶光                 134.00         35.00     3.29%    971.00  1055.00   971.00  1055.00     1070.00  1105.00  1060.00  1060.00     +5.00    +0.47%
      16            61  7750      新代                  200.00        110.00     2.99%   1885.00  2070.00  1885.00  2070.00     1995.00  2000.00  1960.00  1975.00    -95.00    -4.59%
      17            42  2308      台達電                 165.00         85.00     2.66%   1920.00  2010.00  1920.00  2005.00     1980.00  1990.00  1950.00  1965.00    -40.00    -2.00%
      18            43  6957      裕慶-KY                73.00          0.00     2.43%    386.00   413.00   380.50   410.00      444.00   450.00   430.50   448.00    +38.00    +9.27%
      19            84  3167      大量                   69.00          0.00     2.30%    984.00  1005.00   970.00   996.00     1025.00  1055.00   990.00  1055.00    +59.00    +5.92%
      20            97  6944      兆聯實業                109.00         48.00     2.03%    802.00   820.00   791.00   814.00      908.00   918.00   858.00   860.00    +46.00    +5.65%
      21            38  6805      富世達                 180.00        120.00     2.00%   2350.00  2510.00  2340.00  2450.00     2330.00  2425.00  2310.00  2370.00    -80.00    -3.27%
      22            93  3533      嘉澤                  110.00         50.00     2.00%   1860.00  1895.00  1850.00  1875.00     1820.00  1935.00  1820.00  1915.00    +40.00    +2.13%
      23            28  2492      華新科                  59.50          0.00     1.98%    377.50   396.00   365.00   368.50      431.00   431.50   400.00   420.00    +51.50   +13.98%
      24           127  2466      冠西電                  57.50          0.00     1.91%    150.00   155.00   145.00   155.00      180.50   198.50   180.00   198.50    +43.50   +28.06%
      25            77  6691      洋基工程                 66.00         11.00     1.83%    752.00   794.00   747.00   794.00      781.00   794.00   772.00   789.00     -5.00    -0.63%
      26            58  2330      台積電                  85.00         35.00     1.66%   2550.00  2580.00  2545.00  2575.00     2550.00  2575.00  2550.00  2550.00    -25.00    -0.97%
      27            53  1303      南亞                   47.00          0.00     1.56%    270.00   286.00   266.50   286.00      314.00   316.00   304.00   310.00    +24.00    +8.39%
      28             5  3532      台勝科                  46.00          0.00     1.53%    487.00   492.50   468.50   469.50      515.00   518.00   474.00   509.00    +39.50    +8.41%
      29            43  6196      帆宣                   61.00         16.00     1.50%    628.00   679.00   622.00   679.00      670.00   676.00   648.00   674.00     -5.00    -0.74%
      30            71  6449      鈺邦                   44.00          0.00     1.46%    230.00   233.00   224.00   227.00      260.00   278.50   251.00   271.00    +44.00   +19.38%
      31            39  3026      禾伸堂                  81.00         39.00     1.40%    855.00   861.00   817.00   817.00      832.00   888.00   812.00   877.00    +60.00    +7.34%
      32            70  3044      健鼎                   37.00          0.00     1.23%    549.00   564.00   547.00   557.00      571.00   594.00   568.00   582.00    +25.00    +4.49%
      33            52  8210      勤誠                   49.00         13.00     1.20%    849.00   907.00   845.00   890.00      872.00   884.00   867.00   874.00    -16.00    -1.80%
      34            76  4958      臻鼎-KY                36.00          0.00     1.20%    582.00   590.00   568.00   576.00      593.00   613.00   587.00   592.00    +16.00    +2.78%
      35            91  5269      祥碩                   50.00         15.00     1.16%   1475.00  1480.00  1460.00  1475.00     1465.00  1490.00  1450.00  1490.00    +15.00    +1.02%
      36            42  6197      佳必琪                  30.50          0.00     1.01%    346.00   353.50   342.00   345.00      371.00   387.00   368.00   381.50    +36.50   +10.58%
      37            42  6278      台表科                  30.50          0.00     1.01%    218.50   222.00   211.50   220.00      247.50   256.00   240.50   248.00    +28.00   +12.73%
      38           112  6446      藥華藥                  55.00         25.00     1.00%   1175.00  1205.00  1165.00  1190.00     1205.00  1235.00  1190.00  1195.00     +5.00    +0.42%
      39            74  6658      聯策                   30.00          0.00     1.00%    190.00   200.00   188.00   200.00      198.50   222.00   198.50   214.50    +14.50    +7.25%
      40            50  5234      達興材料                 29.50          0.00     0.98%    319.50   319.50   307.00   307.00      330.00   336.00   323.00   334.00    +27.00    +8.79%
==========================================================================================================================================================================
✅ 共 40 筆


══════════════════════════════════════════════════════════════════════════════════════════════════════════════
  🔄 第  2/3 次  2026/10/02 ～ 2026/10/07
══════════════════════════════════════════════════════════════════════════════════════════════════════════════

==========================================================================================================================================================================
📊 累計漲跌停強度排名 (2026/10/02 ~ 2026/10/07)
==========================================================================================================================================================================
    實資排名        累計天數排名  代號        名稱                 累計漲停(元)       累計跌停(元)       強度%  (10/02)開盤      最高      最低      收盤    (10/07)開盤      最高      最低      收盤      賺賠    賺賠率
--------------------------------------------------------------------------------------------------------------------------------------------------------------------------
       1            16  2383      台光電                1020.00         45.00    16.41%   5040.00  5190.00  4975.00  5185.00     6015.00  6325.00  5950.00  5950.00   +765.00   +14.75%
       2            48  3008      大立光                 650.00         10.00    10.77%   6205.00  6395.00  6090.00  6290.00     6830.00  6970.00  6745.00  6845.00   +555.00    +8.82%
       3             7  3443      創意                  785.00        225.00     9.42%   7895.00  8005.00  7835.00  7900.00     8485.00  8750.00  8350.00  8460.00   +560.00    +7.09%
       4            56  3661      世芯-KY               425.00          0.00     7.15%   3765.00  3855.00  3765.00  3810.00     4200.00  4295.00  4135.00  4190.00   +380.00    +9.97%
       5            35  7769      鴻勁                  415.00         20.00     6.65%   5500.00  5600.00  5460.00  5580.00     5910.00  6020.00  5820.00  5885.00   +305.00    +5.47%
       6            32  6442      光聖                  390.00         55.00     5.64%   1520.00  1625.00  1520.00  1625.00     1715.00  1815.00  1715.00  1815.00   +190.00   +11.69%
       7            33  2360      致茂                  320.00          0.00     5.39%   2145.00  2225.00  2135.00  2190.00     2480.00  2560.00  2385.00  2400.00   +210.00    +9.59%
       8            91  2368      金像電                 165.00         15.00     2.52%   1100.00  1120.00  1085.00  1105.00     1265.00  1310.00  1240.00  1245.00   +140.00   +12.67%
       9            45  6213      聯茂                  145.00          0.00     2.44%    646.00   700.00   639.00   683.00      787.00   813.00   780.00   796.00   +113.00   +16.54%
      10           100  3406      玉晶光                 145.00         10.00     2.27%    941.00   974.00   929.00   961.00     1045.00  1120.00  1035.00  1085.00   +124.00   +12.90%
      11            41  6669      緯穎                  205.00         75.00     2.19%   2115.00  2125.00  2080.00  2085.00     2300.00  2310.00  2235.00  2240.00   +155.00    +7.43%
      12            49  2345      智邦                  175.00         60.00     1.94%   1955.00  1980.00  1920.00  1965.00     2050.00  2140.00  2005.00  2015.00    +50.00    +2.54%
      13            88  6944      兆聯實業                109.00          0.00     1.83%    805.00   810.00   785.00   799.00      835.00   908.00   835.00   908.00   +109.00   +13.64%
      14            56  7750      新代                  200.00        100.00     1.68%   1890.00  1905.00  1875.00  1885.00     1965.00  2045.00  1965.00  1995.00   +110.00    +5.84%
      15            73  3037      欣興                  110.00         15.00     1.60%   1225.00  1305.00  1215.00  1305.00     1310.00  1345.00  1300.00  1305.00     +0.00    +0.00%
      16            47  2492      華新科                  92.00          0.00     1.55%    335.00   361.50   329.00   361.50      389.00   428.00   388.00   428.00    +66.50   +18.40%
      17            87  6672      騰輝電子-KY              91.00          0.00     1.53%    413.00   439.00   404.00   439.00      505.00   505.00   497.50   505.00    +66.00   +15.03%
      18            69  3189      景碩                  115.00         25.00     1.51%   1010.00  1070.00  1005.00  1050.00     1085.00  1145.00  1085.00  1100.00    +50.00    +4.76%
      19            87  4958      臻鼎-KY                87.00          0.00     1.46%    515.00   561.00   514.00   561.00      576.00   600.00   573.00   595.00    +34.00    +6.06%
      20            35  2308      台達電                 165.00         80.00     1.43%   1895.00  1915.00  1880.00  1885.00     2025.00  2045.00  1975.00  1990.00   +105.00    +5.57%
      21            30  8996      高力                  130.00         55.00     1.26%   1595.00  1635.00  1490.00  1510.00     1660.00  1660.00  1605.00  1645.00   +135.00    +8.94%
      22            64  2330      台積電                  85.00         10.00     1.26%   2505.00  2515.00  2495.00  2500.00     2565.00  2585.00  2560.00  2585.00    +85.00    +3.40%
      23            43  6957      裕慶-KY                73.00          0.00     1.23%    375.00   389.00   366.00   377.00      405.00   444.00   404.50   444.00    +67.00   +17.77%
      24            76  6531      愛普*                 122.00         55.00     1.13%    932.00  1025.00   920.00  1000.00     1035.00  1045.00   999.00  1000.00     +0.00    +0.00%
      25            32  6805      富世達                 180.00        115.00     1.09%   2340.00  2375.00  2300.00  2310.00     2425.00  2510.00  2390.00  2455.00   +145.00    +6.28%
      26            71  6196      帆宣                   77.00         16.00     1.03%    609.00   619.00   602.00   618.00      660.00   675.00   660.00   670.00    +52.00    +8.41%
      27            90  8046      南電                   85.00         25.00     1.01%   1440.00  1480.00  1395.00  1460.00     1505.00  1560.00  1470.00  1480.00    +20.00    +1.37%
      28           147  2466      冠西電                  52.00          0.00     0.88%    130.50   141.00   130.50   141.00      165.00   183.50   164.50   180.50    +39.50   +28.01%
      29           105  3044      健鼎                   50.00          0.00     0.84%    528.00   544.00   528.00   542.00      585.00   590.00   577.00   582.00    +40.00    +7.38%
      30            34  1590      亞德客-KY               50.00          0.00     0.84%   1185.00  1190.00  1150.00  1180.00     1215.00  1245.00  1200.00  1230.00    +50.00    +4.24%
      31            12  8021      尖點                   50.00          0.00     0.84%    503.00   553.00   501.00   553.00      562.00   574.00   549.00   556.00     +3.00    +0.54%
      32            53  1303      南亞                   47.00          0.00     0.79%    253.00   261.00   251.50   260.00      293.00   322.00   293.00   314.00    +54.00   +20.77%
      33             5  3532      台勝科                  46.00          0.00     0.77%    470.00   492.50   463.00   475.50      468.00   513.00   467.00   513.00    +37.50    +7.89%
      34            38  2327      國巨*                  46.00          0.00     0.77%    604.00   647.00   598.00   626.00      630.00   686.00   627.00   647.00    +21.00    +3.35%
      35            55  6691      洋基工程                 53.00         11.00     0.71%    740.00   759.00   730.00   741.00      787.00   793.00   775.00   776.00    +35.00    +4.72%
      36            77  6446      藥華藥                  55.00         15.00     0.67%   1170.00  1170.00  1140.00  1165.00     1180.00  1215.00  1165.00  1205.00    +40.00    +3.43%
      37            99  5234      達興材料                 39.00          0.00     0.66%    305.00   322.00   302.50   312.00      329.00   342.50   324.00   336.50    +24.50    +7.85%
      38            79  5434      崇越                   53.00         14.00     0.66%    571.00   585.00   568.00   583.00      630.00   634.00   600.00   605.00    +22.00    +3.77%
      39            70  3167      大量                   39.00          0.00     0.66%    983.00  1005.00   948.00   981.00     1025.00  1060.00  1015.00  1025.00    +44.00    +4.49%
      40            84  7788      松川精密                 75.00         36.50     0.65%    289.00   309.50   289.00   307.00      342.00   345.50   329.00   329.00    +22.00    +7.17%
==========================================================================================================================================================================
✅ 共 40 筆


══════════════════════════════════════════════════════════════════════════════════════════════════════════════
  🔄 第  3/3 次  2026/10/01 ～ 2026/10/06
══════════════════════════════════════════════════════════════════════════════════════════════════════════════

==========================================================================================================================================================================
📊 累計漲跌停強度排名 (2026/10/01 ~ 2026/10/06)
==========================================================================================================================================================================
    實資排名        累計天數排名  代號        名稱                 累計漲停(元)       累計跌停(元)       強度%  (10/01)開盤      最高      最低      收盤    (10/06)開盤      最高      最低      收盤      賺賠    賺賠率
--------------------------------------------------------------------------------------------------------------------------------------------------------------------------
       1            22  2383      台光電                1060.00          0.00    11.98%   4950.00  4975.00  4855.00  4975.00     6040.00  6115.00  5820.00  5995.00  +1020.00   +20.50%
       2             4  2059      川湖                 1520.00        475.00    11.81%  12270.00 12270.00 11760.00 11835.00    13500.00 13500.00 12845.00 13100.00  +1265.00   +10.69%
       3            17  3008      大立光                 910.00          0.00    10.28%   5950.00  6225.00  5740.00  6205.00     6800.00  6915.00  6705.00  6855.00   +650.00   +10.48%
       4            48  3661      世芯-KY               440.00          0.00     4.97%   3770.00  3820.00  3735.00  3765.00     4000.00  4240.00  3850.00  4180.00   +415.00   +11.02%
       5            34  7769      鴻勁                  415.00         15.00     4.52%   5570.00  5650.00  5435.00  5490.00     5940.00  6115.00  5815.00  5905.00   +415.00    +7.56%
       6             8  3443      創意                  700.00        365.00     3.79%   8040.00  8100.00  7730.00  7900.00     8680.00  8710.00  8110.00  8375.00   +475.00    +6.01%
       7            19  3653      健策                  480.00        200.00     3.16%   6720.00  6895.00  6665.00  6875.00     7185.00  7280.00  7050.00  7080.00   +205.00    +2.98%
       8            38  2345      智邦                  300.00         25.00     3.11%   1795.00  1910.00  1785.00  1900.00     2080.00  2105.00  2035.00  2050.00   +150.00    +7.89%
       9            23  3017      奇鋐                  320.00         70.00     2.82%   3435.00  3520.00  3300.00  3510.00     3650.00  3700.00  3515.00  3685.00   +175.00    +4.99%
      10            34  2360      致茂                  270.00         55.00     2.43%   2125.00  2150.00  2025.00  2080.00     2330.00  2370.00  2275.00  2350.00   +270.00   +12.98%
      11            24  6515      穎崴                  435.00        235.00     2.26%   6025.00  6060.00  5755.00  5770.00     6220.00  6285.00  6060.00  6130.00   +360.00    +6.24%
      12            60  6669      緯穎                  225.00         25.00     2.26%   2095.00  2115.00  2095.00  2110.00     2200.00  2335.00  2185.00  2290.00   +180.00    +8.53%
      13            80  8046      南電                  165.00          0.00     1.86%   1390.00  1450.00  1370.00  1420.00     1500.00  1520.00  1485.00  1505.00    +85.00    +5.99%
      14            74  6213      聯茂                  164.00          0.00     1.85%    623.00   643.00   611.00   642.00      797.00   818.00   762.00   787.00   +145.00   +22.59%
      15            62  2308      台達電                 180.00         20.00     1.81%   1925.00  1935.00  1860.00  1905.00     2045.00  2115.00  2010.00  2050.00   +145.00    +7.61%
      16            49  6442      光聖                  225.00         65.00     1.81%   1500.00  1515.00  1465.00  1480.00     1705.00  1710.00  1640.00  1650.00   +170.00   +11.49%
      17           101  3406      玉晶光                 165.00         10.00     1.75%    885.00   973.00   871.00   950.00     1085.00  1095.00  1020.00  1045.00    +95.00   +10.00%
      18            82  2368      金像電                 165.00         25.00     1.58%   1120.00  1125.00  1085.00  1095.00     1220.00  1295.00  1200.00  1260.00   +165.00   +15.07%
      19            89  3037      欣興                  150.00         15.00     1.53%   1195.00  1230.00  1170.00  1215.00     1335.00  1340.00  1285.00  1310.00    +95.00    +7.82%
      20            73  3167      大量                  127.00          0.00     1.43%    908.00   975.00   908.00   975.00     1010.00  1020.00   970.00  1020.00    +45.00    +4.62%
      21            66  6531      愛普*                 122.00         10.00     1.27%    931.00   937.00   914.00   933.00     1080.00  1085.00  1020.00  1045.00   +112.00   +12.00%
      22            85  2330      台積電                 115.00         10.00     1.19%   2490.00  2510.00  2485.00  2510.00     2575.00  2590.00  2565.00  2585.00    +75.00    +2.99%
      23            72  3189      景碩                  125.00         25.00     1.13%    976.00  1020.00   964.00  1010.00     1095.00  1105.00  1055.00  1070.00    +60.00    +5.94%
      24            82  3533      嘉澤                  105.00         10.00     1.07%   1780.00  1865.00  1760.00  1855.00     1905.00  1925.00  1860.00  1865.00    +10.00    +0.54%
      25            57  2492      華新科                  83.00          0.00     0.94%    302.50   329.00   302.50   329.00      370.00   395.00   362.50   389.50    +60.50   +18.39%
      26           100  6672      騰輝電子-KY              82.00          0.00     0.93%    376.50   405.50   369.50   405.50      456.00   459.50   435.00   459.50    +54.00   +13.32%
      27            33  2327      國巨*                  78.00          0.00     0.88%    560.00   602.00   560.00   602.00      630.00   635.00   615.00   625.00    +23.00    +3.82%
      28           101  6196      帆宣                   94.00         16.00     0.88%    588.00   602.00   579.00   602.00      684.00   684.00   649.00   663.00    +61.00   +10.13%
      29            72  7788      松川精密                 75.00          0.00     0.85%    299.00   300.00   285.00   290.50      339.50   365.50   335.00   365.50    +75.00   +25.82%
      30           120  7795      長廣                   71.00          0.00     0.80%    490.50   536.00   483.00   536.00      567.00   567.00   535.00   555.00    +19.00    +3.54%
      31            63  6691      洋基工程                 67.00          0.00     0.76%    727.00   748.00   719.00   733.00      794.00   794.00   769.00   787.00    +54.00    +7.37%
      32           116  1560      中砂                   77.00         10.00     0.76%    963.00  1015.00   963.00  1000.00     1045.00  1045.00  1020.00  1030.00    +30.00    +3.00%
      33            43  8021      尖點                   67.00          0.00     0.76%    487.00   503.00   487.00   503.00      566.00   584.00   557.00   561.00    +58.00   +11.53%
      34            77  7711      永擎                   80.00         14.00     0.75%    561.00   616.00   551.00   616.00      640.00   655.00   612.00   620.00     +4.00    +0.65%
      35            68  4958      臻鼎-KY                66.00          0.00     0.75%    512.00   522.00   498.50   510.00      588.00   604.00   572.00   574.00    +64.00   +12.55%
      36            44  7750      新代                  185.00        120.00     0.73%   1940.00  1940.00  1890.00  1895.00     2070.00  2100.00  1970.00  1980.00    +85.00    +4.49%
      37            96  5434      崇越                   65.00          0.00     0.73%    556.00   567.00   550.00   567.00      620.00   633.00   613.00   619.00    +52.00    +9.17%
      38            72  7610      聯友金屬-創              120.00         65.00     0.62%   1730.00  1820.00  1705.00  1780.00     1835.00  1865.00  1780.00  1790.00    +10.00    +0.56%
      39            97  3583      辛耘                   55.00          0.00     0.62%    713.00   728.00   703.00   707.00      758.00   777.00   741.00   762.00    +55.00    +7.78%
      40           109  6944      兆聯實業                 52.00          0.00     0.59%    776.00   807.00   776.00   800.00      823.00   832.00   814.00   826.00    +26.00    +3.25%
==========================================================================================================================================================================
✅ 共 40 筆
