
██████████████████████████████████████████████████████████████████████████████████████████████████████████████
  📅 天數組合: 3 日  →  輸出檔: s13_03.txt
██████████████████████████████████████████████████████████████████████████████████████████████████████████████

🔁 共執行 3 次，每次區間長度 4 個交易日

══════════════════════════════════════════════════════════════════════════════════════════════════════════════
  🔄 第  1/3 次  2026/10/05 ～ 2026/10/08
══════════════════════════════════════════════════════════════════════════════════════════════════════════════

==========================================================================================================================================================================
📊 動能效率優先權分數排名 (2026/10/05 ~ 2026/10/08)
==========================================================================================================================================================================
    實資排名          累計天數排名  代號        名稱                 累計漲停(元)       累計跌停(元)       強度%  (10/05)開盤      最高      最低      收盤    (10/08)開盤      最高      最低      收盤      賺賠    賺賠率
--------------------------------------------------------------------------------------------------------------------------------------------------------------------------
       1               1  2466      冠西電                  57.50          0.00   100.00%    150.00   155.00   145.00   155.00      180.50   198.50   180.00   198.50    +43.50   +28.06%
       2               2  6449      鈺邦                   44.00          0.00    50.25%    230.00   233.00   224.00   227.00      260.00   278.50   251.00   271.00    +44.00   +19.38%
       3               6  6672      騰輝電子-KY             107.50          0.00    46.91%    444.00   457.50   435.00   451.00      505.00   555.00   505.00   555.00   +104.00   +23.06%
       4               7  3661      世芯-KY               535.00          0.00    42.13%   3875.00  4000.00  3870.00  3950.00     4165.00  4480.00  4155.00  4345.00   +395.00   +10.00%
       5               3  6957      裕慶-KY                73.00          0.00    41.77%    386.00   413.00   380.50   410.00      444.00   450.00   430.50   448.00    +38.00    +9.27%
       6               4  1303      南亞                   47.00          0.00    38.29%    270.00   286.00   266.50   286.00      314.00   316.00   304.00   310.00    +24.00    +8.39%
       7               9  6278      台表科                  30.50          0.00    37.69%    218.50   222.00   211.50   220.00      247.50   256.00   240.50   248.00    +28.00   +12.73%
       8              13  2492      華新科                  59.50          0.00    36.44%    377.50   396.00   365.00   368.50      431.00   431.50   400.00   420.00    +51.50   +13.98%
       9              11  6658      聯策                   30.00          0.00    35.54%    190.00   200.00   188.00   200.00      198.50   222.00   198.50   214.50    +14.50    +7.25%
      10              10  6944      兆聯實業                109.00         48.00    34.84%    802.00   820.00   791.00   814.00      908.00   918.00   858.00   860.00    +46.00    +5.65%
      11               8  6213      聯茂                  114.00          0.00    34.11%    690.00   751.00   682.00   751.00      786.00   806.00   763.00   806.00    +55.00    +7.32%
      12               5  7788      松川精密                 58.50         60.50    33.84%    313.00   335.00   311.50   332.50      313.00   316.00   303.00   305.00    -27.50    -8.27%
      13              21  7740      熙特爾-創                10.50          0.00    32.14%    102.50   104.50   101.00   102.50      107.00   118.50   104.00   118.50    +16.00   +15.61%
      14              18  1476      儒鴻                   24.50          0.00    31.69%    281.00   281.00   277.00   278.50      297.00   313.00   296.00   310.00    +31.50   +11.31%
      15              14  2368      金像電                 195.00         15.00    30.93%   1160.00  1215.00  1160.00  1215.00     1245.00  1290.00  1210.00  1285.00    +70.00    +5.76%
      16              12  8101      華冠                    0.00          0.00    28.13%      9.63    11.20     9.63    11.20       10.30    10.30    10.30    10.30     -0.90    -8.04%
      17              22  8996      高力                  195.00          0.00    27.98%   1555.00  1600.00  1540.00  1595.00     1640.00  1710.00  1600.00  1710.00   +115.00    +7.21%
      18              24  6197      佳必琪                  30.50          0.00    27.52%    346.00   353.50   342.00   345.00      371.00   387.00   368.00   381.50    +36.50   +10.58%
      19              15  3406      玉晶光                 134.00         35.00    27.15%    971.00  1055.00   971.00  1055.00     1070.00  1105.00  1060.00  1060.00     +5.00    +0.47%
      20              30  3167      大量                   69.00          0.00    26.15%    984.00  1005.00   970.00   996.00     1025.00  1055.00   990.00  1055.00    +59.00    +5.92%
      21              19  2493      揚博                   11.50          0.00    26.09%    200.00   211.00   197.50   208.00      213.50   222.00   209.50   216.50     +8.50    +4.09%
      22              16  7750      新代                  200.00        110.00    25.74%   1885.00  2070.00  1885.00  2070.00     1995.00  2000.00  1960.00  1975.00    -95.00    -4.59%
      23              17  6196      帆宣                   61.00         16.00    24.75%    628.00   679.00   622.00   679.00      670.00   676.00   648.00   674.00     -5.00    -0.74%
      24              27  2340      台亞                    0.00          0.00    24.22%     46.70    50.30    46.50    50.30       48.50    52.90    47.80    52.90     +2.60    +5.17%
      25              32  6415      矽力*-KY               17.00          0.00    23.99%    435.00   452.00   428.50   442.00      461.00   475.00   451.50   462.50    +20.50    +4.64%
      26              20  3653      健策                  765.00        400.00    23.96%   6800.00  7440.00  6760.00  7205.00     6800.00  7245.00  6775.00  7165.00    -40.00    -0.56%
      27              29  2424      隴華                    0.00          0.00    23.79%      8.28     8.88     8.27     8.60        9.68     9.79     9.41     9.79     +1.19   +13.84%
      28              28  6541      泰福-KY                 0.00          0.00    23.41%     30.05    31.75    29.60    31.45       33.20    34.40    32.50    33.95     +2.50    +7.95%
      29              39  3044      健鼎                   37.00          0.00    22.98%    549.00   564.00   547.00   557.00      571.00   594.00   568.00   582.00    +25.00    +4.49%
      30              52  9110      越南控-DR                0.00          0.00    22.94%      2.99     2.99     2.80     2.95        3.12     3.60     3.05     3.45     +0.50   +16.95%
      31              26  6152      百一                    0.00          0.00    22.85%     16.00    17.25    15.80    17.25       20.10    21.25    19.30    21.00     +3.75   +21.74%
      32              54  1301      台塑                    0.00          0.00    22.63%     69.30    69.60    67.80    68.50       78.00    82.40    76.60    81.30    +12.80   +18.69%
      33              35  6669      緯穎                  205.00         50.00    22.51%   2115.00  2170.00  2095.00  2150.00     2230.00  2270.00  2200.00  2240.00    +90.00    +4.19%
      34              66  3532      台勝科                  46.00          0.00    21.96%    487.00   492.50   468.50   469.50      515.00   518.00   474.00   509.00    +39.50    +8.41%
      35              56  9919      康那香                   0.00          0.00    21.93%     13.85    14.00    13.85    13.90       15.00    16.10    14.80    16.10     +2.20   +15.83%
      36              34  2241      艾姆勒                   0.00          0.00    21.77%     43.55    46.50    43.10    46.05       53.40    57.20    50.40    50.50     +4.45    +9.66%
      37              49  4807      日成-KY                 0.00          0.00    21.74%     30.05    31.75    30.05    31.10       31.60    34.75    31.60    34.25     +3.15   +10.13%
      38              51  1718      中纖                    0.00          0.00    21.60%     10.90    11.60    10.75    11.15       11.30    12.40    11.20    12.20     +1.05    +9.42%
      39              37  1714      和桐                    0.00          0.00    21.47%     17.50    18.50    17.25    18.50       19.80    20.90    19.50    19.95     +1.45    +7.84%
      40              74  5234      達興材料                 29.50          0.00    21.44%    319.50   319.50   307.00   307.00      330.00   336.00   323.00   334.00    +27.00    +8.79%
==========================================================================================================================================================================
✅ 共 40 筆


══════════════════════════════════════════════════════════════════════════════════════════════════════════════
  🔄 第  2/3 次  2026/10/02 ～ 2026/10/07
══════════════════════════════════════════════════════════════════════════════════════════════════════════════

==========================================================================================================================================================================
📊 動能效率優先權分數排名 (2026/10/02 ~ 2026/10/07)
==========================================================================================================================================================================
    實資排名          累計天數排名  代號        名稱                 累計漲停(元)       累計跌停(元)       強度%  (10/02)開盤      最高      最低      收盤    (10/07)開盤      最高      最低      收盤      賺賠    賺賠率
--------------------------------------------------------------------------------------------------------------------------------------------------------------------------
       1               1  2466      冠西電                  52.00          0.00   100.00%    130.50   141.00   130.50   141.00      165.00   183.50   164.50   180.50    +39.50   +28.01%
       2               2  2492      華新科                  92.00          0.00    72.11%    335.00   361.50   329.00   361.50      389.00   428.00   388.00   428.00    +66.50   +18.40%
       3               3  7788      松川精密                 75.00         36.50    61.09%    289.00   309.50   289.00   307.00      342.00   345.50   329.00   329.00    +22.00    +7.17%
       4               5  1303      南亞                   47.00          0.00    48.51%    253.00   261.00   251.50   260.00      293.00   322.00   293.00   314.00    +54.00   +20.77%
       5               9  6944      兆聯實業                109.00          0.00    47.41%    805.00   810.00   785.00   799.00      835.00   908.00   835.00   908.00   +109.00   +13.64%
       6               4  6213      聯茂                  145.00          0.00    46.74%    646.00   700.00   639.00   683.00      787.00   813.00   780.00   796.00   +113.00   +16.54%
       7               8  6957      裕慶-KY                73.00          0.00    44.89%    375.00   389.00   366.00   377.00      405.00   444.00   404.50   444.00    +67.00   +17.77%
       8               6  3406      玉晶光                 145.00         10.00    42.25%    941.00   974.00   929.00   961.00     1045.00  1120.00  1035.00  1085.00   +124.00   +12.90%
       9              18  6278      台表科                  30.50          0.00    41.64%    217.00   218.50   213.00   217.00      229.50   250.50   227.00   250.50    +33.50   +15.44%
      10              23  6449      鈺邦                   34.50          0.00    40.79%    227.00   233.00   223.50   224.50      238.00   261.50   237.00   261.50    +37.00   +16.48%
      11               7  6442      光聖                  390.00         55.00    36.80%   1520.00  1625.00  1520.00  1625.00     1715.00  1815.00  1715.00  1815.00   +190.00   +11.69%
      12              14  2368      金像電                 165.00         15.00    36.01%   1100.00  1120.00  1085.00  1105.00     1265.00  1310.00  1240.00  1245.00   +140.00   +12.67%
      13              16  3661      世芯-KY               425.00          0.00    35.94%   3765.00  3855.00  3765.00  3810.00     4200.00  4295.00  4135.00  4190.00   +380.00    +9.97%
      14              10  6196      帆宣                   77.00         16.00    35.92%    609.00   619.00   602.00   618.00      660.00   675.00   660.00   670.00    +52.00    +8.41%
      15              20  6415      矽力*-KY               29.00          0.00    34.89%    418.00   428.00   417.50   425.00      443.00   461.00   442.00   456.50    +31.50    +7.41%
      16              13  4958      臻鼎-KY                87.00          0.00    32.33%    515.00   561.00   514.00   561.00      576.00   600.00   573.00   595.00    +34.00    +6.06%
      17              15  6672      騰輝電子-KY              91.00          0.00    31.30%    413.00   439.00   404.00   439.00      505.00   505.00   497.50   505.00    +66.00   +15.03%
      18              19  3189      景碩                  115.00         25.00    30.44%   1010.00  1070.00  1005.00  1050.00     1085.00  1145.00  1085.00  1100.00    +50.00    +4.76%
      19              22  2059      川湖                 1520.00       1565.00    30.32%  12000.00 12295.00 11700.00 12145.00    11790.00 11790.00 11790.00 11790.00   -355.00    -2.92%
      20              11  6531      愛普*                 122.00         55.00    30.05%    932.00  1025.00   920.00  1000.00     1035.00  1045.00   999.00  1000.00     +0.00    +0.00%
      21              17  4764      雙鍵                   18.50          0.00    29.65%    185.00   203.50   185.00   203.50      197.50   218.00   197.50   206.50     +3.00    +1.47%
      22              31  6197      佳必琪                  29.50          0.00    29.53%    336.00   340.00   330.50   339.50      366.00   371.00   363.00   371.00    +31.50    +9.28%
      23              25  3008      大立光                 650.00         10.00    29.47%   6205.00  6395.00  6090.00  6290.00     6830.00  6970.00  6745.00  6845.00   +555.00    +8.82%
      24              24  3016      嘉晶                   12.50          0.00    29.20%    169.50   182.00   169.50   180.50      188.50   195.50   185.00   195.00    +14.50    +8.03%
      25              32  8101      華冠                    0.00          0.00    29.02%     11.00    11.00    10.70    10.70       10.10    10.50    10.10    10.20     -0.50    -4.67%
      26              28  4989      榮科                    0.00          0.00    28.29%     61.00    66.80    60.80    63.90       68.40    74.70    67.00    73.70     +9.80   +15.34%
      27              39  2241      艾姆勒                   0.00          0.00    28.29%     44.05    45.70    43.40    43.75       47.60    52.00    47.40    52.00     +8.25   +18.86%
      28              12  8021      尖點                   50.00          0.00    28.15%    503.00   553.00   501.00   553.00      562.00   574.00   549.00   556.00     +3.00    +0.54%
      29              35  2424      隴華                    0.00          0.00    27.80%      8.20     8.85     8.20     8.42        8.65     9.05     8.65     8.90     +0.48    +5.70%
      30              26  3044      健鼎                   50.00          0.00    27.63%    528.00   544.00   528.00   542.00      585.00   590.00   577.00   582.00    +40.00    +7.38%
      31              60  3532      台勝科                  46.00          0.00    27.42%    470.00   492.50   463.00   475.50      468.00   513.00   467.00   513.00    +37.50    +7.89%
      32              21  8150      南茂                   11.50          0.00    27.35%    116.00   127.00   114.50   127.00      126.00   129.00   125.00   128.50     +1.50    +1.18%
      33              34  1714      和桐                    0.00          0.00    26.66%     16.20    17.45    16.20    16.85       19.30    20.35    18.50    19.65     +2.80   +16.62%
      34              36  6715      嘉基                   31.50          0.00    26.64%    442.50   468.00   436.00   449.00      480.00   519.00   470.00   485.00    +36.00    +8.02%
      35              44  2493      揚博                   11.50          0.00    25.99%    198.00   202.00   195.00   196.50      210.00   220.00   209.00   214.00    +17.50    +8.91%
      36              27  3030      德律                   11.00          0.00    25.62%    283.00   301.00   277.00   300.00      306.00   317.00   302.50   313.50    +13.50    +4.50%
      37              52  5234      達興材料                 39.00          0.00    25.12%    305.00   322.00   302.50   312.00      329.00   342.50   324.00   336.50    +24.50    +7.85%
      38              61  1476      儒鴻                   11.50          0.00    24.53%    276.50   279.00   275.00   278.00      293.00   303.50   291.50   297.00    +19.00    +6.83%
      39              64  2243      宏旭-KY                 0.00          0.00    23.71%     52.70    54.50    52.00    52.80       57.30    62.00    57.30    59.70     +6.90   +13.07%
      40              33  4919      新唐                   11.00          0.00    23.68%    151.00   167.00   145.50   163.00      151.50   164.00   150.00   159.50     -3.50    -2.15%
==========================================================================================================================================================================
✅ 共 40 筆


══════════════════════════════════════════════════════════════════════════════════════════════════════════════
  🔄 第  3/3 次  2026/10/01 ～ 2026/10/06
══════════════════════════════════════════════════════════════════════════════════════════════════════════════

==========================================================================================================================================================================
📊 動能效率優先權分數排名 (2026/10/01 ~ 2026/10/06)
==========================================================================================================================================================================
    實資排名          累計天數排名  代號        名稱                 累計漲停(元)       累計跌停(元)       強度%  (10/01)開盤      最高      最低      收盤    (10/06)開盤      最高      最低      收盤      賺賠    賺賠率
--------------------------------------------------------------------------------------------------------------------------------------------------------------------------
       1               4  7788      松川精密                 75.00          0.00   100.00%    299.00   300.00   285.00   290.50      339.50   365.50   335.00   365.50    +75.00   +25.82%
       2               1  2492      華新科                  83.00          0.00    94.82%    302.50   329.00   302.50   329.00      370.00   395.00   362.50   389.50    +60.50   +18.39%
       3               6  2466      冠西電                  42.00          0.00    91.44%    128.00   136.00   127.00   128.50      160.00   170.50   157.50   170.50    +42.00   +32.68%
       4               3  6213      聯茂                  164.00          0.00    90.94%    623.00   643.00   611.00   642.00      797.00   818.00   762.00   787.00   +145.00   +22.59%
       5               5  3406      玉晶光                 165.00         10.00    85.32%    885.00   973.00   871.00   950.00     1085.00  1095.00  1020.00  1045.00    +95.00   +10.00%
       6               2  6672      騰輝電子-KY              82.00          0.00    78.94%    376.50   405.50   369.50   405.50      456.00   459.50   435.00   459.50    +54.00   +13.32%
       7               9  6196      帆宣                   94.00         16.00    67.72%    588.00   602.00   579.00   602.00      684.00   684.00   649.00   663.00    +61.00   +10.13%
       8               7  8021      尖點                   67.00          0.00    65.24%    487.00   503.00   487.00   503.00      566.00   584.00   557.00   561.00    +58.00   +11.53%
       9              16  3661      世芯-KY               440.00          0.00    64.99%   3770.00  3820.00  3735.00  3765.00     4000.00  4240.00  3850.00  4180.00   +415.00   +11.02%
      10              10  3008      大立光                 910.00          0.00    62.17%   5950.00  6225.00  5740.00  6205.00     6800.00  6915.00  6705.00  6855.00   +650.00   +10.48%
      11              12  3189      景碩                  125.00         25.00    59.32%    976.00  1020.00   964.00  1010.00     1095.00  1105.00  1055.00  1070.00    +60.00    +5.94%
      12              19  5434      崇越                   65.00          0.00    52.26%    556.00   567.00   550.00   567.00      620.00   633.00   613.00   619.00    +52.00    +9.17%
      13               8  6834      天二科技                 10.50          0.00    50.71%    110.00   119.50   110.00   119.50      126.50   127.00   121.50   123.00     +3.50    +2.93%
      14              24  6715      嘉基                   42.50          0.00    49.79%    445.00   453.00   430.00   453.00      485.50   492.50   450.00   482.50    +29.50    +6.51%
      15              14  7711      永擎                   80.00         14.00    49.38%    561.00   616.00   551.00   616.00      640.00   655.00   612.00   620.00     +4.00    +0.65%
      16              11  7795      長廣                   71.00          0.00    49.03%    490.50   536.00   483.00   536.00      567.00   567.00   535.00   555.00    +19.00    +3.54%
      17              17  3167      大量                  127.00          0.00    49.00%    908.00   975.00   908.00   975.00     1010.00  1020.00   970.00  1020.00    +45.00    +4.62%
      18              23  6531      愛普*                 122.00         10.00    48.72%    931.00   937.00   914.00   933.00     1080.00  1085.00  1020.00  1045.00   +112.00   +12.00%
      19              26  8046      南電                  165.00          0.00    45.92%   1390.00  1450.00  1370.00  1420.00     1500.00  1520.00  1485.00  1505.00    +85.00    +5.99%
      20              20  3037      欣興                  150.00         15.00    45.17%   1195.00  1230.00  1170.00  1215.00     1335.00  1340.00  1285.00  1310.00    +95.00    +7.82%
      21              30  3044      健鼎                   50.00          0.00    44.31%    523.00   529.00   521.00   529.00      568.00   589.00   564.00   579.00    +50.00    +9.45%
      22              18  6449      鈺邦                   31.50          0.00    43.26%    211.50   230.00   211.50   230.00      234.00   245.00   233.00   238.00     +8.00    +3.48%
      23              22  3030      德律                   21.00          0.00    42.89%    281.50   290.00   278.50   289.00      310.00   318.00   307.50   308.00    +19.00    +6.57%
      24              38  1303      南亞                   26.00          0.00    42.57%    256.00   261.50   250.50   254.00      288.00   300.00   274.50   293.00    +39.00   +15.35%
      25              13  4919      新唐                   24.50          0.00    41.75%    140.50   152.00   139.00   152.00      156.00   157.00   149.50   150.50     -1.50    -0.99%
      26              48  8101      華冠                    0.00          0.00    41.38%     11.00    11.05    11.00    11.05       10.35    10.70    10.15    10.60     -0.45    -4.07%
      27              35  4755      三福化                  12.00          0.00    41.36%    118.00   119.00   116.00   119.00      123.00   133.00   121.50   133.00    +14.00   +11.76%
      28              41  6691      洋基工程                 67.00          0.00    40.81%    727.00   748.00   719.00   733.00      794.00   794.00   769.00   787.00    +54.00    +7.37%
      29              15  4722      國精化                  39.50          0.00    40.54%    196.50   209.50   194.50   209.50      223.00   227.00   216.50   220.00    +10.50    +5.01%
      30              29  1560      中砂                   77.00         10.00    40.27%    963.00  1015.00   963.00  1000.00     1045.00  1045.00  1020.00  1030.00    +30.00    +3.00%
      31              37  4720      德淵                    0.00          0.00    40.23%     19.35    19.35    19.00    19.05       25.00    25.30    24.80    25.30     +6.25   +32.81%
      32              40  6415      矽力*-KY               29.00          0.00    39.75%    410.50   413.50   406.50   413.00      440.00   454.50   432.50   449.50    +36.50    +8.84%
      33              42  2424      隴華                    0.00          0.00    38.60%      8.02     8.43     8.02     8.16        8.15     9.07     8.15     8.65     +0.49    +6.00%
      34              45  6197      佳必琪                  29.50          0.00    38.54%    327.00   331.50   324.00   330.00      351.00   371.00   351.00   365.00    +35.00   +10.61%
      35              28  8150      南茂                   11.50          0.00    37.03%    113.00   116.00   109.50   115.50      124.00   130.50   123.00   127.50    +12.00   +10.39%
      36              63  2368      金像電                 165.00         25.00    36.64%   1120.00  1125.00  1085.00  1095.00     1220.00  1295.00  1200.00  1260.00   +165.00   +15.07%
      37              21  2327      國巨*                  78.00          0.00    36.51%    560.00   602.00   560.00   602.00      630.00   635.00   615.00   625.00    +23.00    +3.82%
      38              57  1711      永光                    0.00          0.00    36.49%     41.10    41.10    39.85    40.55       45.00    48.60    44.05    48.60     +8.05   +19.85%
      39              46  6257      矽格                   26.00          0.00    36.23%    251.00   259.00   249.00   256.50      269.50   286.00   267.50   286.00    +29.50   +11.50%
      40              25  7730      暉盛-創                 15.00          0.00    35.83%    180.00   197.00   180.00   194.50      191.50   193.00   189.00   191.00     -3.50    -1.80%
==========================================================================================================================================================================
✅ 共 40 筆
