
██████████████████████████████████████████████████████████████████████████████████████████████████████████████
  📅 天數組合: 10 日  →  輸出檔: s14_10.txt
██████████████████████████████████████████████████████████████████████████████████████████████████████████████

🔁 共執行 10 次，每次區間長度 11 個交易日

══════════════════════════════════════════════════════════════════════════════════════════════════════════════
  🔄 第  1/10 次  2026/09/22 ～ 2026/10/08
══════════════════════════════════════════════════════════════════════════════════════════════════════════════

==========================================================================================================================================================================
📊 ROI 每日報酬率累計排名 (2026/09/22 ~ 2026/10/08)
==========================================================================================================================================================================
    實資排名          累計天數排名  代號        名稱                 累計漲停(元)       累計跌停(元)       強度%  (09/22)開盤      最高      最低      收盤    (10/08)開盤      最高      最低      收盤      賺賠    賺賠率
--------------------------------------------------------------------------------------------------------------------------------------------------------------------------
       1               2  6672      騰輝電子-KY             241.50          0.00   100.00%    315.00   315.00   300.00   302.00      505.00   555.00   505.00   555.00   +253.00   +83.77%
       2              10  2466      冠西電                  81.00          0.00    98.58%    111.50   120.00   111.50   115.50      180.50   198.50   180.00   198.50    +83.00   +71.86%
       3               3  2340      台亞                    0.00          0.00    96.25%     34.85    35.20    34.10    34.10       48.50    52.90    47.80    52.90    +18.80   +55.13%
       4              24  3518      柏騰                    0.00          0.00    95.99%     31.85    33.25    31.85    32.25       49.15    50.00    48.50    49.50    +17.25   +53.49%
       5              18  3701      大眾控                   0.00          0.00    95.68%     42.80    43.60    41.45    41.60       61.50    63.20    60.60    63.00    +21.40   +51.44%
       6              40  6957      裕慶-KY               161.50          0.00    95.16%    297.50   312.00   292.00   303.00      444.00   450.00   430.50   448.00   +145.00   +47.85%
       7               4  6213      聯茂                  253.00          0.00    95.13%    545.00   574.00   539.00   543.00      786.00   806.00   763.00   806.00   +263.00   +48.43%
       8              15  6225      天瀚                    0.00          0.00    94.03%     51.30    51.30    51.30    51.30       68.70    73.50    68.70    71.60    +20.30   +39.57%
       9              59  2033      佳大                    0.00          0.00    93.91%     35.00    37.30    34.60    37.30       52.00    52.20    50.50    52.20    +14.90   +39.95%
      10              72  6533      晶心科                 115.50         30.50    93.79%    268.50   278.50   254.50   254.50      348.50   354.00   341.00   352.50    +98.00   +38.51%
      11              46  3016      嘉晶                   52.50         11.50    93.73%    125.00   132.50   124.50   132.50      193.00   194.50   178.50   183.50    +51.00   +38.49%
      12             216  8201      無敵                    0.00          0.00    93.61%     12.00    12.30    11.80    12.30       16.75    17.00    16.30    16.85     +4.55   +36.99%
      13              16  6152      百一                    0.00          0.00    93.34%     15.80    15.85    15.30    15.35       20.10    21.25    19.30    21.00     +5.65   +36.81%
      14              51  6456      GIS-KY                0.00          0.00    93.27%     73.50    79.00    73.20    73.60      101.50   104.50    99.40   100.00    +26.40   +35.87%
      15             170  2492      華新科                 121.50          9.50    93.15%    318.50   324.00   310.50   311.00      431.00   431.50   400.00   420.00   +109.00   +35.05%
      16              90  4720      德淵                    0.00          0.00    93.07%     19.20    19.25    18.85    19.10       23.65    25.55    23.25    25.55     +6.45   +33.77%
      17              57  1709      和益                    0.00          0.00    93.00%     43.10    47.40    41.35    45.95       60.20    62.00    59.00    61.00    +15.05   +32.75%
      18              27  1303      南亞                   57.50          0.00    92.84%    245.00   251.50   230.50   231.50      314.00   316.00   304.00   310.00    +78.50   +33.91%
      19              29  3593      力銘                    0.00          0.00    92.61%      8.77     8.99     8.23     8.80       10.40    11.60    10.40    11.60     +2.80   +31.82%
      20              32  3094      聯傑                    0.00          0.00    92.52%     56.20    56.20    52.50    52.60       67.60    69.40    66.60    69.30    +16.70   +31.75%
      21              69  2030      彰源                    0.00          0.00    92.40%     24.30    27.25    24.30    27.25       36.35    36.95    35.20    35.55     +8.30   +30.46%
      22              19  2484      希華                    0.00          0.00    92.28%     71.00    71.20    69.60    69.60       86.00    92.20    83.50    90.60    +21.00   +30.17%
      23              94  6449      鈺邦                   64.50          0.00    91.97%    218.00   220.50   211.00   211.00      260.00   278.50   251.00   271.00    +60.00   +28.44%
      24              63  9110      越南控-DR                0.00          0.00    91.92%      2.78     2.78     2.65     2.69        3.12     3.60     3.05     3.45     +0.76   +28.25%
      25             180  3311      閎暉                    0.00          0.00    91.87%     37.70    38.85    36.75    36.75       47.50    49.95    45.60    46.90    +10.15   +27.62%
      26             172  6155      鈞寶                    0.00          0.00    91.69%     57.90    58.20    56.00    56.00       70.80    74.70    69.40    70.90    +14.90   +26.61%
      27              76  4195      基米-創                  0.00          0.00    91.63%     13.00    13.20    12.85    12.90       15.85    16.65    15.80    16.30     +3.40   +26.36%
      28              35  6505      台塑化                   0.00          0.00    91.61%     88.30    89.30    86.30    87.20      107.00   114.00   105.50   110.50    +23.30   +26.72%
      29              12  8046      南電                  340.00         25.00    91.52%   1125.00  1165.00  1120.00  1165.00     1480.00  1490.00  1435.00  1475.00   +310.00   +26.61%
      30              21  6196      帆宣                  165.00         37.00    91.51%    542.00   549.00   534.00   535.00      670.00   676.00   648.00   674.00   +139.00   +25.98%
      31              44  1301      台塑                    0.00          0.00    91.49%     65.80    66.50    64.50    64.60       78.00    82.40    76.60    81.30    +16.70   +25.85%
      32             107  4927      泰鼎-KY                 0.00          0.00    91.29%     42.75    44.10    42.70    43.50       54.00    56.70    53.10    54.20    +10.70   +24.60%
      33              47  6691      洋基工程                177.00         24.00    91.19%    641.00   649.00   634.00   635.00      781.00   794.00   772.00   789.00   +154.00   +24.25%
      34             203  2368      金像電                 320.00         75.00    91.12%   1070.00  1075.00  1025.00  1040.00     1245.00  1290.00  1210.00  1285.00   +245.00   +23.56%
      35              42  1714      和桐                    0.00          0.00    91.11%     16.20    16.20    15.95    16.10       19.80    20.90    19.50    19.95     +3.85   +23.91%
      36              93  1617      榮星                    0.00          0.00    91.04%     20.00    20.45    19.25    19.60       24.30    24.45    23.70    24.10     +4.50   +22.96%
      37              45  2383      台光電                1315.00        175.00    91.03%   5100.00  5100.00  4855.00  4860.00     5910.00  6065.00  5745.00  6000.00  +1140.00   +23.46%
      38              87  2241      艾姆勒                   0.00          0.00    91.03%     38.00    41.05    36.85    41.05       53.40    57.20    50.40    50.50     +9.45   +23.02%
      39             349  3653      健策                 1930.00        595.00    91.03%   5985.00  6050.00  5780.00  5830.00     6800.00  7245.00  6775.00  7165.00  +1335.00   +22.90%
      40              37  3167      大量                  242.00         62.00    90.83%    815.00   868.00   812.00   864.00     1025.00  1055.00   990.00  1055.00   +191.00   +22.11%
==========================================================================================================================================================================
✅ 共 40 筆


══════════════════════════════════════════════════════════════════════════════════════════════════════════════
  🔄 第  2/10 次  2026/09/21 ～ 2026/10/07
══════════════════════════════════════════════════════════════════════════════════════════════════════════════

==========================================================================================================================================================================
📊 ROI 每日報酬率累計排名 (2026/09/21 ~ 2026/10/07)
==========================================================================================================================================================================
    實資排名          累計天數排名  代號        名稱                 累計漲停(元)       累計跌停(元)       強度%  (09/21)開盤      最高      最低      收盤    (10/07)開盤      最高      最低      收盤      賺賠    賺賠率
--------------------------------------------------------------------------------------------------------------------------------------------------------------------------
       1              10  2466      冠西電                  63.00          0.00   100.00%    104.50   110.00   104.50   110.00      165.00   183.50   164.50   180.50    +70.50   +64.09%
       2               3  6672      騰輝電子-KY             191.50          0.00    99.75%    306.50   316.00   304.00   310.00      505.00   505.00   497.50   505.00   +195.00   +62.90%
       3              12  3016      嘉晶                   64.50          0.00    99.51%    118.00   123.00   115.50   120.50      188.50   195.50   185.00   195.00    +74.50   +61.83%
       4               5  3518      柏騰                    0.00          0.00    98.98%     31.10    32.30    30.95    31.65       51.40    52.00    47.60    50.30    +18.65   +58.93%
       5              16  2033      佳大                    0.00          0.00    98.58%     33.05    35.25    32.00    33.95       55.90    55.90    52.80    53.20    +19.25   +56.70%
       6              40  6957      裕慶-KY               174.50          0.00    97.92%    274.50   295.00   272.50   290.00      405.00   444.00   404.50   444.00   +154.00   +53.10%
       7              19  2030      彰源                    0.00          0.00    96.98%     24.80    24.80    23.95    24.80       37.40    38.50    35.90    36.75    +11.95   +48.19%
       8               7  6213      聯茂                  243.00          0.00    96.55%    515.00   542.00   510.00   542.00      787.00   813.00   780.00   796.00   +254.00   +46.86%
       9              76  3701      大眾控                   0.00          0.00    95.98%     41.50    44.60    41.10    42.70       64.00    64.90    59.10    61.10    +18.40   +43.09%
      10              17  6456      GIS-KY                0.00          0.00    95.63%     66.70    71.90    65.90    71.90      101.00   108.00    96.30   102.00    +30.10   +41.86%
      11              47  1709      和益                    0.00          0.00    95.54%     39.20    43.10    39.05    43.10       63.30    64.60    59.20    60.20    +17.10   +39.68%
      12             205  8201      無敵                    0.00          0.00    95.38%     12.00    12.00    12.00    12.00       16.30    16.95    16.30    16.75     +4.75   +39.58%
      13              22  2340      台亞                    0.00          0.00    95.21%     34.40    34.70    34.00    34.50       46.40    49.00    43.50    48.15    +13.65   +39.57%
      14              25  2241      艾姆勒                   0.00          0.00    95.07%     35.05    37.35    34.50    37.35       47.60    52.00    47.40    52.00    +14.65   +39.22%
      15               2  8046      南電                  445.00         25.00    95.00%   1110.00  1150.00  1050.00  1060.00     1505.00  1560.00  1470.00  1480.00   +420.00   +39.62%
      16              64  2492      華新科                 121.50          9.50    95.00%    311.50   326.00   307.50   308.50      389.00   428.00   388.00   428.00   +119.50   +38.74%
      17             287  6533      晶心科                 115.50         30.50    93.67%    269.00   270.50   260.00   263.50      341.50   347.00   338.00   347.00    +83.50   +31.69%
      18              28  3189      景碩                  308.00         25.00    93.62%    849.00   878.00   824.00   827.00     1085.00  1145.00  1085.00  1100.00   +273.00   +33.01%
      19              38  1303      南亞                   57.50          0.00    93.24%    238.50   245.00   235.00   239.50      293.00   322.00   293.00   314.00    +74.50   +31.11%
      20              48  4927      泰鼎-KY                 0.00          0.00    92.92%     43.75    43.90    42.05    42.05       55.80    57.00    51.00    54.50    +12.45   +29.61%
      21              39  6278      台表科                  49.50          0.00    92.69%    197.00   198.00   193.50   194.50      229.50   250.50   227.00   250.50    +56.00   +28.79%
      22              56  3037      欣興                  325.00         35.00    92.49%    999.00  1055.00   999.00  1020.00     1310.00  1345.00  1300.00  1305.00   +285.00   +27.94%
      23              51  4919      新唐                   24.50          0.00    92.41%    135.00   135.00   125.00   125.50      151.50   164.00   150.00   159.50    +34.00   +27.09%
      24              41  3167      大量                  270.00         62.00    92.39%    834.00   836.00   805.00   806.00     1025.00  1060.00  1015.00  1025.00   +219.00   +27.17%
      25              11  6944      兆聯實業                189.00          0.00    92.33%    708.00   724.00   705.00   712.00      835.00   908.00   835.00   908.00   +196.00   +27.53%
      26              26  4958      臻鼎-KY               129.00         16.00    92.17%    476.50   482.00   463.50   470.00      576.00   600.00   573.00   595.00   +125.00   +26.60%
      27             274  3311      閎暉                    0.00          0.00    92.10%     38.50    38.75    36.55    37.70       46.80    48.00    43.80    47.35     +9.65   +25.60%
      28             258  6155      鈞寶                    0.00          0.00    92.05%     57.10    58.00    56.60    57.00       67.50    73.40    67.50    71.50    +14.50   +25.44%
      29              78  6152      百一                    0.00          0.00    91.96%     15.15    15.80    15.00    15.80       19.70    20.10    18.90    19.80     +4.00   +25.32%
      30              33  6196      帆宣                  165.00         37.00    91.91%    549.00   549.00   532.00   535.00      660.00   675.00   660.00   670.00   +135.00   +25.23%
      31              27  8150      南茂                   21.50          0.00    91.91%     96.00   103.00    94.80   103.00      126.00   129.00   125.00   128.50    +25.50   +24.76%
      32              52  2484      希華                    0.00          0.00    91.79%     71.00    71.20    70.00    70.00       80.70    88.20    80.00    87.10    +17.10   +24.43%
      33             101  1617      榮星                    0.00          0.00    91.57%     18.55    20.10    18.45    19.40       23.05    24.50    23.05    23.95     +4.55   +23.45%
      34             206  3543      州巧                    0.00          0.00    91.52%     44.80    46.10    44.30    45.05       53.20    55.70    52.60    55.70    +10.65   +23.64%
      35              80  6225      天瀚                    0.00          0.00    91.41%     57.90    60.10    55.60    56.90       65.70    70.40    65.70    68.70    +11.80   +20.74%
      36              53  1714      和桐                    0.00          0.00    91.38%     15.70    16.05    15.55    15.95       19.30    20.35    18.50    19.65     +3.70   +23.20%
      37              65  6691      洋基工程                164.00         24.00    91.31%    650.00   650.00   631.00   632.00      787.00   793.00   775.00   776.00   +144.00   +22.78%
      38             240  4195      基米-創                  0.00          0.00    91.21%     13.20    13.20    13.00    13.00       16.45    16.50    15.55    15.85     +2.85   +21.92%
      39              74  2342      茂矽                    0.00          0.00    91.17%     41.15    41.75    40.45    41.00       49.00    50.60    48.85    50.10     +9.10   +22.20%
      40             355  6933      AMAX-KY             101.00         25.00    91.12%    345.00   348.00   316.00   317.50      373.50   388.50   371.00   385.50    +68.00   +21.42%
==========================================================================================================================================================================
✅ 共 40 筆


══════════════════════════════════════════════════════════════════════════════════════════════════════════════
  🔄 第  3/10 次  2026/09/18 ～ 2026/10/06
══════════════════════════════════════════════════════════════════════════════════════════════════════════════

==========================================================================================================================================================================
📊 ROI 每日報酬率累計排名 (2026/09/18 ~ 2026/10/06)
==========================================================================================================================================================================
    實資排名          累計天數排名  代號        名稱                 累計漲停(元)       累計跌停(元)       強度%  (09/18)開盤      最高      最低      收盤    (10/06)開盤      最高      最低      收盤      賺賠    賺賠率
--------------------------------------------------------------------------------------------------------------------------------------------------------------------------
       1              12  1709      和益                    0.00          0.00   100.00%     41.85    42.00    38.70    39.20       66.20    66.30    58.20    63.30    +24.10   +61.48%
       2               2  3518      柏騰                    0.00          0.00    99.93%     31.50    31.50    30.80    30.90       49.90    52.00    45.65    50.30    +19.40   +62.78%
       3              14  3016      嘉晶                   64.50          0.00    99.74%    116.50   119.00   115.00   116.50      186.00   189.50   181.50   188.00    +71.50   +61.37%
       4              13  2466      冠西電                  53.00          0.00    99.72%    104.00   108.50   102.50   106.00      160.00   170.50   157.50   170.50    +64.50   +60.85%
       5              27  2033      佳大                    0.00          0.00    98.94%     32.45    33.90    31.50    33.90       51.60    53.50    48.80    52.80    +18.90   +55.75%
       6               6  6213      聯茂                  280.00          0.00    98.86%    503.00   525.00   501.00   505.00      797.00   818.00   762.00   787.00   +282.00   +55.84%
       7              17  6456      GIS-KY                0.00          0.00    98.44%     65.10    65.90    64.20    65.40       97.60    99.60    96.20    99.60    +34.20   +52.29%
       8               8  6672      騰輝電子-KY             146.00          0.00    98.38%    299.50   309.50   297.00   302.00      456.00   459.50   435.00   459.50   +157.50   +52.15%
       9              18  2030      彰源                    0.00          0.00    97.99%     23.75    24.95    23.45    24.95       37.65    37.65    36.05    37.25    +12.30   +49.30%
      10              47  6957      裕慶-KY               154.00          0.00    97.96%    274.50   279.00   267.50   270.50      417.50   417.50   391.00   404.00   +133.50   +49.35%
      11             166  8201      無敵                    0.00          0.00    97.44%     11.80    12.35    11.75    12.05       17.80    17.80    16.70    17.50     +5.45   +45.23%
      12              88  3701      大眾控                   0.00          0.00    97.24%     41.50    42.05    41.10    41.10       60.80    65.40    58.40    59.30    +18.20   +44.28%
      13              28  2340      台亞                    0.00          0.00    96.37%     33.50    34.25    33.30    34.00       50.30    50.40    45.30    47.30    +13.30   +39.12%
      14              31  2241      艾姆勒                   0.00          0.00    96.03%     33.90    34.60    33.75    34.45       46.50    48.45    46.25    47.35    +12.90   +37.45%
      15               4  8046      南電                  445.00         40.00    95.85%   1105.00  1120.00  1065.00  1100.00     1500.00  1520.00  1485.00  1505.00   +405.00   +36.82%
      16              25  8150      南茂                   21.50          0.00    95.82%     89.00    95.10    88.80    94.00      124.00   130.50   123.00   127.50    +33.50   +35.64%
      17             138  4720      德淵                    0.00          0.00    95.71%     18.75    19.15    18.45    18.70       25.00    25.30    24.80    25.30     +6.60   +35.29%
      18              43  3094      聯傑                    0.00          0.00    95.54%     48.80    51.70    48.60    51.70       69.40    71.80    68.50    69.20    +17.50   +33.85%
      19              29  3037      欣興                  364.00         35.00    95.29%    973.00   990.00   971.00   981.00     1335.00  1340.00  1285.00  1310.00   +329.00   +33.54%
      20              21  1721      國慶科技                  0.00          0.00    95.00%     22.40    22.40    21.60    22.00       28.50    30.00    27.40    29.00     +7.00   +31.82%
      21               3  2254      巨鎧精密-創                0.00          0.00    94.98%     75.20    76.80    74.70    76.80       95.10   102.00    94.60   101.50    +24.70   +32.16%
      22             541  6533      晶心科                 115.50         30.50    94.54%    255.00   276.00   250.00   270.50      336.00   348.00   326.00   345.00    +74.50   +27.54%
      23              91  3189      景碩                  278.00         25.00    94.45%    828.00   850.00   815.00   832.00     1095.00  1105.00  1055.00  1070.00   +238.00   +28.61%
      24             174  3653      健策                 1875.00        320.00    94.41%   5520.00  5650.00  5415.00  5525.00     7185.00  7280.00  7050.00  7080.00  +1555.00   +28.14%
      25             293  3311      閎暉                    0.00          0.00    94.04%     37.00    38.80    36.75    38.70       50.20    51.20    46.80    48.65     +9.95   +25.71%
      26             100  6152      百一                    0.00          0.00    94.02%     14.75    15.15    14.70    15.05       18.95    18.95    18.90    18.95     +3.90   +25.91%
      27             223  2492      華新科                  83.00          9.50    94.02%    305.00   311.00   300.00   309.50      370.00   395.00   362.50   389.50    +80.00   +25.85%
      28              11  02001L    富邦蘋果正二N               0.00          0.00    94.01%    137.55   139.20   136.40   138.75      177.60   177.60   172.90   175.50    +36.75   +26.49%
      29             219  2444      兆勁                    0.00          0.00    93.87%     12.55    12.75    12.20    12.60       15.80    16.45    15.15    15.70     +3.10   +24.60%
      30             175  3055      蔚華科                  35.50          0.00    93.82%    166.00   173.50   163.50   171.00      222.50   222.50   213.00   213.50    +42.50   +24.85%
      31             236  4195      基米-創                  0.00          0.00    93.82%     13.10    13.25    13.10    13.15       15.95    17.05    15.65    16.40     +3.25   +24.71%
      32             137  1617      榮星                    0.00          0.00    93.76%     18.70    18.85    18.35    18.55       24.80    24.85    22.80    23.05     +4.50   +24.26%
      33             472  2409      友達                    0.00          0.00    93.74%     30.75    30.80    29.50    30.35       39.25    39.50    37.15    37.45     +7.10   +23.39%
      34             216  2368      金像電                 305.00         60.00    93.59%    978.00  1020.00   969.00  1020.00     1220.00  1295.00  1200.00  1260.00   +240.00   +23.53%
      35             190  1711      永光                    0.00          0.00    93.50%     40.15    40.20    39.10    39.40       45.00    48.60    44.05    48.60     +9.20   +23.35%
      36             290  7788      松川精密                 75.00          0.00    93.49%    290.50   304.00   290.50   297.00      339.50   365.50   335.00   365.50    +68.50   +23.06%
      37              73  1303      南亞                   36.50          0.00    93.46%    240.50   245.00   234.00   238.00      288.00   300.00   274.50   293.00    +55.00   +23.11%
      38             111  6196      帆宣                  165.00         37.00    93.43%    526.00   541.00   521.00   540.00      684.00   684.00   649.00   663.00   +123.00   +22.78%
      39             136  3167      大量                  270.00         90.00    93.40%    833.00   855.00   810.00   834.00     1010.00  1020.00   970.00  1020.00   +186.00   +22.30%
      40              83  2383      台光電                1265.00        165.00    93.35%   4910.00  5000.00  4810.00  4890.00     6040.00  6115.00  5820.00  5995.00  +1105.00   +22.60%
==========================================================================================================================================================================
✅ 共 40 筆


══════════════════════════════════════════════════════════════════════════════════════════════════════════════
  🔄 第  4/10 次  2026/09/17 ～ 2026/10/05
══════════════════════════════════════════════════════════════════════════════════════════════════════════════

==========================================================================================================================================================================
📊 ROI 每日報酬率累計排名 (2026/09/17 ~ 2026/10/05)
==========================================================================================================================================================================
    實資排名          累計天數排名  代號        名稱                 累計漲停(元)       累計跌停(元)       強度%  (09/17)開盤      最高      最低      收盤    (10/05)開盤      最高      最低      收盤      賺賠    賺賠率
--------------------------------------------------------------------------------------------------------------------------------------------------------------------------
       1              31  2033      佳大                    0.00          0.00   100.00%     27.95    30.85    27.80    30.85       56.30    56.30    49.80    51.00    +20.15   +65.32%
       2              16  2030      彰源                    0.00          0.00    98.47%     22.60    23.55    22.60    23.50       39.75    39.75    36.70    36.90    +13.40   +57.02%
       3              40  3016      嘉晶                   64.50          0.00    98.45%    116.00   122.00   113.50   115.50      186.00   189.50   178.00   181.50    +66.00   +57.14%
       4              21  3518      柏騰                    0.00          0.00    98.38%     30.35    31.85    30.35    31.10       48.45    48.75    46.80    48.75    +17.65   +56.75%
       5              13  6672      騰輝電子-KY             146.00          0.00    97.77%    306.00   315.00   285.50   293.50      444.00   457.50   435.00   451.00   +157.50   +53.66%
       6              19  1709      和益                    0.00          0.00    97.52%     40.80    42.95    39.10    42.95       63.80    64.30    63.60    64.30    +21.35   +49.71%
       7               3  2340      台亞                    0.00          0.00    97.51%     33.20    34.20    32.85    32.95       46.70    50.30    46.50    50.30    +17.35   +52.66%
       8              20  2466      冠西電                  37.50          0.00    97.33%    105.00   106.50   102.00   102.50      150.00   155.00   145.00   155.00    +52.50   +51.22%
       9               9  6213      聯茂                  254.00          0.00    97.31%    548.00   548.00   495.00   495.00      690.00   751.00   682.00   751.00   +256.00   +51.72%
      10              77  6957      裕慶-KY               154.00          0.00    97.00%    260.00   280.50   260.00   274.00      386.00   413.00   380.50   410.00   +136.00   +49.64%
      11             105  3701      大眾控                   0.00          0.00    96.66%     40.50    42.60    40.25    41.25       60.90    60.90    60.90    60.90    +19.65   +47.64%
      12              35  3094      聯傑                    0.00          0.00    96.61%     44.55    47.20    44.55    47.00       70.40    73.50    68.70    69.00    +22.00   +46.81%
      13              27  8150      南茂                   21.50          0.00    95.79%     88.10    90.10    86.30    86.70      133.00   133.00   123.00   124.00    +37.30   +43.02%
      14               8  6861      睿生光電                 86.50         21.50    95.40%    224.00   229.50   207.50   209.00      295.00   311.00   294.00   295.50    +86.50   +41.39%
      15             202  8201      無敵                    0.00          0.00    95.26%     11.90    11.90    11.65    11.65       17.90    17.95    16.00    16.35     +4.70   +40.34%
      16               5  3037      欣興                  405.00         20.00    95.09%    979.00   993.00   940.00   940.00     1325.00  1420.00  1310.00  1325.00   +385.00   +40.96%
      17               2  8046      南電                  470.00         40.00    94.99%   1120.00  1130.00  1060.00  1065.00     1460.00  1550.00  1445.00  1495.00   +430.00   +40.38%
      18              56  6456      GIS-KY                0.00          0.00    94.87%     65.30    68.00    64.60    65.10       92.90    93.60    87.10    90.60    +25.50   +39.17%
      19              53  2241      艾姆勒                   0.00          0.00    94.30%     33.70    34.05    33.50    33.70       43.55    46.50    43.10    46.05    +12.35   +36.65%
      20              39  3189      景碩                  305.00          0.00    94.06%    825.00   835.00   785.00   805.00     1055.00  1150.00  1030.00  1095.00   +290.00   +36.02%
      21              66  4919      新唐                   36.00          0.00    94.04%    116.50   118.50   114.50   115.00      162.50   162.50   154.00   155.50    +40.50   +35.22%
      22             537  6533      晶心科                 134.50         30.50    93.96%    232.00   251.50   232.00   251.50      351.00   351.50   332.00   336.00    +84.50   +33.60%
      23              62  3055      蔚華科                  45.50          0.00    93.81%    168.00   169.50   160.50   161.00      221.00   222.00   213.00   216.50    +55.50   +34.47%
      24              70  3653      健策                 2045.00        195.00    93.79%   5400.00  5605.00  5320.00  5355.00     6800.00  7440.00  6760.00  7205.00  +1850.00   +34.55%
      25             133  3311      閎暉                    0.00          0.00    93.72%     38.30    38.80    37.00    37.00       52.20    52.20    49.00    49.50    +12.50   +33.78%
      26              71  6526      達發                  237.00         37.00    93.66%    639.00   649.00   629.00   629.00      855.00   885.00   828.00   841.00   +212.00   +33.70%
      27              81  6168      宏齊                    0.00          0.00    93.64%     32.15    35.35    31.60    35.35       47.15    50.60    44.70    47.10    +11.75   +33.24%
      28              90  2444      兆勁                    0.00          0.00    93.52%     11.65    12.50    11.65    12.20       17.40    17.80    16.00    16.20     +4.00   +32.79%
      29             104  3443      創意                 2840.00        740.00    93.51%   6315.00  6610.00  6205.00  6500.00     8150.00  8690.00  8150.00  8600.00  +2100.00   +32.31%
      30              42  6196      帆宣                  189.00         21.00    93.14%    524.00   535.00   516.00   516.00      628.00   679.00   622.00   679.00   +163.00   +31.59%
      31             280  2409      友達                    0.00          0.00    93.04%     29.75    31.05    29.50    30.00       41.55    43.55    39.00    39.05     +9.05   +30.17%
      32               6  02001L    富邦蘋果正二N               0.00          0.00    93.02%    136.80   138.20   132.90   132.95      170.00   181.10   170.00   174.80    +41.85   +31.48%
      33              93  1617      榮星                    0.00          0.00    92.96%     18.10    18.70    18.10    18.45       24.65    24.80    22.40    24.10     +5.65   +30.62%
      34              34  1459      聯發                    0.00          0.00    92.90%     15.75    15.75    15.50    15.75       20.55    20.55    20.00    20.55     +4.80   +30.48%
      35              43  6691      洋基工程                204.00         31.00    92.84%    622.00   627.00   610.00   610.00      752.00   794.00   747.00   794.00   +184.00   +30.16%
      36             217  2368      金像電                 330.00         60.00    92.40%   1035.00  1085.00   950.00   950.00     1160.00  1215.00  1160.00  1215.00   +265.00   +27.89%
      37              59  3149      正達                    0.00          0.00    92.35%     62.00    64.40    61.90    62.00       78.80    80.00    77.80    79.50    +17.50   +28.23%
      38             195  6155      鈞寶                    0.00          0.00    92.34%     56.70    57.40    55.50    55.50       72.90    73.60    69.90    71.00    +15.50   +27.93%
      39              64  2404      漢唐                  360.00         85.00    92.22%   1040.00  1055.00  1025.00  1030.00     1300.00  1325.00  1280.00  1310.00   +280.00   +27.18%
      40              17  1560      中砂                  228.00         15.00    92.17%    750.00   815.00   750.00   815.00     1020.00  1060.00  1010.00  1040.00   +225.00   +27.61%
==========================================================================================================================================================================
✅ 共 40 筆


══════════════════════════════════════════════════════════════════════════════════════════════════════════════
  🔄 第  5/10 次  2026/09/16 ～ 2026/10/02
══════════════════════════════════════════════════════════════════════════════════════════════════════════════

==========================================================================================================================================================================
📊 ROI 每日報酬率累計排名 (2026/09/16 ~ 2026/10/02)
==========================================================================================================================================================================
    實資排名          累計天數排名  代號        名稱                 累計漲停(元)       累計跌停(元)       強度%  (09/16)開盤      最高      最低      收盤    (10/02)開盤      最高      最低      收盤      賺賠    賺賠率
--------------------------------------------------------------------------------------------------------------------------------------------------------------------------
       1               6  2033      佳大                    0.00          0.00   100.00%     26.00    28.05    25.80    28.05       51.20    51.20    51.20    51.20    +23.15   +82.53%
       2               2  2030      彰源                    0.00          0.00    98.20%     22.50    22.70    22.35    22.70       38.15    39.20    37.95    38.40    +15.70   +69.16%
       3               4  3094      聯傑                    0.00          0.00    96.76%     42.25    45.00    42.25    44.55       69.20    73.00    67.90    70.30    +25.75   +57.80%
       4              59  3016      嘉晶                   64.50          0.00    96.46%    110.50   116.00   107.50   115.50      169.50   182.00   169.50   180.50    +65.00   +56.28%
       5             215  6533      晶心科                 157.00         14.50    96.26%    224.50   229.00   224.50   229.00      366.50   366.50   350.50   352.00   +123.00   +53.71%
       6              13  1709      和益                    0.00          0.00    95.89%     35.95    39.05    35.90    39.05       55.50    58.50    54.70    58.50    +19.45   +49.81%
       7              16  8150      南茂                   21.50          0.00    94.97%     85.20    87.30    84.70    87.10      116.00   127.00   114.50   127.00    +39.90   +45.81%
       8              18  3518      柏騰                    0.00          0.00    94.95%     29.90    30.95    29.75    30.30       41.00    44.35    40.15    44.35    +14.05   +46.37%
       9             173  8201      無敵                    0.00          0.00    94.91%     11.60    11.80    11.60    11.75       17.55    17.80    17.00    17.10     +5.35   +45.53%
      10              57  6957      裕慶-KY               136.50          0.00    94.88%    246.00   260.00   246.00   258.50      375.00   389.00   366.00   377.00   +118.50   +45.84%
      11              44  6672      騰輝電子-KY             134.00         10.50    94.73%    295.50   306.00   290.00   304.00      413.00   439.00   404.00   439.00   +135.00   +44.41%
      12              43  6168      宏齊                    0.00          0.00    94.55%     29.40    32.15    29.40    32.15       47.45    48.00    46.00    46.00    +13.85   +43.08%
      13              19  6456      GIS-KY                0.00          0.00    94.49%     62.30    65.20    62.20    64.80       89.10    94.00    87.00    92.90    +28.10   +43.36%
      14              14  2444      兆勁                    0.00          0.00    94.24%     11.55    11.95    11.45    11.65       15.00    16.50    14.70    16.50     +4.85   +41.63%
      15              35  4919      新唐                   36.00          0.00    94.03%    112.00   117.00   111.50   116.00      151.00   167.00   145.50   163.00    +47.00   +40.52%
      16              85  3701      大眾控                   0.00          0.00    93.75%     38.50    40.40    38.50    40.00       53.00    55.40    51.20    55.40    +15.40   +38.50%
      17              86  2409      友達                    0.00          0.00    93.65%     28.20    29.60    28.15    29.40       38.75    40.85    38.65    40.45    +11.05   +37.59%
      18              24  2340      台亞                    0.00          0.00    93.62%     31.75    33.65    31.65    33.10       45.00    47.20    43.70    45.75    +12.65   +38.22%
      19               9  1560      中砂                  277.00         15.00    93.42%    740.00   754.00   739.00   741.00     1005.00  1030.00   993.00  1015.00   +274.00   +36.98%
      20              69  2466      冠西電                  23.50          0.00    93.27%    102.50   108.00   102.50   104.00      130.50   141.00   130.50   141.00    +37.00   +35.58%
      21              26  3037      欣興                  385.00         41.00    93.22%    961.00   971.00   940.00   961.00     1225.00  1305.00  1215.00  1305.00   +344.00   +35.80%
      22             184  3031      佰鴻                    0.00          0.00    93.19%     22.80    24.60    22.80    24.25       31.40    33.50    30.25    32.80     +8.55   +35.26%
      23              38  1617      榮星                    0.00          0.00    93.00%     17.75    18.30    17.70    17.95       24.80    25.25    24.00    24.10     +6.15   +34.26%
      24              21  6861      睿生光電                 86.50         35.50    92.94%    227.50   233.50   219.00   223.00      293.00   298.50   290.00   296.00    +73.00   +32.74%
      25             112  6526      達發                  237.00         37.00    92.78%    627.00   637.00   625.00   629.00      838.00   838.00   821.00   835.00   +206.00   +32.75%
      26              28  4956      光鋐                    0.00          0.00    92.77%     31.80    35.25    31.80    35.25       47.25    48.25    46.15    46.40    +11.15   +31.63%
      27              20  8046      南電                  435.00         80.00    92.64%   1095.00  1115.00  1060.00  1105.00     1440.00  1480.00  1395.00  1460.00   +355.00   +32.13%
      28             117  3055      蔚華科                  45.50          0.00    92.60%    161.00   167.00   158.00   164.00      216.00   217.00   212.50   216.00    +52.00   +31.71%
      29             102  6834      天二科技                 10.50          0.00    92.54%     98.80   100.50    97.50   100.00      118.00   131.00   118.00   131.00    +31.00   +31.00%
      30             205  3311      閎暉                    0.00          0.00    92.42%     36.80    38.40    36.05    38.10       48.25    49.65    48.15    49.65    +11.55   +30.31%
      31             103  2241      艾姆勒                   0.00          0.00    92.32%     33.50    34.00    32.80    33.65       44.05    45.70    43.40    43.75    +10.10   +30.01%
      32             105  1727      中華化                  21.50          9.50    92.23%     91.50    98.70    90.90    95.60      111.00   123.00   111.00   123.00    +27.40   +28.66%
      33              63  3653      健策                 1755.00        195.00    92.22%   5320.00  5540.00  5210.00  5240.00     6790.00  7065.00  6760.00  6800.00  +1560.00   +29.77%
      34              79  3443      創意                 2470.00        740.00    92.06%   6070.00  6295.00  6050.00  6170.00     7895.00  8005.00  7835.00  7900.00  +1730.00   +28.04%
      35             191  6155      鈞寶                    0.00          0.00    92.03%     56.80    56.80    55.70    56.40       69.60    75.50    69.50    72.50    +16.10   +28.55%
      36             109  3189      景碩                  260.00         15.00    91.91%    810.00   832.00   792.00   820.00     1010.00  1070.00  1005.00  1050.00   +230.00   +28.05%
      37              49  1809      中釉                    0.00          0.00    91.84%     36.45    37.40    36.45    37.30       45.55    48.80    45.55    47.55    +10.25   +27.48%
      38             153  3665      貿聯-KY               655.00        110.00    91.80%   1980.00  2030.00  1935.00  1995.00     2620.00  2670.00  2525.00  2540.00   +545.00   +27.32%
      39              30  6120      達運                    0.00          0.00    91.72%     11.85    12.10    11.80    12.00       14.60    15.40    14.50    15.25     +3.25   +27.08%
      40               5  2254      巨鎧精密-創                0.00          0.00    91.64%     73.10    77.00    73.00    74.20       94.30    95.00    92.60    94.30    +20.10   +27.09%
==========================================================================================================================================================================
✅ 共 40 筆


══════════════════════════════════════════════════════════════════════════════════════════════════════════════
  🔄 第  6/10 次  2026/09/15 ～ 2026/10/01
══════════════════════════════════════════════════════════════════════════════════════════════════════════════

==========================================================================================================================================================================
📊 ROI 每日報酬率累計排名 (2026/09/15 ~ 2026/10/01)
==========================================================================================================================================================================
    實資排名          累計天數排名  代號        名稱                 累計漲停(元)       累計跌停(元)       強度%  (09/15)開盤      最高      最低      收盤    (10/01)開盤      最高      最低      收盤      賺賠    賺賠率
--------------------------------------------------------------------------------------------------------------------------------------------------------------------------
       1               9  2033      佳大                    0.00          0.00   100.00%     26.70    27.05    25.45    25.50       45.10    46.55    44.00    46.55    +21.05   +82.55%
       2               4  2030      彰源                    0.00          0.00    98.25%     23.25    23.25    22.10    22.20       37.20    40.00    36.05    37.65    +15.45   +69.59%
       3              59  6533      晶心科                 157.00          0.00    97.55%    232.00   234.00   224.00   224.50      346.00   366.50   337.00   366.50   +142.00   +63.25%
       4              10  6168      宏齊                    0.00          0.00    97.15%     29.65    30.20    29.20    29.25       45.70    47.00    45.70    47.00    +17.75   +60.68%
       5               6  3094      聯傑                    0.00          0.00    97.11%     43.95    44.00    42.20    42.25       61.80    67.70    61.70    67.70    +25.45   +60.24%
       6              12  6957      裕慶-KY               150.00          0.00    96.47%    244.00   245.00   238.00   245.00      400.00   400.00   364.00   384.00   +139.00   +56.73%
       7              54  3016      嘉晶                   52.00          0.00    95.93%    113.00   119.00   107.50   110.00      169.00   169.00   162.50   168.00    +58.00   +52.73%
       8              15  1709      和益                    0.00          0.00    95.90%     36.00    36.35    34.30    35.50       51.80    53.20    51.60    53.20    +17.70   +49.86%
       9              51  8201      無敵                    0.00          0.00    95.87%     11.70    12.05    11.60    11.60       17.60    17.65    16.10    17.65     +6.05   +52.16%
      10               7  4956      光鋐                    0.00          0.00    95.31%     33.10    33.40    32.05    32.05       46.50    49.60    46.20    47.25    +15.20   +47.43%
      11              20  6456      GIS-KY                0.00          0.00    94.39%     62.50    63.40    61.40    61.60       91.90    92.00    86.10    87.90    +26.30   +42.69%
      12              11  1617      榮星                    0.00          0.00    94.04%     17.65    17.80    17.45    17.60       24.90    26.45    24.40    24.80     +7.20   +40.91%
      13              24  2340      台亞                    0.00          0.00    94.04%     32.05    32.35    31.15    31.15       40.80    44.70    40.25    43.85    +12.70   +40.77%
      14              28  3605      宏致                   41.50         12.00    93.98%    124.50   129.50   122.00   127.50      171.00   179.00   168.50   178.00    +50.50   +39.61%
      15              42  6672      騰輝電子-KY             113.50         10.50    93.91%    294.50   303.50   289.50   291.00      376.50   405.50   369.50   405.50   +114.50   +39.35%
      16             287  6933      AMAX-KY             149.50         24.50    93.83%    310.50   312.00   280.50   286.00      370.00   404.50   369.50   394.50   +108.50   +37.94%
      17             104  2305      全友                    0.00          0.00    93.81%     45.60    48.05    44.20    44.95       65.30    65.30    61.90    61.90    +16.95   +37.71%
      18              85  2409      友達                    0.00          0.00    93.60%     28.35    28.75    27.75    27.90       39.80    40.00    37.80    38.30    +10.40   +37.28%
      19              18  8150      南茂                   10.00          0.00    93.51%     86.00    88.10    84.40    84.40      113.00   116.00   109.50   115.50    +31.10   +36.85%
      20              33  4919      新唐                   25.00          0.00    93.44%    112.00   114.00   110.00   111.00      140.50   152.00   139.00   152.00    +41.00   +36.94%
      21              17  1560      中砂                  262.00         15.00    93.28%    746.00   752.00   735.00   735.00      963.00  1015.00   963.00  1000.00   +265.00   +36.05%
      22              25  3518      柏騰                    0.00          0.00    93.25%     30.00    30.55    29.60    29.70       42.15    45.15    40.15    40.35    +10.65   +35.86%
      23             140  7799      禾榮科                 192.00         47.00    93.03%    410.00   424.00   408.00   415.50      555.00   574.00   544.00   555.00   +139.50   +33.57%
      24             114  3055      蔚華科                  45.50          0.00    92.88%    161.00   162.50   156.50   157.50      208.00   212.00   202.00   210.00    +52.50   +33.33%
      25             137  6526      達發                  237.00         37.00    92.83%    637.00   637.00   623.00   623.00      834.00   843.00   818.00   829.00   +206.00   +33.07%
      26             179  3031      佰鴻                    0.00          0.00    92.73%     23.35    23.55    23.00    23.00       30.60    31.50    30.10    30.50     +7.50   +32.61%
      27             192  6226      光鼎                    0.00          0.00    92.72%     33.95    36.30    33.05    36.30       44.55    48.00    44.55    48.00    +11.70   +32.23%
      28              52  2241      艾姆勒                   0.00          0.00    92.66%     33.65    34.00    33.25    33.35       46.00    46.20    44.00    44.05    +10.70   +32.08%
      29              84  7711      永擎                  167.00         26.00    92.65%    461.00   473.00   438.00   468.00      561.00   616.00   551.00   616.00   +148.00   +31.62%
      30              37  3443      創意                 2605.00        740.00    92.54%   6400.00  6455.00  6035.00  6035.00     8040.00  8100.00  7730.00  7900.00  +1865.00   +30.90%
      31              27  8046      南電                  415.00         80.00    92.43%   1070.00  1110.00  1055.00  1085.00     1390.00  1450.00  1370.00  1420.00   +335.00   +30.88%
      32             203  3717      聯嘉投控                  0.00          0.00    92.34%     21.10    21.10    20.90    21.00       27.50    28.20    27.05    27.35     +6.35   +30.24%
      33             102  3701      大眾控                   0.00          0.00    92.27%     39.85    40.00    38.80    38.80       46.25    50.40    43.90    50.40    +11.60   +29.90%
      34              67  3653      健策                 1755.00        190.00    92.17%   5735.00  5765.00  5240.00  5310.00     6720.00  6895.00  6665.00  6875.00  +1565.00   +29.47%
      35              73  6861      睿生光電                 86.50         35.50    92.17%    235.50   242.50   222.00   228.00      317.50   324.50   288.00   292.00    +64.00   +28.07%
      36             215  8996      高力                  510.00        165.00    92.11%   1245.00  1260.00  1200.00  1220.00     1515.00  1600.00  1470.00  1565.00   +345.00   +28.28%
      37              82  3665      貿聯-KY               670.00         95.00    92.10%   1940.00  2020.00  1925.00  1980.00     2595.00  2625.00  2510.00  2555.00   +575.00   +29.04%
      38              40  2444      兆勁                    0.00          0.00    92.08%     11.55    11.80    11.50    11.65       15.40    15.80    15.00    15.00     +3.35   +28.76%
      39             100  2342      茂矽                    0.00          0.00    92.00%     41.65    41.90    38.35    38.40       50.30    50.50    49.00    49.35    +10.95   +28.52%
      40             181  6133      金橋                    0.00          0.00    91.95%     23.75    23.75    22.95    22.95       29.55    31.00    29.30    29.30     +6.35   +27.67%
==========================================================================================================================================================================
✅ 共 40 筆


══════════════════════════════════════════════════════════════════════════════════════════════════════════════
  🔄 第  7/10 次  2026/09/14 ～ 2026/09/30
══════════════════════════════════════════════════════════════════════════════════════════════════════════════

==========================================================================================================================================================================
📊 ROI 每日報酬率累計排名 (2026/09/14 ~ 2026/09/30)
==========================================================================================================================================================================
    實資排名          累計天數排名  代號        名稱                 累計漲停(元)       累計跌停(元)       強度%  (09/14)開盤      最高      最低      收盤    (09/30)開盤      最高      最低      收盤      賺賠    賺賠率
--------------------------------------------------------------------------------------------------------------------------------------------------------------------------
       1              32  2033      佳大                    0.00          0.00   100.00%     28.15    29.90    26.00    26.65       38.85    42.35    38.65    42.35    +15.70   +58.91%
       2              11  2030      彰源                    0.00          0.00    99.83%     23.50    23.60    23.20    23.20       36.60    36.70    36.00    36.70    +13.50   +58.19%
       3              10  6957      裕慶-KY               137.00          0.00    99.21%    231.50   242.50   231.00   240.00      365.00   371.00   356.00   371.00   +131.00   +54.58%
       4              29  2305      全友                    0.00          0.00    98.89%     40.45    45.15    39.50    45.15       70.00    72.50    66.40    68.70    +23.55   +52.16%
       5              30  6168      宏齊                    0.00          0.00    98.84%     28.85    30.65    28.55    29.95       46.55    47.00    44.50    45.25    +15.30   +51.09%
       6              57  3016      嘉晶                   52.00          0.00    98.61%    104.00   117.00   102.00   112.50      170.00   172.50   165.00   169.00    +56.50   +50.22%
       7              13  6456      GIS-KY                0.00          0.00    97.77%     63.10    65.10    61.60    63.30       91.50    95.70    89.50    92.00    +28.70   +45.34%
       8             212  6533      晶心科                 124.00          0.00    97.71%    230.00   240.00   230.00   232.00      316.00   333.50   301.00   333.50   +101.50   +43.75%
       9              22  3094      聯傑                    0.00          0.00    97.09%     40.45    44.50    40.35    44.00       62.10    62.50    59.00    61.60    +17.60   +40.00%
      10              18  4956      光鋐                    0.00          0.00    97.07%     31.60    34.45    31.30    33.40       46.25    49.80    45.50    46.50    +13.10   +39.22%
      11              16  2241      艾姆勒                   0.00          0.00    96.54%     33.20    33.85    32.85    33.45       43.50    47.90    43.45    46.15    +12.70   +37.97%
      12             127  6226      光鼎                    0.00          0.00    96.45%     29.50    33.00    29.40    33.00       45.55    45.70    44.40    45.10    +12.10   +36.67%
      13              12  3518      柏騰                    0.00          0.00    96.39%     28.90    30.15    28.80    30.00       40.50    41.10    40.05    41.10    +11.10   +37.00%
      14              35  1709      和益                    0.00          0.00    96.38%     36.20    36.70    35.30    36.05       44.10    48.40    44.00    48.40    +12.35   +34.26%
      15              14  1617      榮星                    0.00          0.00    96.26%     17.55    17.90    17.30    17.65       22.75    24.05    22.40    24.05     +6.40   +36.26%
      16              15  2444      兆勁                    0.00          0.00    96.16%     11.10    11.90    11.00    11.70       15.30    16.50    15.05    15.90     +4.20   +35.90%
      17              24  3605      宏致                   41.50         12.00    96.16%    120.00   127.00   118.00   126.50      183.00   183.50   168.50   170.50    +44.00   +34.78%
      18             171  8201      無敵                    0.00          0.00    96.12%     11.85    11.90    11.70    11.90       15.50    16.05    15.50    16.05     +4.15   +34.87%
      19              86  2409      友達                    0.00          0.00    96.09%     29.25    29.75    28.65    28.70       36.00    38.55    35.65    38.55     +9.85   +34.32%
      20              55  6861      睿生光電                 86.50         14.00    95.91%    226.50   235.50   226.50   235.50      294.00   313.50   294.00   313.50    +78.00   +33.12%
      21              97  6405      悅城                    0.00          0.00    95.84%     37.35    38.40    37.20    37.60       50.10    50.10    50.10    50.10    +12.50   +33.24%
      22              69  6526      達發                  237.00         26.00    95.81%    618.00   637.00   607.00   630.00      830.00   855.00   819.00   840.00   +210.00   +33.33%
      23              46  8150      南茂                   10.00          0.00    95.71%     85.50    88.20    84.30    86.60      106.00   114.50   105.50   114.50    +27.90   +32.22%
      24              17  3665      貿聯-KY               695.00         55.00    95.64%   1825.00  2000.00  1810.00  1955.00     2500.00  2685.00  2485.00  2595.00   +640.00   +32.74%
      25             110  3031      佰鴻                    0.00          0.00    95.55%     23.50    23.75    23.05    23.35       31.25    31.45    30.40    30.80     +7.45   +31.91%
      26             124  3055      蔚華科                  45.50          0.00    95.49%    149.50   159.50   148.50   159.50      201.00   211.00   195.00   209.50    +50.00   +31.35%
      27              77  3717      聯嘉投控                  0.00          0.00    95.44%     21.15    21.25    20.90    21.10       28.60    28.85    27.30    27.70     +6.60   +31.28%
      28              95  8996      高力                  510.00        140.00    95.31%   1295.00  1295.00  1205.00  1235.00     1600.00  1665.00  1565.00  1605.00   +370.00   +29.96%
      29               5  2254      巨鎧精密-創                0.00          0.00    95.20%     65.80    70.80    65.80    70.80       92.20    93.10    92.10    92.60    +21.80   +30.79%
      30             199  7799      禾榮科                 176.00         47.00    95.18%    414.50   418.50   405.00   418.00      509.00   539.00   503.00   539.00   +121.00   +28.95%
      31              81  6902      GOGOLOOK             41.00         14.00    95.06%    120.50   125.00   120.50   124.00      162.50   163.50   156.00   159.00    +35.00   +28.23%
      32              34  1809      中釉                    0.00          0.00    95.05%     37.40    38.10    36.25    37.00       45.10    48.60    45.05    47.85    +10.85   +29.32%
      33             769  3021      鴻名                    0.00          0.00    94.86%     23.50    23.50    22.30    22.45       30.90    31.00    28.00    28.45     +6.00   +26.73%
      34              52  1560      中砂                  225.00         33.00    94.84%    775.00   776.00   740.00   753.00      958.00   971.00   953.00   963.00   +210.00   +27.89%
      35              63  6715      嘉基                  104.50         26.50    94.84%    313.50   351.00   312.00   346.00      452.00   453.50   441.00   442.00    +96.00   +27.75%
      36             105  6133      金橋                    0.00          0.00    94.80%     22.80    23.65    22.65    23.25       29.40    30.45    28.20    29.60     +6.35   +27.31%
      37              61  2404      漢唐                  340.00         65.00    94.72%    995.00  1040.00   992.00  1015.00     1230.00  1300.00  1230.00  1290.00   +275.00   +27.09%
      38              73  2340      台亞                    0.00          0.00    94.72%     31.10    33.20    30.80    32.05       38.50    41.50    37.70    40.80     +8.75   +27.30%
      39              27  8028      昇陽半導體                55.00          0.00    94.70%    220.00   224.50   216.50   221.50      292.00   292.00   281.00   282.50    +61.00   +27.54%
      40              19  8046      南電                  365.00         80.00    94.66%   1040.00  1070.00  1025.00  1055.00     1285.00  1340.00  1250.00  1340.00   +285.00   +27.01%
==========================================================================================================================================================================
✅ 共 40 筆


══════════════════════════════════════════════════════════════════════════════════════════════════════════════
  🔄 第  8/10 次  2026/09/11 ～ 2026/09/29
══════════════════════════════════════════════════════════════════════════════════════════════════════════════

==========================================================================================================================================================================
📊 ROI 每日報酬率累計排名 (2026/09/11 ~ 2026/09/29)
==========================================================================================================================================================================
    實資排名          累計天數排名  代號        名稱                 累計漲停(元)       累計跌停(元)       強度%  (09/11)開盤      最高      最低      收盤    (09/29)開盤      最高      最低      收盤      賺賠    賺賠率
--------------------------------------------------------------------------------------------------------------------------------------------------------------------------
       1               8  2305      全友                    0.00          0.00   100.00%     38.65    41.05    37.70    41.05       61.70    69.10    61.10    69.10    +28.05   +68.33%
       2              18  3016      嘉晶                   52.00          0.00    98.44%    106.50   109.50   101.00   109.50      165.00   176.00   161.50   172.50    +63.00   +57.53%
       3              14  6168      宏齊                    0.00          0.00    97.98%     29.20    30.00    29.00    29.45       44.40    45.55    44.30    45.20    +15.75   +53.48%
       4              35  6226      光鼎                    0.00          0.00    97.68%     33.05    33.35    30.00    30.00       44.25    45.55    43.45    45.55    +15.55   +51.83%
       5               7  3605      宏致                   41.50          0.00    97.14%    125.00   127.00   122.00   122.50      182.00   190.50   179.00   182.50    +60.00   +48.98%
       6              23  3094      聯傑                    0.00          0.00    96.86%     41.05    41.60    40.35    40.90       53.00    59.70    52.70    59.70    +18.80   +45.97%
       7              13  6957      裕慶-KY               103.50          0.00    96.61%    223.50   234.00   222.50   231.50      334.50   337.50   307.50   337.50   +106.00   +45.79%
       8              15  4956      光鋐                    0.00          0.00    96.56%     33.30    33.30    32.05    32.05       43.55    46.20    43.50    46.00    +13.95   +43.53%
       9              37  2030      彰源                    0.00          0.00    96.14%     22.50    23.50    22.50    23.50       33.40    33.40    33.40    33.40     +9.90   +42.13%
      10              28  6456      GIS-KY                0.00          0.00    95.89%     63.00    64.00    62.50    63.40       85.00    89.40    84.10    89.40    +26.00   +41.01%
      11              19  6715      嘉基                  129.00         16.50    95.83%    323.50   334.50   316.50   321.50      460.00   468.50   442.00   452.00   +130.50   +40.59%
      12               2  2254      巨鎧精密-創                0.00          0.00    95.50%     65.60    66.00    64.90    65.80       89.20    92.10    89.20    91.80    +26.00   +39.51%
      13             119  2033      佳大                    0.00          0.00    95.21%     29.50    29.50    27.70    28.40       36.80    39.95    36.50    38.50    +10.10   +35.56%
      14              22  6902      GOGOLOOK             41.00         14.00    94.91%    125.50   126.50   121.00   121.00      173.00   175.00   162.00   162.50    +41.50   +34.30%
      15              46  6861      睿生光電                 79.00         14.00    94.68%    205.00   221.50   188.50   214.50      271.00   288.00   270.50   285.00    +70.50   +32.87%
      16              34  2342      茂矽                    0.00          0.00    94.52%     38.60    38.60    37.60    37.70       47.00    53.00    46.85    50.10    +12.40   +32.89%
      17              67  3031      佰鴻                    0.00          0.00    94.46%     23.95    23.95    23.50    23.60       30.35    31.65    30.30    31.25     +7.65   +32.42%
      18              47  1727      中華化                  10.50          0.00    94.45%     89.10    92.30    89.00    89.60      113.00   122.00   104.00   118.50    +28.90   +32.25%
      19              33  3717      聯嘉投控                  0.00          0.00    94.44%     21.30    21.30    21.00    21.05       26.00    27.85    25.85    27.85     +6.80   +32.30%
      20              94  3055      蔚華科                  45.50          0.00    94.37%    158.50   162.00   148.00   154.50      196.00   207.50   191.50   203.50    +49.00   +31.72%
      21             356  6533      晶心科                  94.00          0.00    94.29%    239.00   239.50   231.00   232.50      272.50   303.50   268.00   303.50    +71.00   +30.54%
      22              55  6526      達發                  211.00         26.00    94.14%    632.00   637.00   624.00   624.00      825.00   833.00   800.00   814.00   +190.00   +30.45%
      23              29  3443      創意                 2770.00        965.00    94.11%   6200.00  6200.00  5970.00  6120.00     8410.00  8415.00  7925.00  7925.00  +1805.00   +29.49%
      24              20  3665      貿聯-KY               625.00         55.00    94.05%   1880.00  1890.00  1850.00  1875.00     2385.00  2465.00  2375.00  2445.00   +570.00   +30.40%
      25              43  2241      艾姆勒                   0.00          0.00    93.98%     34.30    34.70    33.90    33.90       43.00    44.50    41.20    44.00    +10.10   +29.79%
      26              56  2468      華經                    0.00          0.00    93.90%     33.00    35.80    33.00    35.80       46.85    46.85    45.25    46.05    +10.25   +28.63%
      27              17  3518      柏騰                    0.00          0.00    93.82%     29.15    30.10    28.90    28.95       35.00    37.40    35.00    37.40     +8.45   +29.19%
      28              27  8028      昇陽半導體                55.00          0.00    93.64%    223.00   226.50   221.50   225.50      270.50   295.50   269.50   289.00    +63.50   +28.16%
      29             795  3021      鴻名                    0.00          0.00    93.56%     23.80    24.30    23.30    23.50       29.40    29.60    28.70    29.60     +6.10   +25.96%
      30              21  1617      榮星                    0.00          0.00    93.10%     17.95    17.95    17.50    17.50       21.00    21.90    20.95    21.90     +4.40   +25.14%
      31             103  4770      上品                   46.50          0.00    93.01%    232.50   234.00   227.50   231.00      277.00   295.00   277.00   286.50    +55.50   +24.03%
      32             160  3437      榮創                    0.00          0.00    92.91%     19.00    19.00    18.00    18.15       21.55    22.65    21.50    22.40     +4.25   +23.42%
      33              64  1709      和益                    0.00          0.00    92.90%     35.30    36.80    34.70    36.20       43.50    44.95    43.20    44.00     +7.80   +21.55%
      34              12  3035      智原                   23.50          0.00    92.84%    175.00   176.00   169.50   169.50      208.00   217.00   204.50   210.00    +40.50   +23.89%
      35              50  2444      兆勁                    0.00          0.00    92.83%     11.50    12.30    11.50    12.20       14.60    15.20    14.45    15.05     +2.85   +23.36%
      36              24  6213      聯茂                  157.00         55.00    92.70%    503.00   537.00   501.00   509.00      620.00   628.00   588.00   620.00   +111.00   +21.81%
      37              39  910861    神州-DR                 0.00          0.00    92.66%      3.69     3.91     3.69     3.84        4.65     4.71     4.62     4.71     +0.87   +22.66%
      38             349  8201      無敵                    0.00          0.00    92.66%     11.75    11.95    11.70    11.95       14.60    14.60    14.20    14.60     +2.65   +22.18%
      39              53  2404      漢唐                  280.00         65.00    92.51%   1025.00  1040.00  1000.00  1005.00     1250.00  1255.00  1180.00  1220.00   +215.00   +21.39%
      40             324  6133      金橋                    0.00          0.00    92.50%     21.80    23.75    21.80    23.55       25.90    28.50    25.90    28.50     +4.95   +21.02%
==========================================================================================================================================================================
✅ 共 40 筆


══════════════════════════════════════════════════════════════════════════════════════════════════════════════
  🔄 第  9/10 次  2026/09/10 ～ 2026/09/24
══════════════════════════════════════════════════════════════════════════════════════════════════════════════

==========================================================================================================================================================================
📊 ROI 每日報酬率累計排名 (2026/09/10 ~ 2026/09/24)
==========================================================================================================================================================================
    實資排名          累計天數排名  代號        名稱                 累計漲停(元)       累計跌停(元)       強度%  (09/10)開盤      最高      最低      收盤    (09/24)開盤      最高      最低      收盤      賺賠    賺賠率
--------------------------------------------------------------------------------------------------------------------------------------------------------------------------
       1               6  2305      全友                    0.00          0.00   100.00%     36.00    38.50    35.80    38.50       63.30    64.20    62.40    62.90    +24.40   +63.38%
       2              19  6168      宏齊                    0.00          0.00    97.20%     29.40    30.75    29.25    29.80       41.50    44.00    41.10    44.00    +14.20   +47.65%
       3              18  3016      嘉晶                   39.50          0.00    96.56%     99.30   110.00    99.30   110.00      147.50   160.00   147.00   160.00    +50.00   +45.45%
       4               9  3605      宏致                   41.50          0.00    96.16%    128.00   131.00   124.50   128.00      179.50   186.50   178.50   183.50    +55.50   +43.36%
       5              23  2468      華經                    0.00          0.00    96.02%     32.45    32.60    32.15    32.55       46.50    47.70    45.80    46.25    +13.70   +42.09%
       6              16  6902      GOGOLOOK             41.00          0.00    95.37%    126.50   127.00   125.00   126.50      170.00   183.00   167.50   176.50    +50.00   +39.53%
       7              12  6715      嘉基                  129.00         15.00    95.28%    350.50   353.50   335.50   336.50      462.50   472.50   459.00   468.50   +132.00   +39.23%
       8              31  6861      睿生光電                 89.50         14.00    94.96%    190.50   204.00   188.50   204.00      266.50   290.00   266.00   279.50    +75.50   +37.01%
       9              15  3443      創意                 2770.00        470.00    94.85%   5895.00  6275.00  5850.00  6225.00     8300.00  8545.00  8205.00  8525.00  +2300.00   +36.95%
      10              95  6226      光鼎                    0.00          0.00    94.67%     29.65    32.60    29.45    32.60       42.95    44.00    42.30    44.00    +11.40   +34.97%
      11              10  6957      裕慶-KY                73.00          0.00    94.61%    221.00   226.50   219.50   224.50      298.50   307.00   287.00   307.00    +82.50   +36.75%
      12             101  2033      佳大                    0.00          0.00    94.26%     27.30    28.15    27.25    27.60       37.65    38.30    35.50    36.80     +9.20   +33.33%
      13               3  2254      巨鎧精密-創                0.00          0.00    94.25%     65.10    67.30    64.30    65.60       86.80    89.40    86.20    88.80    +23.20   +35.37%
      14              30  4956      光鋐                    0.00          0.00    94.06%     33.80    34.50    33.60    33.80       43.55    47.85    43.20    44.50    +10.70   +31.66%
      15              22  1560      中砂                  282.00         55.00    93.87%    727.00   735.00   718.00   733.00      950.00   975.00   945.00   971.00   +238.00   +32.47%
      16             231  1528      恩德                    0.00          0.00    93.80%     20.15    20.15    19.25    19.30       25.45    26.80    25.10    25.45     +6.15   +31.87%
      17              32  2444      兆勁                    0.00          0.00    93.73%     11.25    11.30    11.10    11.20       14.50    15.15    14.40    14.80     +3.60   +32.14%
      18              38  6526      達發                  211.00         18.00    93.45%    637.00   647.00   632.00   642.00      845.00   862.00   818.00   840.00   +198.00   +30.84%
      19              42  3094      聯傑                    0.00          0.00    93.37%     40.60    42.80    40.30    41.90       53.60    57.80    53.50    54.30    +12.40   +29.59%
      20              43  2030      彰源                    0.00          0.00    92.96%     23.70    24.20    23.50    23.65       28.10    30.40    27.90    30.40     +6.75   +28.54%
      21              75  1727      中華化                  10.50          0.00    92.77%     90.00    92.40    89.90    90.40      114.00   125.00   109.00   115.50    +25.10   +27.77%
      22              34  6456      GIS-KY                0.00          0.00    92.48%     66.80    66.90    63.50    64.10       78.00    82.50    75.60    81.30    +17.20   +26.83%
      23             222  3031      佰鴻                    0.00          0.00    92.44%     24.35    25.05    24.10    24.10       28.30    31.05    28.25    30.45     +6.35   +26.35%
      24             104  2241      艾姆勒                   0.00          0.00    92.17%     34.00    35.50    34.00    34.80       41.85    44.90    41.85    43.60     +8.80   +25.29%
      25              46  1709      和益                    0.00          0.00    92.17%     36.25    37.55    34.95    35.30       45.85    46.45    43.50    43.50     +8.20   +23.23%
      26             376  3055      蔚華科                  45.50          0.00    92.04%    147.50   164.00   145.00   160.00      201.50   208.00   195.50   199.00    +39.00   +24.38%
      27              25  910861    神州-DR                 0.00          0.00    91.98%      3.65     3.80     3.62     3.70        4.51     4.80     4.51     4.62     +0.92   +24.86%
      28              50  8150      南茂                    0.00          0.00    91.70%     90.70    91.50    90.00    90.90      106.00   114.00   105.00   112.00    +21.10   +23.21%
      29              73  2342      茂矽                    0.00          0.00    91.64%     38.80    39.90    38.50    39.20       47.20    50.90    46.55    48.20     +9.00   +22.96%
      30             265  6426      統新                  119.00         50.00    91.37%    311.00   328.00   303.00   322.00      412.00   412.00   380.00   389.00    +67.00   +20.81%
      31              40  2404      漢唐                  280.00         55.00    91.23%   1055.00  1065.00  1040.00  1060.00     1255.00  1285.00  1205.00  1285.00   +225.00   +21.23%
      32              36  3665      貿聯-KY               520.00        110.00    91.16%   1960.00  1975.00  1925.00  1930.00     2410.00  2470.00  2285.00  2340.00   +410.00   +21.24%
      33              27  3653      健策                 1735.00        605.00    90.92%   5735.00  5885.00  5705.00  5790.00     6560.00  6920.00  6215.00  6920.00  +1130.00   +19.52%
      34             332  6742      澤米                    0.00          0.00    90.83%     45.05    46.35    44.15    45.75       55.80    57.70    54.10    54.70     +8.95   +19.56%
      35             135  6443      元晶                    0.00          0.00    90.78%     23.90    23.90    23.50    23.65       28.65    29.40    28.00    28.25     +4.60   +19.45%
      36             144  3311      閎暉                    0.00          0.00    90.78%     32.00    32.05    31.70    31.85       36.90    38.65    36.65    38.05     +6.20   +19.47%
      37              92  3037      欣興                  255.00         57.00    90.67%    993.00  1005.00   966.00   994.00     1155.00  1190.00  1145.00  1185.00   +191.00   +19.22%
      38              79  1809      中釉                    0.00          0.00    90.66%     38.10    38.55    37.85    38.05       42.35    45.35    42.30    45.35     +7.30   +19.19%
      39             236  8996      高力                  465.00        235.00    90.61%   1320.00  1340.00  1280.00  1300.00     1555.00  1560.00  1480.00  1530.00   +230.00   +17.69%
      40              28  6885      全福生技                  0.00          0.00    90.60%     27.00    27.15    26.00    26.25       30.15    31.70    29.90    31.15     +4.90   +18.67%
==========================================================================================================================================================================
✅ 共 40 筆


══════════════════════════════════════════════════════════════════════════════════════════════════════════════
  🔄 第 10/10 次  2026/09/09 ～ 2026/09/23
══════════════════════════════════════════════════════════════════════════════════════════════════════════════

==========================================================================================================================================================================
📊 ROI 每日報酬率累計排名 (2026/09/09 ~ 2026/09/23)
==========================================================================================================================================================================
    實資排名          累計天數排名  代號        名稱                 累計漲停(元)       累計跌停(元)       強度%  (09/09)開盤      最高      最低      收盤    (09/23)開盤      最高      最低      收盤      賺賠    賺賠率
--------------------------------------------------------------------------------------------------------------------------------------------------------------------------
       1               3  2305      全友                    0.00          0.00   100.00%     33.70    35.00    32.55    35.00       61.30    65.60    60.40    63.60    +28.60   +81.71%
       2              31  6861      睿生光電                108.00         14.00    95.40%    198.00   200.00   182.00   185.50      267.00   290.00   265.00   273.00    +87.50   +47.17%
       3              98  6226      光鼎                    0.00          0.00    95.02%     30.05    31.80    29.55    29.65       45.30    45.30    42.30    42.70    +13.05   +44.01%
       4              16  3016      嘉晶                   35.00          0.00    94.99%    102.00   102.50    99.40   100.00      145.00   145.50   141.50   145.50    +45.50   +45.50%
       5              13  3443      創意                 2930.00        470.00    94.40%   5955.00  6075.00  5875.00  5925.00     8325.00  8540.00  8200.00  8385.00  +2460.00   +41.52%
       6              25  2468      華經                    0.00          0.00    94.24%     32.80    32.80    32.40    32.45       47.25    47.25    44.80    45.45    +13.00   +40.06%
       7              18  6168      宏齊                    0.00          0.00    94.14%     29.00    30.20    28.90    29.60       43.50    43.50    40.20    41.20    +11.60   +39.19%
       8              17  3605      宏致                   41.50          0.00    94.00%    123.00   134.50   121.50   129.50      174.50   188.50   174.50   180.00    +50.50   +39.00%
       9              28  2033      佳大                    0.00          0.00    93.75%     25.45    27.85    25.45    27.30       39.70    40.25    36.20    37.30    +10.00   +36.63%
      10              35  7799      禾榮科                 166.00         24.50    93.74%    391.50   395.00   383.50   386.50      508.00   558.00   508.00   531.00   +144.50   +37.39%
      11              27  1709      和益                    0.00          0.00    93.59%     33.50    36.00    33.50    35.60       47.50    50.50    45.50    48.30    +12.70   +35.67%
      12              73  3055      蔚華科                  56.00          0.00    93.53%    155.00   159.00   143.00   149.50      206.50   226.00   200.50   203.50    +54.00   +36.12%
      13              24  3094      聯傑                    0.00          0.00    93.13%     41.30    41.90    40.70    40.80       53.00    57.80    51.60    54.30    +13.50   +33.09%
      14              11  6957      裕慶-KY                61.50          0.00    93.04%    216.00   221.50   214.00   220.50      300.00   305.00   295.00   295.50    +75.00   +34.01%
      15              26  2444      兆勁                    0.00          0.00    92.84%     11.60    11.70    11.25    11.30       14.75    15.50    14.30    14.95     +3.65   +32.30%
      16               5  2254      巨鎧精密-創                0.00          0.00    92.80%     63.10    65.20    63.00    65.20       82.30    87.10    82.10    86.60    +21.40   +32.82%
      17              37  6902      GOGOLOOK             41.00          0.00    92.79%    126.00   128.00   125.00   128.00      170.50   176.50   167.50   168.50    +40.50   +31.64%
      18              21  1560      中砂                  266.00         55.00    92.65%    717.00   733.00   717.00   730.00      955.00   992.00   947.00   955.00   +225.00   +30.82%
      19              38  6526      達發                  211.00         18.00    92.57%    643.00   652.00   641.00   643.00      777.00   840.00   761.00   840.00   +197.00   +30.64%
      20              41  6715      嘉基                  129.00         33.00    92.48%    330.00   357.50   330.00   354.50      451.00   479.50   440.50   459.50   +105.00   +29.62%
      21              69  4956      光鋐                    0.00          0.00    92.47%     34.20    35.45    33.85    34.00       42.35    46.40    42.10    43.55     +9.55   +28.09%
      22             257  3346      麗清                    0.00          0.00    92.16%     18.30    18.55    18.30    18.50       23.50    24.70    23.20    23.65     +5.15   +27.84%
      23              60  1727      中華化                  10.50          0.00    92.10%     90.50    92.70    90.20    91.10      105.00   116.50   103.00   116.50    +25.40   +27.88%
      24             327  1528      恩德                    0.00          0.00    92.03%     21.80    21.80    20.25    20.25       26.20    26.40    25.50    25.65     +5.40   +26.67%
      25              53  2241      艾姆勒                   0.00          0.00    92.00%     34.65    34.70    34.20    34.25       40.80    44.00    39.40    43.65     +9.40   +27.45%
      26              23  910861    神州-DR                 0.00          0.00    91.41%      3.73     3.73     3.64     3.64        4.44     4.53     4.43     4.53     +0.89   +24.45%
      27             107  6426      統新                  119.00         50.00    91.22%    305.50   324.50   288.00   321.00      359.00   391.50   357.00   391.50    +70.50   +21.96%
      28              97  6742      澤米                    0.00          0.00    91.06%     44.85    45.50    44.25    45.20       52.30    57.80    52.30    55.20    +10.00   +22.12%
      29              46  3717      聯嘉投控                  0.00          0.00    90.57%     21.10    22.30    21.10    21.75       25.55    27.75    25.35    26.05     +4.30   +19.77%
      30             110  2342      茂矽                    0.00          0.00    90.47%     39.20    39.80    38.65    39.00       42.65    46.35    42.45    46.35     +7.35   +18.85%
      31             103  3665      貿聯-KY               520.00        155.00    90.37%   1935.00  2015.00  1890.00  1975.00     2290.00  2340.00  2240.00  2340.00   +365.00   +18.48%
      32             803  3296      勝德                    0.00          0.00    90.23%     24.00    24.15    24.00    24.00       27.75    28.15    27.40    28.15     +4.15   +17.29%
      33             264  6706      惠特                   40.50         15.00    90.20%    124.50   127.50   121.50   124.00      150.00   150.50   144.00   144.00    +20.00   +16.13%
      34             104  2404      漢唐                  245.00         55.00    90.20%   1055.00  1080.00  1055.00  1065.00     1160.00  1250.00  1140.00  1250.00   +185.00   +17.37%
      35             152  8150      南茂                    0.00          0.00    90.12%     90.80    95.40    90.70    91.50      110.00   116.00   105.00   107.00    +15.50   +16.94%
      36             579  3437      榮創                    0.00          0.00    90.05%     17.95    19.00    17.95    18.65       21.30    23.00    21.30    21.60     +2.95   +15.82%
      37             141  3037      欣興                  230.00         57.00    90.04%    980.00  1005.00   980.00   993.00     1120.00  1200.00  1115.00  1160.00   +167.00   +16.82%
      38              95  2030      彰源                    0.00          0.00    90.03%     23.95    23.95    23.20    23.70       27.60    29.95    26.35    27.65     +3.95   +16.67%
      39             215  6456      GIS-KY                0.00          0.00    90.03%     66.40    68.70    66.40    67.50       76.50    80.90    76.50    78.60    +11.10   +16.44%
      40             629  3031      佰鴻                    0.00          0.00    89.96%     23.80    24.70    23.80    24.35       27.95    29.30    27.35    28.30     +3.95   +16.22%
==========================================================================================================================================================================
✅ 共 40 筆
