
██████████████████████████████████████████████████████████████████████████████████████████████████████████████
  📅 天數組合: 5 日  →  輸出檔: s14_05.txt
██████████████████████████████████████████████████████████████████████████████████████████████████████████████

🔁 共執行 5 次，每次區間長度 6 個交易日

══════════════════════════════════════════════════════════════════════════════════════════════════════════════
  🔄 第  1/5 次  2026/10/01 ～ 2026/10/08
══════════════════════════════════════════════════════════════════════════════════════════════════════════════

==========================================================================================================================================================================
📊 ROI 每日報酬率累計排名 (2026/10/01 ~ 2026/10/08)
==========================================================================================================================================================================
    實資排名          累計天數排名  代號        名稱                 累計漲停(元)       累計跌停(元)       強度%  (10/01)開盤      最高      最低      收盤    (10/08)開盤      最高      最低      收盤      賺賠    賺賠率
--------------------------------------------------------------------------------------------------------------------------------------------------------------------------
       1               1  2466      冠西電                  70.00          0.00   100.00%    128.00   136.00   127.00   128.50      180.50   198.50   180.00   198.50    +70.00   +54.47%
       2               3  6672      騰輝電子-KY             141.00          0.00    94.80%    376.50   405.50   369.50   405.50      505.00   555.00   505.00   555.00   +149.50   +36.87%
       3               2  6152      百一                    0.00          0.00    94.48%     15.35    15.45    15.05    15.45       20.10    21.25    19.30    21.00     +5.55   +35.92%
       4              26  4720      德淵                    0.00          0.00    94.34%     19.35    19.35    19.00    19.05       23.65    25.55    23.25    25.55     +6.50   +34.12%
       5              29  2492      華新科                  92.00          0.00    91.90%    302.50   329.00   302.50   329.00      431.00   431.50   400.00   420.00    +91.00   +27.66%
       6               5  6213      聯茂                  155.00          0.00    91.09%    623.00   643.00   611.00   642.00      786.00   806.00   763.00   806.00   +164.00   +25.55%
       7              31  3701      大眾控                   0.00          0.00    91.02%     46.25    50.40    43.90    50.40       61.50    63.20    60.60    63.00    +12.60   +25.00%
       8              87  4927      泰鼎-KY                 0.00          0.00    90.59%     44.50    44.60    43.60    43.80       54.00    56.70    53.10    54.20    +10.40   +23.74%
       9               4  1714      和桐                    0.00          0.00    90.24%     16.60    16.60    16.20    16.20       19.80    20.90    19.50    19.95     +3.75   +23.15%
      10              84  3518      柏騰                    0.00          0.00    90.23%     42.15    45.15    40.15    40.35       49.15    50.00    48.50    49.50     +9.15   +22.68%
      11              19  1303      南亞                   47.00          0.00    89.94%    256.00   261.50   250.50   254.00      314.00   316.00   304.00   310.00    +56.00   +22.05%
      12              15  1301      台塑                    0.00          0.00    89.82%     68.20    69.20    66.30    66.80       78.00    82.40    76.60    81.30    +14.50   +21.71%
      13              42  2340      台亞                    0.00          0.00    89.64%     40.80    44.70    40.25    43.85       48.50    52.90    47.80    52.90     +9.05   +20.64%
      14             192  6442      光聖                  390.00         85.00    89.59%   1500.00  1515.00  1465.00  1480.00     1780.00  1790.00  1715.00  1785.00   +305.00   +20.61%
      15              27  2383      台光電                1070.00         45.00    89.42%   4950.00  4975.00  4855.00  4975.00     5910.00  6065.00  5745.00  6000.00  +1025.00   +20.60%
      16             121  4989      榮科                    0.00          0.00    89.24%     61.00    61.50    60.40    61.10       74.20    75.90    71.60    73.20    +12.10   +19.80%
      17               9  2424      隴華                    0.00          0.00    89.16%      8.02     8.43     8.02     8.16        9.68     9.79     9.41     9.79     +1.63   +19.98%
      18              48  9103      美德醫療-DR               0.00          0.00    88.88%      4.97     4.98     4.94     4.94        5.75     5.88     5.50     5.88     +0.94   +19.03%
      19              28  1325      恆大                    0.00          0.00    88.81%     25.75    25.90    25.70    25.70       29.25    30.55    28.55    30.55     +4.85   +18.87%
      20              33  6658      聯策                   30.00          0.00    88.69%    181.00   183.00   178.50   181.00      198.50   222.00   198.50   214.50    +33.50   +18.51%
      21              47  6449      鈺邦                   44.00          0.00    88.46%    211.50   230.00   211.50   230.00      260.00   278.50   251.00   271.00    +41.00   +17.83%
      22              10  4934      太極                    0.00          0.00    88.45%     14.90    14.90    14.50    14.50       15.60    17.10    15.60    17.10     +2.60   +17.93%
      23              41  2368      金像電                 205.00         15.00    88.27%   1120.00  1125.00  1085.00  1095.00     1245.00  1290.00  1210.00  1285.00   +190.00   +17.35%
      24              20  6505      台塑化                   0.00          0.00    88.19%     97.50    98.70    92.80    94.20      107.00   114.00   105.50   110.50    +16.30   +17.30%
      25             243  6957      裕慶-KY                73.00          0.00    88.14%    400.00   400.00   364.00   384.00      444.00   450.00   430.50   448.00    +64.00   +16.67%
      26              16  9919      康那香                   0.00          0.00    88.02%     13.85    13.85    13.65    13.80       15.00    16.10    14.80    16.10     +2.30   +16.67%
      27              77  4958      臻鼎-KY                87.00          0.00    87.82%    512.00   522.00   498.50   510.00      593.00   613.00   587.00   592.00    +82.00   +16.08%
      28               6  1538      正峰                    0.00          0.00    87.75%      7.48     7.83     7.48     7.83        9.10     9.10     9.10     9.10     +1.27   +16.22%
      29             217  7740      熙特爾-創                10.50          0.00    87.72%    106.50   108.00   102.00   102.50      107.00   118.50   104.00   118.50    +16.00   +15.61%
      30              69  9110      越南控-DR                0.00          0.00    87.71%      3.08     3.08     2.98     2.98        3.12     3.60     3.05     3.45     +0.47   +15.77%
      31             370  1735      日勝化                   0.00          0.00    87.66%     20.40    20.55    20.15    20.15       23.05    24.30    23.05    23.20     +3.05   +15.14%
      32               7  6197      佳必琪                  40.00          0.00    87.53%    327.00   331.50   324.00   330.00      371.00   387.00   368.00   381.50    +51.50   +15.61%
      33             248  1709      和益                    0.00          0.00    87.52%     51.80    53.20    51.60    53.20       60.20    62.00    59.00    61.00     +7.80   +14.66%
      34              13  3661      世芯-KY               580.00          0.00    87.47%   3770.00  3820.00  3735.00  3765.00     4165.00  4480.00  4155.00  4345.00   +580.00   +15.41%
      35              39  4807      日成-KY                 0.00          0.00    87.36%     29.15    29.80    29.10    29.80       31.60    34.75    31.60    34.25     +4.45   +14.93%
      36             163  2241      艾姆勒                   0.00          0.00    87.35%     46.00    46.20    44.00    44.05       53.40    57.20    50.40    50.50     +6.45   +14.64%
      37              45  1711      永光                    0.00          0.00    87.24%     41.10    41.10    39.85    40.55       44.80    49.80    44.50    46.25     +5.70   +14.06%
      38              63  6278      台表科                  30.50          0.00    87.23%    218.00   219.50   214.00   216.50      247.50   256.00   240.50   248.00    +31.50   +14.55%
      39              37  1718      中纖                    0.00          0.00    87.21%     10.80    10.90    10.55    10.65       11.30    12.40    11.20    12.20     +1.55   +14.55%
      40              12  1326      台化                    0.00          0.00    87.19%     69.40    70.90    67.50    67.70       76.30    79.10    75.50    77.60     +9.90   +14.62%
==========================================================================================================================================================================
✅ 共 40 筆


══════════════════════════════════════════════════════════════════════════════════════════════════════════════
  🔄 第  2/5 次  2026/09/30 ～ 2026/10/07
══════════════════════════════════════════════════════════════════════════════════════════════════════════════

==========================================================================================================================================================================
📊 ROI 每日報酬率累計排名 (2026/09/30 ~ 2026/10/07)
==========================================================================================================================================================================
    實資排名          累計天數排名  代號        名稱                 累計漲停(元)       累計跌停(元)       強度%  (09/30)開盤      最高      最低      收盤    (10/07)開盤      最高      最低      收盤      賺賠    賺賠率
--------------------------------------------------------------------------------------------------------------------------------------------------------------------------
       1               1  2466      冠西電                  52.00          0.00   100.00%    115.00   124.50   115.00   124.50      165.00   183.50   164.50   180.50    +56.00   +44.98%
       2               2  2492      華新科                 121.50          0.00    99.38%    306.00   309.00   298.50   299.50      389.00   428.00   388.00   428.00   +128.50   +42.90%
       3               3  6672      騰輝電子-KY             127.50          0.00    97.46%    337.50   369.00   335.50   369.00      505.00   505.00   497.50   505.00   +136.00   +36.86%
       4              25  3701      大眾控                   0.00          0.00    96.36%     42.25    45.90    42.25    45.90       64.00    64.90    59.10    61.10    +15.20   +33.12%
       5               5  6152      百一                    0.00          0.00    94.99%     15.30    15.30    15.05    15.30       19.70    20.10    18.90    19.80     +4.50   +29.41%
       6               4  6213      聯茂                  164.00          0.00    94.37%    624.00   649.00   622.00   623.00      787.00   813.00   780.00   796.00   +173.00   +27.77%
       7              20  2033      佳大                    0.00          0.00    93.73%     38.85    42.35    38.65    42.35       55.90    55.90    52.80    53.20    +10.85   +25.62%
       8             230  1709      和益                    0.00          0.00    93.54%     44.10    48.40    44.00    48.40       63.30    64.60    59.20    60.20    +11.80   +24.38%
       9              47  6449      鈺邦                   55.00          0.00    93.49%    208.50   216.00   208.00   209.50      238.00   261.50   237.00   261.50    +52.00   +24.82%
      10              17  1303      南亞                   47.00          0.00    92.72%    250.50   265.00   245.50   255.50      293.00   322.00   293.00   314.00    +58.50   +22.90%
      11             170  4927      泰鼎-KY                 0.00          0.00    92.68%     44.15    44.90    43.70    44.50       55.80    57.00    51.00    54.50    +10.00   +22.47%
      12              96  3518      柏騰                    0.00          0.00    92.63%     40.50    41.10    40.05    41.10       51.40    52.00    47.60    50.30     +9.20   +22.38%
      13             159  6442      光聖                  390.00         65.00    92.48%   1525.00  1540.00  1480.00  1490.00     1715.00  1815.00  1715.00  1815.00   +325.00   +21.81%
      14              30  3406      玉晶光                 205.00         10.00    92.37%    890.00   921.00   878.00   890.00     1045.00  1120.00  1035.00  1085.00   +195.00   +21.91%
      15             228  4720      德淵                    0.00          0.00    92.29%     19.35    19.50    19.30    19.30       25.30    25.30    23.15    23.25     +3.95   +20.47%
      16              71  4989      榮科                    0.00          0.00    92.07%     60.40    61.60    60.30    61.00       68.40    74.70    67.00    73.70    +12.70   +20.82%
      17              29  2383      台光電                1060.00         45.00    91.88%   4990.00  5030.00  4935.00  4935.00     6015.00  6325.00  5950.00  5950.00  +1015.00   +20.57%
      18             231  6957      裕慶-KY                86.00          0.00    91.66%    365.00   371.00   356.00   371.00      405.00   444.00   404.50   444.00    +73.00   +19.68%
      19              32  1714      和桐                    0.00          0.00    91.34%     16.00    16.70    16.00    16.50       19.30    20.35    18.50    19.65     +3.15   +19.09%
      20              44  2340      台亞                    0.00          0.00    91.12%     38.50    41.50    37.70    40.80       46.40    49.00    43.50    48.15     +7.35   +18.01%
      21              36  2327      國巨*                 100.00          0.00    90.96%    557.00   564.00   548.00   548.00      630.00   686.00   627.00   647.00    +99.00   +18.07%
      22             304  4722      國精化                  39.50          0.00    90.95%    193.00   197.00   190.00   190.50      218.50   231.50   218.50   224.00    +33.50   +17.59%
      23               6  1538      正峰                    0.00          0.00    90.95%      7.48     7.48     7.48     7.48        8.63     8.86     8.63     8.85     +1.37   +18.32%
      24              31  4958      臻鼎-KY                87.00          0.00    90.70%    510.00   510.00   494.00   507.00      576.00   600.00   573.00   595.00    +88.00   +17.36%
      25              16  6944      兆聯實業                134.00          0.00    90.62%    780.00   795.00   774.00   775.00      835.00   908.00   835.00   908.00   +133.00   +17.16%
      26             559  3311      閎暉                    0.00          0.00    90.15%     38.00    41.95    38.00    41.05       46.80    48.00    43.80    47.35     +6.30   +15.35%
      27             303  4919      新唐                   24.50          0.00    90.10%    136.00   142.00   134.00   138.50      151.50   164.00   150.00   159.50    +21.00   +15.16%
      28              19  3167      大量                  127.00          0.00    90.02%    902.00   906.00   879.00   887.00     1025.00  1060.00  1015.00  1025.00   +138.00   +15.56%
      29              33  3016      嘉晶                   12.50          0.00    89.91%    170.00   172.50   165.00   169.00      188.50   195.50   185.00   195.00    +26.00   +15.38%
      30             349  6834      天二科技                 10.50          0.00    89.91%    114.00   115.00   109.00   109.00      123.50   135.00   123.50   125.00    +16.00   +14.68%
      31             603  1735      日勝化                   0.00          0.00    89.89%     20.40    20.50    20.20    20.20       23.40    23.85    22.95    23.15     +2.95   +14.60%
      32              21  3008      大立光                 910.00         10.00    89.81%   6010.00  6090.00  5945.00  5945.00     6830.00  6970.00  6745.00  6845.00   +900.00   +15.14%
      33             221  6994      富威電力                  0.00          0.00    89.77%     26.20    26.65    25.90    26.50       30.10    30.80    29.90    30.25     +3.75   +14.15%
      34              60  6278      台表科                  30.50          0.00    89.76%    220.00   223.00   214.00   218.00      229.50   250.50   227.00   250.50    +32.50   +14.91%
      35              59  6196      帆宣                   94.00         16.00    89.67%    552.00   588.00   551.00   585.00      660.00   675.00   660.00   670.00    +85.00   +14.53%
      36              69  5244      弘凱                    0.00          0.00    89.62%     35.50    35.90    35.35    35.60       37.90    41.25    37.80    40.75     +5.15   +14.47%
      37              81  8021      尖點                   67.00          0.00    89.61%    486.00   487.50   480.00   486.00      562.00   574.00   549.00   556.00    +70.00   +14.40%
      38              51  2472      立隆電                  28.00          0.00    89.43%    215.00   218.00   213.00   213.50      232.00   246.00   231.00   243.50    +30.00   +14.05%
      39              45  02001L    富邦蘋果正二N               0.00          0.00    89.37%    155.80   156.00   153.25   153.25      178.00   180.00   174.25   174.70    +21.45   +14.00%
      40               7  6197      佳必琪                  29.50          0.00    89.27%    323.00   327.00   322.00   326.00      366.00   371.00   363.00   371.00    +45.00   +13.80%
==========================================================================================================================================================================
✅ 共 40 筆


══════════════════════════════════════════════════════════════════════════════════════════════════════════════
  🔄 第  3/5 次  2026/09/29 ～ 2026/10/06
══════════════════════════════════════════════════════════════════════════════════════════════════════════════

==========================================================================================================================================================================
📊 ROI 每日報酬率累計排名 (2026/09/29 ~ 2026/10/06)
==========================================================================================================================================================================
    實資排名          累計天數排名  代號        名稱                 累計漲停(元)       累計跌停(元)       強度%  (09/29)開盤      最高      最低      收盤    (10/06)開盤      最高      最低      收盤      賺賠    賺賠率
--------------------------------------------------------------------------------------------------------------------------------------------------------------------------
       1               1  2466      冠西電                  53.00          0.00   100.00%    119.50   119.50   112.50   113.50      160.00   170.50   157.50   170.50    +57.00   +50.22%
       2              24  1709      和益                    0.00          0.00    98.22%     43.50    44.95    43.20    44.00       66.20    66.30    58.20    63.30    +19.30   +43.86%
       3              33  3701      大眾控                   0.00          0.00    97.70%     41.15    42.90    41.15    41.75       60.80    65.40    58.40    59.30    +17.55   +42.04%
       4              11  2033      佳大                    0.00          0.00    96.09%     36.80    39.95    36.50    38.50       51.60    53.50    48.80    52.80    +14.30   +37.14%
       5               3  6672      騰輝電子-KY             115.50          0.00    95.97%    330.50   335.50   321.00   335.50      456.00   459.50   435.00   459.50   +124.00   +36.96%
       6              34  3518      柏騰                    0.00          0.00    95.28%     35.00    37.40    35.00    37.40       49.90    52.00    45.65    50.30    +12.90   +34.49%
       7              85  4720      德淵                    0.00          0.00    94.53%     19.15    19.40    19.15    19.15       25.00    25.30    24.80    25.30     +6.15   +32.11%
       8              57  2492      華新科                  83.00          0.00    93.42%    313.00   321.00   299.00   302.00      370.00   395.00   362.50   389.50    +87.50   +28.97%
       9             107  3311      閎暉                    0.00          0.00    93.01%     38.45    38.50    37.55    38.15       50.20    51.20    46.80    48.65    +10.50   +27.52%
      10              47  7788      松川精密                 75.00          0.00    92.78%    290.50   296.00   287.00   287.50      339.50   365.50   335.00   365.50    +78.00   +27.13%
      11               5  6225      天瀚                    0.00          0.00    92.70%     46.35    55.40    46.35    55.40       68.80    70.60    66.60    70.30    +14.90   +26.90%
      12              15  6213      聯茂                  164.00          0.00    92.65%    620.00   628.00   588.00   620.00      797.00   818.00   762.00   787.00   +167.00   +26.94%
      13              13  6152      百一                    0.00          0.00    92.23%     15.05    15.10    14.75    15.10       18.95    18.95    18.90    18.95     +3.85   +25.50%
      14              51  2340      台亞                    0.00          0.00    92.03%     34.40    38.00    34.40    38.00       50.30    50.40    45.30    47.30     +9.30   +24.47%
      15              64  8150      南茂                   21.50          0.00    91.09%    112.00   112.00   104.50   104.50      124.00   130.50   123.00   127.50    +23.00   +22.01%
      16              53  6196      帆宣                  135.00         16.00    90.98%    554.00   554.00   537.00   544.00      684.00   684.00   649.00   663.00   +119.00   +21.88%
      17              32  2383      台光電                1075.00          0.00    90.91%   4910.00  5055.00  4870.00  4920.00     6040.00  6115.00  5820.00  5995.00  +1075.00   +21.85%
      18              16  6257      矽格                   43.50          0.00    90.63%    239.50   241.50   235.00   236.50      269.50   286.00   267.50   286.00    +49.50   +20.93%
      19              49  1714      和桐                    0.00          0.00    90.51%     15.75    15.90    15.60    15.75       18.50    19.20    17.10    19.00     +3.25   +20.63%
      20             308  8201      無敵                    0.00          0.00    90.50%     14.60    14.60    14.20    14.60       17.80    17.80    16.70    17.50     +2.90   +19.86%
      21              55  6691      洋基工程                132.00          0.00    90.42%    657.00   665.00   645.00   654.00      794.00   794.00   769.00   787.00   +133.00   +20.34%
      22              72  2483      百容                    0.00          0.00    90.29%     32.20    32.95    32.20    32.50       41.40    41.50    38.00    38.85     +6.35   +19.54%
      23             257  6957      裕慶-KY                79.50          0.00    90.28%    334.50   337.50   307.50   337.50      417.50   417.50   391.00   404.00    +66.50   +19.70%
      24             298  4927      泰鼎-KY                 0.00          0.00    90.24%     43.75    44.30    43.40    43.75       52.70    54.60    50.30    52.30     +8.55   +19.54%
      25              86  1711      永光                    0.00          0.00    90.24%     38.65    40.75    38.65    40.55       45.00    48.60    44.05    48.60     +8.05   +19.85%
      26              61  1459      聯發                    0.00          0.00    89.83%     15.95    16.15    15.90    16.00       22.60    22.60    18.50    18.85     +2.85   +17.81%
      27              30  1303      南亞                   26.00          0.00    89.77%    236.00   248.00   235.50   247.00      288.00   300.00   274.50   293.00    +46.00   +18.62%
      28             104  3406      玉晶光                 165.00         10.00    89.76%    890.00   893.00   869.00   882.00     1085.00  1095.00  1020.00  1045.00   +163.00   +18.48%
      29               6  8046      南電                  235.00          0.00    89.65%   1210.00  1280.00  1200.00  1270.00     1500.00  1520.00  1485.00  1505.00   +235.00   +18.50%
      30              12  2939      永邑-KY                 0.00          0.00    89.33%     19.85    20.25    19.65    20.25       23.45    24.30    23.45    23.80     +3.55   +17.53%
      31             344  1735      日勝化                   0.00          0.00    89.28%     20.25    20.25    20.05    20.05       24.20    24.50    23.10    23.40     +3.35   +16.71%
      32              40  8021      尖點                   67.00          0.00    89.14%    475.50   481.50   470.00   480.00      566.00   584.00   557.00   561.00    +81.00   +16.88%
      33             660  4722      國精化                  39.50          0.00    88.94%    184.00   194.50   184.00   190.00      223.00   227.00   216.50   220.00    +30.00   +15.79%
      34             100  3094      聯傑                    0.00          0.00    88.83%     53.00    59.70    52.70    59.70       69.40    71.80    68.50    69.20     +9.50   +15.91%
      35              95  6449      鈺邦                   31.50          0.00    88.80%    211.00   211.00   205.00   205.50      234.00   245.00   233.00   238.00    +32.50   +15.82%
      36              22  02001L    富邦蘋果正二N               0.00          0.00    88.65%    153.50   153.90   149.80   151.65      177.60   177.60   172.90   175.50    +23.85   +15.73%
      37              71  4958      臻鼎-KY                66.00          0.00    88.52%    479.00   499.50   472.50   498.50      588.00   604.00   572.00   574.00    +75.50   +15.15%
      38             129  4989      榮科                    0.00          0.00    88.32%     59.60    60.30    59.30    59.50       70.60    71.90    68.10    68.10     +8.60   +14.45%
      39              31  6743      安普新                   0.00          0.00    88.26%     30.60    32.35    30.60    31.10       35.75    36.25    35.60    35.65     +4.55   +14.63%
      40             345  6533      晶心科                  63.00         30.50    88.25%    272.50   303.50   268.00   303.50      336.00   348.00   326.00   345.00    +41.50   +13.67%
==========================================================================================================================================================================
✅ 共 40 筆


══════════════════════════════════════════════════════════════════════════════════════════════════════════════
  🔄 第  4/5 次  2026/09/24 ～ 2026/10/05
══════════════════════════════════════════════════════════════════════════════════════════════════════════════

==========================================================================================================================================================================
📊 ROI 每日報酬率累計排名 (2026/09/24 ~ 2026/10/05)
==========================================================================================================================================================================
    實資排名          累計天數排名  代號        名稱                 累計漲停(元)       累計跌停(元)       強度%  (09/24)開盤      最高      最低      收盤    (10/05)開盤      最高      最低      收盤      賺賠    賺賠率
--------------------------------------------------------------------------------------------------------------------------------------------------------------------------
       1               2  1709      和益                    0.00          0.00   100.00%     45.85    46.45    43.50    43.50       63.80    64.30    63.60    64.30    +20.80   +47.82%
       2               3  3701      大眾控                   0.00          0.00    99.94%     41.25    41.65    40.90    41.25       60.90    60.90    60.90    60.90    +19.65   +47.64%
       3               1  2340      台亞                    0.00          0.00    99.24%     34.35    35.80    34.15    34.55       46.70    50.30    46.50    50.30    +15.75   +45.59%
       4              31  3518      柏騰                    0.00          0.00    98.74%     32.85    35.65    32.50    34.00       48.45    48.75    46.80    48.75    +14.75   +43.38%
       5              11  2033      佳大                    0.00          0.00    97.17%     37.65    38.30    35.50    36.80       56.30    56.30    49.80    51.00    +14.20   +38.59%
       6               4  6225      天瀚                    0.00          0.00    96.75%     41.60    50.80    41.60    50.40       70.00    70.40    67.00    69.20    +18.80   +37.30%
       7              42  6957      裕慶-KY               110.00          0.00    95.58%    298.50   307.00   287.00   307.00      386.00   413.00   380.50   410.00   +103.00   +33.55%
       8              19  6672      騰輝電子-KY             115.50          0.00    95.57%    315.00   337.50   315.00   337.50      444.00   457.50   435.00   451.00   +113.50   +33.63%
       9              48  2466      冠西電                  37.50          0.00    94.44%    113.50   120.50   113.00   119.50      150.00   155.00   145.00   155.00    +35.50   +29.71%
      10              23  3311      閎暉                    0.00          0.00    94.43%     36.90    38.65    36.65    38.05       52.20    52.20    49.00    49.50    +11.45   +30.09%
      11               7  1459      聯發                    0.00          0.00    93.95%     15.80    15.95    15.80    15.95       20.55    20.55    20.00    20.55     +4.60   +28.84%
      12              46  3094      聯傑                    0.00          0.00    93.39%     53.60    57.80    53.50    54.30       70.40    73.50    68.70    69.00    +14.70   +27.07%
      13              16  6213      聯茂                  153.00          0.00    93.00%    595.00   595.00   592.00   595.00      690.00   751.00   682.00   751.00   +156.00   +26.22%
      14               8  3149      正達                    0.00          0.00    92.79%     62.80    64.20    62.50    63.30       78.80    80.00    77.80    79.50    +16.20   +25.59%
      15              17  2483      百容                    0.00          0.00    92.68%     32.40    33.25    32.30    32.55       38.00    40.70    37.40    40.70     +8.15   +25.04%
      16             296  8201      無敵                    0.00          0.00    92.21%     12.80    13.30    12.80    13.30       17.90    17.95    16.00    16.35     +3.05   +22.93%
      17             302  6533      晶心科                  90.50         30.50    91.82%    251.00   276.00   250.00   276.00      351.00   351.50   332.00   336.00    +60.00   +21.74%
      18             172  4722      國精化                  39.50          0.00    91.59%    190.00   191.50   182.50   184.00      239.00   244.00   218.00   224.00    +40.00   +21.74%
      19              58  2030      彰源                    0.00          0.00    91.48%     28.10    30.40    27.90    30.40       39.75    39.75    36.70    36.90     +6.50   +21.38%
      20              90  4927      泰鼎-KY                 0.00          0.00    91.33%     43.75    44.45    42.65    43.70       52.20    52.90    51.80    52.90     +9.20   +21.05%
      21              94  1617      榮星                    0.00          0.00    91.26%     20.10    20.90    19.85    19.95       24.65    24.80    22.40    24.10     +4.15   +20.80%
      22              13  4958      臻鼎-KY                89.00          0.00    91.23%    473.50   480.50   472.00   475.50      582.00   590.00   568.00   576.00   +100.50   +21.14%
      23             112  4720      德淵                    0.00          0.00    91.21%     19.15    19.25    19.00    19.05       21.70    23.00    20.15    23.00     +3.95   +20.73%
      24              51  6196      帆宣                  135.00         21.00    91.00%    547.00   566.00   541.00   565.00      628.00   679.00   622.00   679.00   +114.00   +20.18%
      25              26  4545      銘鈺                    0.00          0.00    90.96%     32.65    33.30    32.65    33.10       39.70    42.00    39.70    39.80     +6.70   +20.24%
      26             229  1735      日勝化                   0.00          0.00    90.95%     20.15    20.40    20.10    20.30       23.90    24.35    23.10    24.35     +4.05   +19.95%
      27               5  8046      南電                  255.00          0.00    90.94%   1210.00  1270.00  1190.00  1240.00     1460.00  1550.00  1445.00  1495.00   +255.00   +20.56%
      28              29  1303      南亞                   26.00          0.00    90.89%    225.50   238.50   223.00   238.00      270.00   286.00   266.50   286.00    +48.00   +20.17%
      29             350  6994      富威電力                  0.00          0.00    90.69%     27.15    27.15    26.80    26.80       32.60    33.25    31.00    31.95     +5.15   +19.22%
      30               9  2939      永邑-KY                 0.00          0.00    90.65%     19.80    19.80    19.60    19.60       22.90    23.90    22.90    23.45     +3.85   +19.64%
      31              60  6691      洋基工程                132.00         13.00    90.55%    639.00   668.00   636.00   667.00      752.00   794.00   747.00   794.00   +127.00   +19.04%
      32              33  2367      燿華                    0.00          0.00    90.50%     41.30    41.70    41.15    41.70       46.10    49.65    45.55    49.65     +7.95   +19.06%
      33             332  2492      華新科                  62.00          9.50    90.39%    305.00   315.50   302.00   311.50      377.50   396.00   365.00   368.50    +57.00   +18.30%
      34              28  2484      希華                    0.00          0.00    90.33%     73.20    75.00    71.10    72.80       87.50    94.80    85.70    86.40    +13.60   +18.68%
      35              80  3543      州巧                    0.00          0.00    90.20%     45.30    46.35    45.10    45.70       51.70    54.60    51.70    54.00     +8.30   +18.16%
      36              27  4989      榮科                    0.00          0.00    90.19%     60.40    60.40    58.90    59.40       65.50    70.20    63.50    70.20    +10.80   +18.18%
      37             274  6155      鈞寶                    0.00          0.00    90.17%     56.20    61.50    55.60    60.20       72.90    73.60    69.90    71.00    +10.80   +17.94%
      38             307  3673      TPK-KY                0.00          0.00    90.04%     64.60    65.90    64.20    65.60       80.80    81.00    76.60    76.80    +11.20   +17.07%
      39              53  2426      鼎元                   10.00          0.00    89.99%     97.80   101.00    96.50    96.90      108.00   114.00   108.00   114.00    +17.10   +17.65%
      40              62  8039      台虹                   42.00         12.00    89.99%    255.50   261.00   254.00   258.50      290.00   308.00   283.00   303.50    +45.00   +17.41%
==========================================================================================================================================================================
✅ 共 40 筆


══════════════════════════════════════════════════════════════════════════════════════════════════════════════
  🔄 第  5/5 次  2026/09/23 ～ 2026/10/02
══════════════════════════════════════════════════════════════════════════════════════════════════════════════

==========================================================================================================================================================================
📊 ROI 每日報酬率累計排名 (2026/09/23 ~ 2026/10/02)
==========================================================================================================================================================================
    實資排名          累計天數排名  代號        名稱                 累計漲停(元)       累計跌停(元)       強度%  (09/23)開盤      最高      最低      收盤    (10/02)開盤      最高      最低      收盤      賺賠    賺賠率
--------------------------------------------------------------------------------------------------------------------------------------------------------------------------
       1               1  6225      天瀚                    0.00          0.00   100.00%     46.20    46.20    46.20    46.20       73.50    73.50    64.90    68.30    +22.10   +47.84%
       2              12  6672      騰輝電子-KY             134.00          0.00    99.00%    302.00   310.00   298.00   307.00      413.00   439.00   404.00   439.00   +132.00   +43.00%
       3              35  8201      無敵                    0.00          0.00    98.71%     12.05    12.25    11.80    12.10       17.55    17.80    17.00    17.10     +5.00   +41.32%
       4              38  6533      晶心科                 115.50         14.50    98.49%    259.00   264.00   249.50   251.00      366.50   366.50   350.50   352.00   +101.00   +40.24%
       5               2  2030      彰源                    0.00          0.00    98.06%     27.60    29.95    26.35    27.65       38.15    39.20    37.95    38.40    +10.75   +38.88%
       6              26  2033      佳大                    0.00          0.00    97.74%     39.70    40.25    36.20    37.30       51.20    51.20    51.20    51.20    +13.90   +37.27%
       7              30  3518      柏騰                    0.00          0.00    97.62%     32.15    32.80    31.85    32.45       41.00    44.35    40.15    44.35    +11.90   +36.67%
       8               6  3311      閎暉                    0.00          0.00    97.25%     36.80    37.40    36.60    36.70       48.25    49.65    48.15    49.65    +12.95   +35.29%
       9              10  3701      大眾控                   0.00          0.00    97.06%     42.00    42.00    41.05    41.25       53.00    55.40    51.20    55.40    +14.15   +34.30%
      10               5  2340      台亞                    0.00          0.00    96.73%     34.25    37.30    34.25    34.35       45.00    47.20    43.70    45.75    +11.40   +33.19%
      11               9  3094      聯傑                    0.00          0.00    95.89%     53.00    57.80    51.60    54.30       69.20    73.00    67.90    70.30    +16.00   +29.47%
      12              43  6155      鈞寶                    0.00          0.00    95.77%     56.70    57.60    55.90    56.20       69.60    75.50    69.50    72.50    +16.30   +29.00%
      13              40  6957      裕慶-KY                88.50          0.00    95.47%    300.00   305.00   295.00   295.50      375.00   389.00   366.00   377.00    +81.50   +27.58%
      14              15  6213      聯茂                  139.00          0.00    95.08%    542.00   547.00   525.00   541.00      646.00   700.00   639.00   683.00   +142.00   +26.25%
      15              48  2020      美亞                    0.00          0.00    94.74%     21.50    21.70    21.45    21.60       26.00    27.80    25.10    26.90     +5.30   +24.54%
      16              53  3673      TPK-KY                0.00          0.00    94.73%     66.30    67.50    64.80    64.80       73.50    80.60    73.00    80.60    +15.80   +24.38%
      17              49  2466      冠西電                  23.50          0.00    94.72%    117.00   120.00   112.00   113.50      130.50   141.00   130.50   141.00    +27.50   +24.23%
      18             170  3016      嘉晶                   39.50          0.00    94.64%    145.00   145.50   141.50   145.50      169.50   182.00   169.50   180.50    +35.00   +24.05%
      19              56  1709      和益                    0.00          0.00    94.19%     47.50    50.50    45.50    48.30       55.50    58.50    54.70    58.50    +10.20   +21.12%
      20              16  3149      正達                    0.00          0.00    94.13%     65.20    65.80    63.10    63.20       74.80    79.70    74.00    77.30    +14.10   +22.31%
      21             167  4722      國精化                  39.50          0.00    94.06%    192.00   193.50   189.00   189.00      212.00   230.00   209.50   230.00    +41.00   +21.69%
      22              91  4195      基米-創                  0.00          0.00    93.97%     12.90    13.15    12.80    13.10       16.30    16.40    15.80    15.90     +2.80   +21.37%
      23              20  4919      新唐                   24.50          0.00    93.97%    135.00   144.00   132.50   134.00      151.00   167.00   145.50   163.00    +29.00   +21.64%
      24               3  8046      南電                  250.00          0.00    93.64%   1185.00  1225.00  1150.00  1210.00     1440.00  1480.00  1395.00  1460.00   +250.00   +20.66%
      25             233  1617      榮星                    0.00          0.00    93.55%     19.70    21.05    19.20    20.15       24.80    25.25    24.00    24.10     +3.95   +19.60%
      26              67  8150      南茂                   21.50          0.00    93.40%    110.00   116.00   105.00   107.00      116.00   127.00   114.50   127.00    +20.00   +18.69%
      27              21  6120      達運                    0.00          0.00    93.32%     13.00    13.30    12.65    12.80       14.60    15.40    14.50    15.25     +2.45   +19.14%
      28              18  4958      臻鼎-KY                74.00          0.00    93.19%    471.50   482.50   470.00   473.00      515.00   561.00   514.00   561.00    +88.00   +18.60%
      29             285  2492      華新科                  62.00          9.50    93.18%    314.50   322.50   304.00   306.00      335.00   361.50   329.00   361.50    +55.50   +18.14%
      30              27  2484      希華                    0.00          0.00    93.18%     70.70    75.00    68.60    72.90       85.20    89.00    84.20    86.50    +13.60   +18.66%
      31              58  6456      GIS-KY                0.00          0.00    93.15%     76.50    80.90    76.50    78.60       89.10    94.00    87.00    92.90    +14.30   +18.19%
      32             102  4545      銘鈺                    0.00          0.00    93.14%     33.65    33.65    33.35    33.40       39.50    39.85    39.00    39.50     +6.10   +18.26%
      33               8  1459      聯發                    0.00          0.00    93.12%     15.90    16.00    15.80    15.80       17.00    18.70    17.00    18.70     +2.90   +18.35%
      34             650  6994      富威電力                  0.00          0.00    92.99%     27.30    27.60    27.15    27.30       29.95    32.05    29.30    32.05     +4.75   +17.40%
      35              97  00715L    期街口布蘭特正2              0.00          0.00    92.84%     61.65    61.90    60.15    60.70       71.35    71.60    70.15    70.75    +10.05   +16.56%
      36             171  2409      友達                    0.00          0.00    92.70%     36.65    36.65    33.40    34.70       38.75    40.85    38.65    40.45     +5.75   +16.57%
      37               7  6743      安普新                   0.00          0.00    92.66%     30.00    30.45    29.90    30.35       33.70    36.45    33.50    35.45     +5.10   +16.80%
      38              13  3042      晶技                   12.00          0.00    92.55%    186.50   201.50   179.00   198.00      219.00   232.50   217.50   230.50    +32.50   +16.41%
      39             229  3031      佰鴻                    0.00          0.00    92.51%     27.95    29.30    27.35    28.30       31.40    33.50    30.25    32.80     +4.50   +15.90%
      40             318  6834      天二科技                 10.50          0.00    92.50%    113.00   116.50   110.50   113.50      118.00   131.00   118.00   131.00    +17.50   +15.42%
==========================================================================================================================================================================
✅ 共 40 筆
