
██████████████████████████████████████████████████████████████████████████████████████████████████████████████
  📅 天數組合: 3 日  →  輸出檔: s14_03.txt
██████████████████████████████████████████████████████████████████████████████████████████████████████████████

🔁 共執行 3 次，每次區間長度 4 個交易日

══════════════════════════════════════════════════════════════════════════════════════════════════════════════
  🔄 第  1/3 次  2026/10/05 ～ 2026/10/08
══════════════════════════════════════════════════════════════════════════════════════════════════════════════

==========================================================================================================================================================================
📊 ROI 每日報酬率累計排名 (2026/10/05 ~ 2026/10/08)
==========================================================================================================================================================================
    實資排名          累計天數排名  代號        名稱                 累計漲停(元)       累計跌停(元)       強度%  (10/05)開盤      最高      最低      收盤    (10/08)開盤      最高      最低      收盤      賺賠    賺賠率
--------------------------------------------------------------------------------------------------------------------------------------------------------------------------
       1               1  2466      冠西電                  43.50          0.00   100.00%    150.00   155.00   145.00   155.00      180.50   198.50   180.00   198.50    +43.50   +28.06%
       2               6  6672      騰輝電子-KY              95.50          0.00    98.16%    444.00   457.50   435.00   451.00      505.00   555.00   505.00   555.00   +104.00   +23.06%
       3               3  6152      百一                    0.00          0.00    97.59%     16.00    17.25    15.80    17.25       20.10    21.25    19.30    21.00     +3.75   +21.74%
       4               2  9103      美德醫療-DR               0.00          0.00    97.02%      4.95     4.95     4.89     4.89        5.75     5.88     5.50     5.88     +0.99   +20.25%
       5               4  6449      鈺邦                   44.00          0.00    96.69%    230.00   233.00   224.00   227.00      260.00   278.50   251.00   271.00    +44.00   +19.38%
       6               5  1325      恆大                    0.00          0.00    96.49%     26.15    26.15    25.70    25.70       29.25    30.55    28.55    30.55     +4.85   +18.87%
       7              36  1301      台塑                    0.00          0.00    96.48%     69.30    69.60    67.80    68.50       78.00    82.40    76.60    81.30    +12.80   +18.69%
       8               9  9110      越南控-DR                0.00          0.00    95.74%      2.99     2.99     2.80     2.95        3.12     3.60     3.05     3.45     +0.50   +16.95%
       9              13  9919      康那香                   0.00          0.00    95.31%     13.85    14.00    13.85    13.90       15.00    16.10    14.80    16.10     +2.20   +15.83%
      10             150  7740      熙特爾-創                10.50          0.00    95.30%    102.50   104.50   101.00   102.50      107.00   118.50   104.00   118.50    +16.00   +15.61%
      11              11  4934      太極                    0.00          0.00    95.19%     15.10    15.25    14.80    14.80       15.60    17.10    15.60    17.10     +2.30   +15.54%
      12             140  2492      華新科                  59.50          0.00    94.63%    377.50   396.00   365.00   368.50      431.00   431.50   400.00   420.00    +51.50   +13.98%
      13              25  2424      隴華                    0.00          0.00    94.52%      8.28     8.88     8.27     8.60        9.68     9.79     9.41     9.79     +1.19   +13.84%
      14              16  8213      志超                    0.00          0.00    94.30%     34.50    34.75    33.85    33.85       37.75    39.40    37.60    38.35     +4.50   +13.29%
      15              93  6278      台表科                  30.50          0.00    94.06%    218.50   222.00   211.50   220.00      247.50   256.00   240.50   248.00    +28.00   +12.73%
      16              28  6504      南六                    0.00          0.00    94.00%     37.55    37.55    36.95    37.05       38.45    41.70    38.45    41.70     +4.65   +12.55%
      17             187  4720      德淵                    0.00          0.00    93.78%     21.70    23.00    20.15    23.00       23.65    25.55    23.25    25.55     +2.55   +11.09%
      18              38  2305      全友                    0.00          0.00    93.76%     59.80    60.70    56.60    57.80       62.30    64.70    62.20    64.70     +6.90   +11.94%
      19               7  6505      台塑化                   0.00          0.00    93.71%    100.50   101.00    97.70    98.60      107.00   114.00   105.50   110.50    +11.90   +12.07%
      20               8  1538      正峰                    0.00          0.00    93.66%      8.13     8.13     8.13     8.13        9.10     9.10     9.10     9.10     +0.97   +11.93%
      21              23  4133      亞諾法                   0.00          0.00    93.54%     20.40    20.40    20.25    20.30       22.50    23.50    21.90    22.65     +2.35   +11.58%
      22              10  1476      儒鴻                   24.50          0.00    93.39%    281.00   281.00   277.00   278.50      297.00   313.00   296.00   310.00    +31.50   +11.31%
      23              86  4178      永笙-KY                 0.00          0.00    93.37%     18.35    18.35    17.60    17.65       18.35    19.85    17.90    19.60     +1.95   +11.05%
      24             192  6456      GIS-KY                0.00          0.00    93.16%     92.90    93.60    87.10    90.60      101.50   104.50    99.40   100.00     +9.40   +10.38%
      25              17  6197      佳必琪                  30.50          0.00    93.11%    346.00   353.50   342.00   345.00      371.00   387.00   368.00   381.50    +36.50   +10.58%
      26             142  4807      日成-KY                 0.00          0.00    93.00%     30.05    31.75    30.05    31.10       31.60    34.75    31.60    34.25     +3.15   +10.13%
      27              46  3661      世芯-KY               395.00          0.00    92.88%   3875.00  4000.00  3870.00  3950.00     4165.00  4480.00  4155.00  4345.00   +395.00   +10.00%
      28             194  2241      艾姆勒                   0.00          0.00    92.88%     43.55    46.50    43.10    46.05       53.40    57.20    50.40    50.50     +4.45    +9.66%
      29              14  6965      中傑-KY                 0.00          0.00    92.87%     61.60    61.70    59.70    59.80       63.40    65.90    63.40    65.80     +6.00   +10.03%
      30             151  5243      乙盛-KY                 0.00          0.00    92.83%     95.40    97.10    94.70    95.70       96.80   106.00    96.10   105.00     +9.30    +9.72%
      31             338  3447      展達                    0.00          0.00    92.83%     28.00    28.05    27.20    27.60       28.10    30.25    27.60    30.25     +2.65    +9.60%
      32             206  6957      裕慶-KY                40.00          0.00    92.69%    386.00   413.00   380.50   410.00      444.00   450.00   430.50   448.00    +38.00    +9.27%
      33             111  1718      中纖                    0.00          0.00    92.69%     10.90    11.60    10.75    11.15       11.30    12.40    11.20    12.20     +1.05    +9.42%
      34             480  1615      大山                    0.00          0.00    92.58%     42.50    42.80    42.25    42.25       43.00    46.05    42.70    46.05     +3.80    +8.99%
      35              62  5244      弘凱                    0.00          0.00    92.55%     38.25    38.25    37.30    37.45       41.25    42.65    40.85    40.85     +3.40    +9.08%
      36             226  6257      矽格                   26.00          0.00    92.55%    270.00   275.00   253.50   260.00      275.50   291.50   274.00   283.00    +23.00    +8.85%
      37              22  1434      福懋                    0.00          0.00    92.44%     18.20    18.25    17.85    17.85       18.95    19.60    18.90    19.45     +1.60    +8.96%
      38              90  5234      達興材料                 29.50          0.00    92.40%    319.50   319.50   307.00   307.00      330.00   336.00   323.00   334.00    +27.00    +8.79%
      39              81  2243      宏旭-KY                 0.00          0.00    92.39%     53.00    56.80    52.30    54.50       60.10    61.10    57.70    59.30     +4.80    +8.81%
      40             605  3532      台勝科                  46.00          0.00    92.34%    487.00   492.50   468.50   469.50      515.00   518.00   474.00   509.00    +39.50    +8.41%
==========================================================================================================================================================================
✅ 共 40 筆


══════════════════════════════════════════════════════════════════════════════════════════════════════════════
  🔄 第  2/3 次  2026/10/02 ～ 2026/10/07
══════════════════════════════════════════════════════════════════════════════════════════════════════════════

==========================================================================================================================================================================
📊 ROI 每日報酬率累計排名 (2026/10/02 ~ 2026/10/07)
==========================================================================================================================================================================
    實資排名          累計天數排名  代號        名稱                 累計漲停(元)       累計跌停(元)       強度%  (10/02)開盤      最高      最低      收盤    (10/07)開盤      最高      最低      收盤      賺賠    賺賠率
--------------------------------------------------------------------------------------------------------------------------------------------------------------------------
       1               1  2466      冠西電                  39.50          0.00   100.00%    130.50   141.00   130.50   141.00      165.00   183.50   164.50   180.50    +39.50   +28.01%
       2               2  6152      百一                    0.00          0.00    99.30%     15.35    15.75    15.35    15.70       19.70    20.10    18.90    19.80     +4.10   +26.11%
       3               3  1303      南亞                   47.00          0.00    97.26%    253.00   261.00   251.50   260.00      293.00   322.00   293.00   314.00    +54.00   +20.77%
       4               4  2241      艾姆勒                   0.00          0.00    96.50%     44.05    45.70    43.40    43.75       47.60    52.00    47.40    52.00     +8.25   +18.86%
       5               8  2492      華新科                  59.50          0.00    96.34%    335.00   361.50   329.00   361.50      389.00   428.00   388.00   428.00    +66.50   +18.40%
       6             121  6957      裕慶-KY                73.00          0.00    96.19%    375.00   389.00   366.00   377.00      405.00   444.00   404.50   444.00    +67.00   +17.77%
       7               5  1714      和桐                    0.00          0.00    95.63%     16.20    17.45    16.20    16.85       19.30    20.35    18.50    19.65     +2.80   +16.62%
       8              13  6213      聯茂                  104.00          0.00    95.62%    646.00   700.00   639.00   683.00      787.00   813.00   780.00   796.00   +113.00   +16.54%
       9              12  6449      鈺邦                   34.50          0.00    95.59%    227.00   233.00   223.50   224.50      238.00   261.50   237.00   261.50    +37.00   +16.48%
      10             168  4989      榮科                    0.00          0.00    95.26%     61.00    66.80    60.80    63.90       68.40    74.70    67.00    73.70     +9.80   +15.34%
      11              10  6278      台表科                  30.50          0.00    95.13%    217.00   218.50   213.00   217.00      229.50   250.50   227.00   250.50    +33.50   +15.44%
      12               9  6672      騰輝電子-KY              57.50          0.00    95.01%    413.00   439.00   404.00   439.00      505.00   505.00   497.50   505.00    +66.00   +15.03%
      13              90  2383      台光電                 810.00         45.00    94.93%   5040.00  5190.00  4975.00  5185.00     6015.00  6325.00  5950.00  5950.00   +765.00   +14.75%
      14              14  6944      兆聯實業                109.00          0.00    94.46%    805.00   810.00   785.00   799.00      835.00   908.00   835.00   908.00   +109.00   +13.64%
      15              31  9929      秋雨                    0.00          0.00    94.43%     11.10    11.10    11.05    11.05       11.55    12.55    11.55    12.55     +1.50   +13.57%
      16              85  9110      越南控-DR                0.00          0.00    94.40%      2.99     2.99     2.98     2.98        3.56     3.56     3.12     3.38     +0.40   +13.42%
      17              48  3518      柏騰                    0.00          0.00    94.38%     41.00    44.35    40.15    44.35       51.40    52.00    47.60    50.30     +5.95   +13.42%
      18             112  4927      泰鼎-KY                 0.00          0.00    94.31%     44.50    48.15    44.40    48.15       55.80    57.00    51.00    54.50     +6.35   +13.19%
      19             106  3406      玉晶光                 134.00         10.00    94.18%    941.00   974.00   929.00   961.00     1045.00  1120.00  1035.00  1085.00   +124.00   +12.90%
      20               6  2243      宏旭-KY                 0.00          0.00    94.13%     52.70    54.50    52.00    52.80       57.30    62.00    57.30    59.70     +6.90   +13.07%
      21             131  2368      金像電                 155.00         15.00    94.10%   1100.00  1120.00  1085.00  1105.00     1265.00  1310.00  1240.00  1245.00   +140.00   +12.67%
      22              38  6988      威力暘-創                 0.00          0.00    93.88%     11.60    11.75    11.30    11.45       12.90    12.90    12.40    12.85     +1.40   +12.23%
      23             186  6442      光聖                  245.00         55.00    93.76%   1520.00  1625.00  1520.00  1625.00     1715.00  1815.00  1715.00  1815.00   +190.00   +11.69%
      24             187  4720      德淵                    0.00          0.00    93.75%     19.05    20.95    19.05    20.95       25.30    25.30    23.15    23.25     +2.30   +10.98%
      25               7  1538      正峰                    0.00          0.00    93.71%      7.98     8.46     7.81     7.90        8.63     8.86     8.63     8.85     +0.95   +12.03%
      26              83  6658      聯策                   18.00          0.00    93.51%    181.00   185.00   181.00   182.00      203.00   208.50   201.50   202.50    +20.50   +11.26%
      27              11  2413      環科                    0.00          0.00    93.34%     52.30    52.90    51.60    52.30       57.10    59.00    56.90    58.10     +5.80   +11.09%
      28              78  1802      台玻                    0.00          0.00    93.17%     58.80    59.80    58.50    59.50       60.10    65.70    59.80    65.70     +6.20   +10.42%
      29              75  1301      台塑                    0.00          0.00    93.16%     67.00    69.60    66.80    68.30       69.00    75.40    68.90    75.40     +7.10   +10.40%
      30             158  6541      泰福-KY                 0.00          0.00    93.16%     30.25    30.25    29.60    29.60       32.85    33.90    32.30    32.70     +3.10   +10.47%
      31             197  3701      大眾控                   0.00          0.00    93.15%     53.00    55.40    51.20    55.40       64.00    64.90    59.10    61.10     +5.70   +10.29%
      32             145  8213      志超                    0.00          0.00    93.04%     33.80    34.30    33.80    34.25       34.30    37.70    34.30    37.70     +3.45   +10.07%
      33             225  6456      GIS-KY                0.00          0.00    92.95%     89.10    94.00    87.00    92.90      101.00   108.00    96.30   102.00     +9.10    +9.80%
      34              40  3661      世芯-KY               380.00          0.00    92.89%   3765.00  3855.00  3765.00  3810.00     4200.00  4295.00  4135.00  4190.00   +380.00    +9.97%
      35             301  6117      迎廣                    0.00          0.00    92.73%     62.60    62.80    62.00    62.20       69.20    72.00    67.70    68.00     +5.80    +9.32%
      36              16  2360      致茂                  210.00          0.00    92.72%   2145.00  2225.00  2135.00  2190.00     2480.00  2560.00  2385.00  2400.00   +210.00    +9.59%
      37             138  3543      州巧                    0.00          0.00    92.61%     51.30    52.60    50.90    51.00       53.20    55.70    52.60    55.70     +4.70    +9.22%
      38              18  6197      佳必琪                  20.00          0.00    92.59%    336.00   340.00   330.50   339.50      366.00   371.00   363.00   371.00    +31.50    +9.28%
      39             250  2313      華通                   22.50          0.00    92.55%    225.00   228.00   224.00   226.00      254.50   261.00   246.00   246.00    +20.00    +8.85%
      40              27  8996      高力                  130.00          0.00    92.45%   1595.00  1635.00  1490.00  1510.00     1660.00  1660.00  1605.00  1645.00   +135.00    +8.94%
==========================================================================================================================================================================
✅ 共 40 筆


══════════════════════════════════════════════════════════════════════════════════════════════════════════════
  🔄 第  3/3 次  2026/10/01 ～ 2026/10/06
══════════════════════════════════════════════════════════════════════════════════════════════════════════════

==========================================================================================================================================================================
📊 ROI 每日報酬率累計排名 (2026/10/01 ~ 2026/10/06)
==========================================================================================================================================================================
    實資排名          累計天數排名  代號        名稱                 累計漲停(元)       累計跌停(元)       強度%  (10/01)開盤      最高      最低      收盤    (10/06)開盤      最高      最低      收盤      賺賠    賺賠率
--------------------------------------------------------------------------------------------------------------------------------------------------------------------------
       1               1  4720      德淵                    0.00          0.00   100.00%     19.35    19.35    19.00    19.05       25.00    25.30    24.80    25.30     +6.25   +32.81%
       2               2  2466      冠西電                  42.00          0.00    99.96%    128.00   136.00   127.00   128.50      160.00   170.50   157.50   170.50    +42.00   +32.68%
       3               4  7788      松川精密                 75.00          0.00    97.45%    299.00   300.00   285.00   290.50      339.50   365.50   335.00   365.50    +75.00   +25.82%
       4               5  3518      柏騰                    0.00          0.00    97.06%     42.15    45.15    40.15    40.35       49.90    52.00    45.65    50.30     +9.95   +24.66%
       5              10  6152      百一                    0.00          0.00    96.34%     15.35    15.45    15.05    15.45       18.95    18.95    18.90    18.95     +3.50   +22.65%
       6               3  6213      聯茂                  145.00          0.00    96.25%    623.00   643.00   611.00   642.00      797.00   818.00   762.00   787.00   +145.00   +22.59%
       7               6  2383      台光電                1020.00          0.00    95.46%   4950.00  4975.00  4855.00  4975.00     6040.00  6115.00  5820.00  5995.00  +1020.00   +20.50%
       8               8  1711      永光                    0.00          0.00    95.22%     41.10    41.10    39.85    40.55       45.00    48.60    44.05    48.60     +8.05   +19.85%
       9             136  4927      泰鼎-KY                 0.00          0.00    95.17%     44.50    44.60    43.60    43.80       52.70    54.60    50.30    52.30     +8.50   +19.41%
      10             153  1709      和益                    0.00          0.00    95.02%     51.80    53.20    51.60    53.20       66.20    66.30    58.20    63.30    +10.10   +18.98%
      11              11  2492      華新科                  53.50          0.00    94.67%    302.50   329.00   302.50   329.00      370.00   395.00   362.50   389.50    +60.50   +18.39%
      12             190  3701      大眾控                   0.00          0.00    94.54%     46.25    50.40    43.90    50.40       60.80    65.40    58.40    59.30     +8.90   +17.66%
      13               7  1714      和桐                    0.00          0.00    94.23%     16.60    16.60    16.20    16.20       18.50    19.20    17.10    19.00     +2.80   +17.28%
      14             212  1735      日勝化                   0.00          0.00    93.99%     20.40    20.55    20.15    20.15       24.20    24.50    23.10    23.40     +3.25   +16.13%
      15               9  1303      南亞                   26.00          0.00    93.49%    256.00   261.50   250.50   254.00      288.00   300.00   274.50   293.00    +39.00   +15.35%
      16              20  2368      金像電                 165.00          0.00    93.39%   1120.00  1125.00  1085.00  1095.00     1220.00  1295.00  1200.00  1260.00   +165.00   +15.07%
      17             204  6456      GIS-KY                0.00          0.00    92.77%     91.90    92.00    86.10    87.90       97.60    99.60    96.20    99.60    +11.70   +13.31%
      18              76  2033      佳大                    0.00          0.00    92.76%     45.10    46.55    44.00    46.55       51.60    53.50    48.80    52.80     +6.25   +13.43%
      19              12  6672      騰輝電子-KY              45.50          0.00    92.65%    376.50   405.50   369.50   405.50      456.00   459.50   435.00   459.50    +54.00   +13.32%
      20              13  2360      致茂                  270.00          0.00    92.50%   2125.00  2150.00  2025.00  2080.00     2330.00  2370.00  2275.00  2350.00   +270.00   +12.98%
      21             109  4958      臻鼎-KY                66.00          0.00    92.41%    512.00   522.00   498.50   510.00      588.00   604.00   572.00   574.00    +64.00   +12.55%
      22              46  2415      錩新                    0.00          0.00    92.37%     27.45    27.45    27.05    27.25       28.15    30.65    28.05    30.65     +3.40   +12.48%
      23              38  2313      華通                   22.50          0.00    92.28%    227.00   228.00   223.00   224.50      254.00   256.00   245.00   252.00    +27.50   +12.25%
      24              41  6658      聯策                   18.00          0.00    92.25%    181.00   183.00   178.50   181.00      208.00   212.50   195.00   203.00    +22.00   +12.15%
      25              32  3031      佰鴻                    0.00          0.00    92.18%     30.60    31.50    30.10    30.50       33.40    34.60    31.05    34.20     +3.70   +12.13%
      26             144  6531      愛普*                 122.00         10.00    92.15%    931.00   937.00   914.00   933.00     1080.00  1085.00  1020.00  1045.00   +112.00   +12.00%
      27             232  1459      聯發                    0.00          0.00    92.11%     16.75    17.00    16.70    17.00       22.60    22.60    18.50    18.85     +1.85   +10.88%
      28             119  4755      三福化                  12.00          0.00    92.10%    118.00   119.00   116.00   119.00      123.00   133.00   121.50   133.00    +14.00   +11.76%
      29              29  3016      嘉晶                   12.50          0.00    92.09%    169.00   169.00   162.50   168.00      186.00   189.50   181.50   188.00    +20.00   +11.90%
      30             240  6442      光聖                  225.00         55.00    92.05%   1500.00  1515.00  1465.00  1480.00     1705.00  1710.00  1640.00  1650.00   +170.00   +11.49%
      31             233  4989      榮科                    0.00          0.00    92.03%     61.00    61.50    60.40    61.10       70.60    71.90    68.10    68.10     +7.00   +11.46%
      32              78  8021      尖點                   50.00          0.00    92.00%    487.00   503.00   487.00   503.00      566.00   584.00   557.00   561.00    +58.00   +11.53%
      33              66  6257      矽格                   26.00          0.00    91.99%    251.00   259.00   249.00   256.50      269.50   286.00   267.50   286.00    +29.50   +11.50%
      34              22  3661      世芯-KY               415.00          0.00    91.70%   3770.00  3820.00  3735.00  3765.00     4000.00  4240.00  3850.00  4180.00   +415.00   +11.02%
      35             205  2059      川湖                 1520.00        255.00    91.69%  12270.00 12270.00 11760.00 11835.00    13500.00 13500.00 12845.00 13100.00  +1265.00   +10.69%
      36             220  8150      南茂                   11.50          0.00    91.58%    113.00   116.00   109.50   115.50      124.00   130.50   123.00   127.50    +12.00   +10.39%
      37              16  6197      佳必琪                  29.50          0.00    91.53%    327.00   331.50   324.00   330.00      351.00   371.00   351.00   365.00    +35.00   +10.61%
      38             142  6117      迎廣                    0.00          0.00    91.51%     62.60    62.60    61.60    62.30       62.80    68.70    62.40    68.70     +6.40   +10.27%
      39              23  3008      大立光                 650.00          0.00    91.50%   5950.00  6225.00  5740.00  6205.00     6800.00  6915.00  6705.00  6855.00   +650.00   +10.48%
      40             237  6196      帆宣                   77.00         16.00    91.47%    588.00   602.00   579.00   602.00      684.00   684.00   649.00   663.00    +61.00   +10.13%
==========================================================================================================================================================================
✅ 共 40 筆
